Sigma_1,Sigma_2,Sigma_12,Epsilon_1,Epsilon_2,Epsilon_12,dSigma_1,dSigma_2,dSigma_12,dEpsilon_1,dEpsilon_2,dEpsilon_12
-0.000000000000000000e+00,-0.000000000000000000e+00,-0.000000000000000000e+00,0.000000000000000000e+00,0.000000000000000000e+00,0.000000000000000000e+00,8.514017280744228700e+00,6.923622860242542032e+00,1.554474258422851562e+01,1.333241062473146973e-04,6.666447875155136660e-05,2.000000094994902611e-04
8.514017280744228700e+00,6.923622860242542032e+00,1.554474258422851562e+01,1.333241062473146973e-04,6.666447875155136660e-05,2.000000094994902611e-04,4.254150154549567020e+00,3.459155884415570981e+00,7.767005920410156250e+00,6.665539379159600257e-05,3.333057289245535239e-05,9.999999310821293700e-05
1.276816743529379572e+01,1.038277874465811301e+01,2.331174850463867188e+01,1.999795000389106999e-04,9.999505164400671899e-05,3.000000026077031981e-04,4.252585725775526626e+00,3.457500218691073712e+00,7.764257049560548296e+00,6.665093950772614040e-05,3.332946200261451561e-05,1.000000163912773241e-04
1.702075316106932235e+01,1.384027896334918672e+01,3.107600555419922017e+01,2.666304395466368403e-04,1.333245136466212346e-04,4.000000189989805222e-04,4.251020108225073812e+00,3.455843601301230805e+00,7.761506652832032671e+00,6.664652073144885841e-05,3.332835118637794171e-05,9.999996982514860414e-05
2.127177326929439616e+01,1.729612256465041753e+01,3.883751220703125284e+01,3.332769602780856987e-04,1.666528648329991763e-04,4.999999888241291263e-04,4.249455589943092804e+00,3.454187558328403185e+00,7.758757019042967329e+00,6.664205599510791356e-05,3.332724044440422929e-05,1.000000163912772699e-04
2.552122885923748896e+01,2.075031012297882071e+01,4.659626922607422017e+01,3.999190162731936123e-04,1.999801052774034056e-04,6.000000052154063962e-04,4.247890646033017248e+00,3.452534378945056659e+00,7.756007385253901987e+00,6.663761512720566124e-05,3.332611813782512377e-05,1.000000163912773783e-04
2.976911950527050621e+01,2.420284450192387737e+01,5.435227661132812216e+01,4.665566314003992735e-04,2.333062234152285294e-04,7.000000216066837744e-04,4.246329856176803474e+00,3.450877959541603701e+00,7.753262329101559658e+00,6.663317485134360616e-05,3.332503082141061970e-05,1.000000163912772699e-04
3.401544936144730968e+01,2.765372246146548108e+01,6.210553894042968182e+01,5.331898062517428797e-04,2.666312542366391491e-04,8.000000379979610443e-04,4.244761009020237452e+00,3.449224403005718642e+00,7.750515747070323869e+00,6.662878170556475309e-05,3.332389702479112261e-05,9.999992325901983000e-05
3.826021037046754714e+01,3.110294686447119972e+01,6.985605468750000568e+01,5.998185879573076328e-04,2.999551512614302717e-04,8.999999612569808743e-04,4.243200893242210725e+00,3.447573712318956041e+00,7.747772216796875000e+00,6.662429607150047780e-05,3.332280985485512386e-05,1.000000163912773783e-04
4.250341126370975786e+01,3.455052057679015576e+01,7.760382690429688068e+01,6.664428840288081106e-04,3.332779611162853955e-04,9.999999776482582526e-04,4.241634246252218077e+00,3.445916726362142413e+00,7.745028686523426131e+00,6.661985757060564020e-05,3.332167620780199409e-05,1.000000163912772699e-04
4.674504550996197594e+01,3.799643730315229817e+01,8.534885559082030682e+01,7.330627415994137508e-04,3.665996373240873896e-04,1.099999994039535522e-03,4.240073281636369984e+00,3.444268712430648804e+00,7.742285156250005684e+00,6.661541966061226231e-05,3.332058918431525431e-05,1.000000163912772699e-04
5.098511879159834592e+01,4.144070601558294697e+01,9.309114074707031250e+01,7.996781612600260131e-04,3.999202265084026440e-04,1.200000010430812792e-03,4.238511892216969557e+00,3.442614402806640328e+00,7.739541625976556816e+00,6.661098234228991083e-05,3.331945568657665880e-05,1.000000163912772699e-04
5.522363068381531548e+01,4.488332041838958730e+01,1.008306823730468693e+02,8.662891436023159239e-04,4.332396821949793028e-04,1.300000026822090062e-03,4.236892040477840737e+00,3.440935480317783401e+00,7.736737060546886369e+00,6.660654561463244614e-05,3.331834553766088421e-05,1.000000163912774867e-04
5.946052272429315622e+01,4.832425589870737070e+01,1.085674194335937557e+02,9.328956892169483700e-04,4.665580277326401870e-04,1.400000043213367549e-03,4.232342189967980062e+00,3.437940404231895286e+00,7.730407714843750000e+00,6.660210947818793244e-05,3.331728200531015567e-05,9.999992325901972158e-05
6.369286491426113628e+01,5.176219630293926599e+01,1.162978271484375057e+02,9.994977986951363025e-04,4.998753097379503426e-04,1.499999966472387270e-03,4.228726151714170101e+00,3.435177058513517068e+00,7.724957275390607947e+00,6.659767393283775802e-05,3.331612545952788908e-05,1.000001095235348181e-04
6.792159106597530638e+01,5.519737336145278306e+01,1.240227844238281136e+02,1.066095472627974061e-03,5.331914351974782317e-04,1.600000075995922089e-03,4.224724327938844226e+00,3.432242420692070084e+00,7.719311523437511369e+00,6.659333200475917904e-05,3.331501553251257474e-05,1.000000163912772699e-04
7.214631539391415060e+01,5.862961578214485314e+01,1.317420959472656250e+02,1.132688804632733240e-03,5.665064507299908065e-04,1.700000092387199358e-03,4.219401637867434829e+00,3.429038750888075526e+00,7.712524414062500000e+00,6.658880460742389387e-05,3.331390567922734493e-05,9.999983012676239014e-05
7.636571703178158543e+01,6.205865453303292867e+01,1.394546203613281250e+02,1.199277609240157133e-03,5.998203564092181514e-04,1.799999922513961749e-03,4.215715592703432435e+00,3.426097358504883061e+00,7.706726074218750000e+00,6.658437083376296008e-05,3.331284243627598025e-05,1.000000163912772699e-04
8.058143262448501787e+01,6.548475189153781173e+01,1.471613464355468750e+02,1.265861980073920093e-03,6.331331988454941316e-04,1.899999938905239018e-03,4.211166955991799909e+00,3.422850264181633406e+00,7.700244140624988631e+00,6.657993765072441235e-05,3.331168619293304808e-05,1.000000163912774867e-04
8.479259958047681778e+01,6.890760215571944514e+01,1.548615905761718636e+02,1.332441917724644506e-03,6.664448850384271797e-04,1.999999955296516505e-03,4.204930370069931200e+00,3.418924860978620472e+00,7.693157958984386369e+00,6.657550505752523988e-05,3.331057656145975342e-05,1.000000163912770530e-04
8.899752995054674898e+01,7.232652701669806561e+01,1.625547485351562500e+02,1.399017422782169746e-03,6.997554615998869331e-04,2.099999971687793558e-03,4.199034724905658322e+00,3.413881280284897457e+00,7.682922363281250000e+00,6.657107305493435885e-05,3.330946700368694457e-05,1.000000163912774867e-04
9.319656467545240730e+01,7.574040829698296307e+01,1.702376708984375000e+02,1.465588495837104105e-03,7.330649286035738777e-04,2.199999988079071045e-03,4.191169445149412809e+00,3.406571036199466107e+00,7.667999267578125000e+00,6.656664164194736437e-05,3.330840405068387529e-05,1.000000163912774867e-04
9.738773412060182011e+01,7.914697933318242917e+01,1.779056701660156250e+02,1.532155137479051469e-03,7.663733326542577530e-04,2.300000004470348532e-03,4.187740725438388267e+00,3.402521916499594568e+00,7.661102294921875000e+00,6.656221081911134485e-05,3.330724810899493571e-05,1.000000163912770530e-04
1.015754748460402084e+02,8.254950124968202374e+01,1.855667724609375000e+02,1.598717348298162814e-03,7.996805807632526887e-04,2.400000020861625585e-03,4.183235200720957891e+00,3.398374635447652281e+00,7.654046630859397737e+00,6.655778058630812226e-05,3.330613877294526584e-05,1.000000163912774867e-04
1.057587100467611663e+02,8.594787588512967602e+01,1.932208190917968977e+02,1.665275128884470936e-03,8.329867195361979545e-04,2.500000037252903071e-03,4.174687248452173094e+00,3.391319126041551613e+00,7.640399169921863631e+00,6.655335094275576999e-05,3.330502951123229163e-05,1.000000163912770530e-04
1.099333972952133394e+02,8.933919501117122763e+01,2.008612182617187614e+02,1.731828479827226706e-03,8.662917490474302462e-04,2.600000053644180124e-03,4.166510463178724422e+00,3.384861571957856086e+00,7.629168701171863631e+00,6.654892188922212001e-05,3.330392032296122101e-05,1.000000163912774867e-04
1.140999077583920638e+02,9.272405658312908372e+01,2.084903869628906250e+02,1.798377401716448826e-03,8.995956693703914672e-04,2.700000070035457611e-03,4.160618910646405766e+00,3.380034509818145239e+00,7.621197509765636369e+00,6.654449342470385165e-05,3.330281120901188406e-05,1.000000163912774867e-04
1.182605266690384695e+02,9.610409109294722896e+01,2.161115844726562614e+02,1.864921895141152678e-03,9.328984805794033512e-04,2.800000086426735098e-03,4.153331779511049149e+00,3.373600166590364324e+00,7.610498046874994316e+00,6.654006554974783647e-05,3.330170216871142490e-05,9.999983012676239014e-05
1.224138584485495187e+02,9.947769125953759328e+01,2.237220825195312557e+02,1.931461960690900514e-03,9.662001827481147762e-04,2.899999916553497488e-03,4.144306218212818749e+00,3.365992120772276053e+00,7.597277832031238631e+00,6.653563826423633011e-05,3.330068624140397615e-05,1.000000163912770530e-04
1.265581646667623374e+02,1.028436833803098693e+02,2.313193603515624943e+02,1.997997598955136844e-03,9.995008689895187523e-04,2.999999932944774541e-03,4.135021867858426958e+00,3.356678633154601243e+00,7.581958007812517053e+00,6.653121156738718914e-05,3.329948430637373960e-05,1.000000163912774867e-04
1.306931865346207644e+02,1.062003620134644706e+02,2.389013183593750114e+02,2.064528810522524033e-03,1.032800353295892492e-03,3.099999949336052028e-03,4.125870118420010613e+00,3.348323476122729403e+00,7.568615722656261369e+00,6.652678545996824552e-05,3.329837548786342312e-05,1.000002026557921496e-04
1.348190566530407750e+02,1.095486854895872000e+02,2.464699340820312727e+02,2.131055595982492279e-03,1.066098728783755915e-03,3.200000151991844177e-03,4.114587762495858669e+00,3.339466423338450340e+00,7.553479003906204525e+00,6.652254579665511577e-05,3.329726674275077479e-05,9.999983012676239014e-05
1.389336444155366337e+02,1.128881519129256503e+02,2.540234130859374773e+02,2.197578141779147395e-03,1.099395995526506690e-03,3.299999982118606567e-03,4.101749187898292348e+00,3.329410818714222842e+00,7.535388183593795475e+00,6.651793499859795511e-05,3.329615807191573310e-05,1.000002026557921496e-04
1.430353936034349260e+02,1.162175627316398732e+02,2.615588012695312727e+02,2.264096076777745350e-03,1.132692153598422423e-03,3.400000184774398717e-03,4.085384139363156919e+00,3.317276571103590754e+00,7.514416503906204525e+00,6.651351065743976027e-05,3.329504947468522533e-05,9.999983012676239014e-05
1.471207777427980830e+02,1.195348393027434639e+02,2.690732177734374773e+02,2.330609587435185110e-03,1.165987203073107648e-03,3.500000014901161107e-03,4.064255785200970195e+00,3.301596802250472251e+00,7.487121582031250000e+00,6.650908690435542586e-05,3.329394095105209575e-05,9.999983012676239014e-05
1.511850335279990531e+02,1.228364361049939362e+02,2.765603393554687273e+02,2.397118674339540536e-03,1.199281144024159744e-03,3.599999845027923497e-03,4.040981607495552907e+00,3.283409917510297760e+00,7.455700683593761369e+00,6.650466373989399188e-05,3.329283250167445508e-05,1.000002026557921496e-04
1.552260151354946061e+02,1.261198460225042339e+02,2.840160400390624886e+02,2.463623338079434528e-03,1.232573976525834199e-03,3.700000047683715647e-03,4.017347778112167589e+00,3.266052335983417265e+00,7.425158691406238631e+00,6.650024116393662976e-05,3.329181714022957581e-05,9.999983012676239014e-05
1.592433629136067736e+02,1.293858983584876512e+02,2.914411987304687273e+02,2.530123579243371158e-03,1.265865793666063775e-03,3.799999877810478037e-03,3.996169119623971255e+00,3.250269729468868718e+00,7.396362304687500000e+00,6.649581917570141290e-05,3.329061582056321890e-05,1.000002026557925833e-04
1.632395320332307449e+02,1.326361680879565199e+02,2.988375610351562273e+02,2.596619398419072570e-03,1.299156409486626994e-03,3.900000080466270620e-03,3.962660869757542059e+00,3.225146930007781521e+00,7.345471191406318212e+00,6.649139777595855852e-05,3.328950759257640925e-05,9.999983012676239014e-05
1.672021929029882870e+02,1.358613150179643014e+02,3.061830322265625455e+02,2.663110796195031129e-03,1.332445917079203403e-03,3.999999910593033010e-03,3.888275144600754629e+00,3.176283147050213529e+00,7.236730957031227263e+00,6.648697696370322804e-05,3.328839943815054860e-05,1.000002026557917159e-04
1.710904680475890416e+02,1.390375981650145150e+02,3.134197631835937727e+02,2.729597773158734357e-03,1.365734316517353952e-03,4.100000113248824726e-03,3.851565166290839670e+00,3.150725861910643744e+00,7.180688476562465894e+00,6.648255673948272673e-05,3.328729135727804753e-05,9.999983012676239014e-05
1.749420332138798813e+02,1.421883240269251587e+02,3.206004516601562386e+02,2.796080329898217084e-03,1.399021607874631999e-03,4.199999943375587116e-03,3.803523890880882163e+00,3.118894820662802658e+00,7.107055664062556843e+00,6.647813710318082811e-05,3.328618335061593256e-05,1.000002026557925833e-04
1.787455571047607634e+02,1.453072188475879614e+02,3.277075073242187955e+02,2.862558467001397912e-03,1.432307791225247932e-03,4.300000146031379700e-03,3.749877955706580224e+00,3.081400435090756673e+00,7.019494628906215894e+00,6.647371805401560557e-05,3.328507541727125478e-05,9.999983012676239014e-05
1.824954350604673436e+02,1.483886192826787180e+02,3.347270019531250114e+02,2.929032185055413517e-03,1.465592866642519186e-03,4.399999976158142090e-03,3.730760565223704361e+00,3.067876180150392429e+00,6.982885742187477263e+00,6.646929959275467426e-05,3.328396755812221795e-05,1.000002026557925833e-04
1.862261956256910480e+02,1.514564954628291105e+02,3.417098876953124886e+02,2.995501484648168192e-03,1.498876834200641404e-03,4.500000178813934673e-03,3.705835386709651402e+00,3.051184099812786599e+00,6.932409667968784106e+00,6.646488171839623135e-05,3.328295276208204957e-05,9.999983012676239014e-05
1.899320310124006994e+02,1.545076795626418971e+02,3.486422973632812727e+02,3.061966366366564423e-03,1.532159786962723454e-03,4.600000008940697063e-03,3.660761690440097027e+00,3.026812278287195568e+00,6.827502441406181788e+00,6.646065011424234434e-05,3.328175205751546066e-05,9.999983012676239014e-05
1.935927927028407964e+02,1.575344918409290926e+02,3.554697998046874545e+02,3.128427016480806767e-03,1.565441539020238915e-03,4.699999839067459453e-03,3.565518802283492050e+00,2.976444345336034303e+00,6.551318359375045475e+00,6.645586204915556947e-05,3.328064441913795857e-05,1.000002026557917159e-04
1.971583115051242885e+02,1.605109361862651269e+02,3.620211181640625000e+02,3.194882878529962337e-03,1.598722183439376873e-03,4.800000041723251169e-03,8.989206573448313975e-01,7.436040061894857445e-01,1.664807128906204525e+00,1.661327547548179309e-05,8.319941553596062189e-06,2.500005066394857950e-05
1.980572321624691199e+02,1.612545401924546127e+02,3.636859252929687045e+02,3.211496154005444130e-03,1.607042124992972935e-03,4.825000092387199749e-03,2.694268721626826846e+00,2.202150734111086194e+00,5.068994140625022737e+00,5.056037997513453119e-05,2.532110298998960750e-05,7.608644664287497750e-05
2.007515008840959467e+02,1.634566909265656989e+02,3.687549194335937273e+02,3.262056533980578661e-03,1.632363227982962543e-03,4.901086539030074726e-03,3.725285892445100444e+00,3.069259630976461040e+00,6.773535156249977263e+00,6.753523617384271302e-05,3.382344989288194569e-05,1.016374677419665945e-04
2.044767867765410472e+02,1.665259505575421599e+02,3.755284545898437045e+02,3.329591770154421374e-03,1.666186677875844489e-03,5.002724006772041321e-03,3.869216834240603475e+00,3.280143305112829921e+00,7.018383789062568212e+00,7.505026168161703023e-05,3.758830634363868189e-05,1.129552721977232152e-04
2.083460036107816507e+02,1.698060938626549898e+02,3.825468383789062727e+02,3.404642031836038404e-03,1.703774984219483171e-03,5.115679278969764536e-03,3.614924441041779346e+00,2.999784072889951858e+00,6.616723632812465894e+00,6.993048314929677794e-05,3.502556063009394129e-05,1.052577048540120561e-04
2.119609280518234300e+02,1.728058779355449417e+02,3.891635620117187386e+02,3.474572514985335182e-03,1.738800544849577112e-03,5.220936983823776592e-03,3.175611939174416420e+00,2.657676426329828701e+00,5.864562988281250000e+00,6.228121713846733118e-05,3.119537930603550301e-05,9.374991059303214302e-05
2.151365399909978464e+02,1.754635543618747704e+02,3.950281249999999886e+02,3.536853732123802514e-03,1.769995924155612615e-03,5.314686894416808735e-03,2.978239602675273545e+00,2.602605175735902776e+00,5.329113769531261369e+00,6.504047787806842978e-05,3.257827714894735889e-05,9.790994226932525635e-05
2.181147795936731200e+02,1.780661595376106732e+02,4.003572387695312500e+02,3.601894210001870943e-03,1.802574201304559974e-03,5.412596836686133991e-03,3.734510620314381413e+00,3.156415683171161390e+00,6.902526855468750000e+00,7.583228031635353208e-05,3.798532957880319631e-05,1.141633838415145874e-04
2.218492902139875014e+02,1.812225752207818346e+02,4.072597656250000000e+02,3.677726490318224475e-03,1.840559530883363170e-03,5.526760220527648579e-03,3.216152949301175568e+00,2.736214001505430815e+00,5.980590820312500000e+00,6.641974025175818169e-05,3.327148972698387372e-05,1.000002026557925833e-04
2.250654431632886769e+02,1.839587892222872654e+02,4.132403564453125000e+02,3.744146230569982657e-03,1.873831020610347044e-03,5.626760423183441162e-03,3.173102225862862724e+00,2.713194730417598066e+00,5.887268066406250000e+00,6.641495785080419809e-05,3.327038277178536244e-05,9.999983012676239014e-05
2.282385453891515397e+02,1.866719839527048634e+02,4.191276245117187500e+02,3.810561188420786855e-03,1.907101403382132406e-03,5.726760253310203552e-03,3.048648955449635878e+00,2.665711662834866047e+00,5.745227050781238631e+00,6.641091828451855736e-05,3.326927589002029798e-05,1.000002026557925833e-04
2.312871943446011755e+02,1.893376956155397295e+02,4.248728515624999886e+02,3.876972106705305413e-03,1.940370679272152704e-03,5.826760455965996136e-03,2.986133247543222069e+00,2.621856488922816197e+00,5.607714843749988631e+00,6.640613710434152550e-05,3.326816908234614054e-05,9.999983012676239014e-05
2.342733275921443976e+02,1.919595521044625457e+02,4.304805664062499773e+02,3.943378243809646938e-03,1.973638848354498845e-03,5.926760286092758526e-03,2.627043633987739213e+00,2.330110412150588672e+00,4.929321289062500000e+00,5.972301661768750214e-05,2.992101741026292894e-05,8.994154632091522217e-05
2.369003712261321368e+02,1.942896625166131344e+02,4.354098876953124773e+02,4.003101260427334440e-03,2.003559865764761774e-03,6.016701832413673748e-03,2.389981673313712918e+00,2.095362669734697647e+00,4.248828125000045475e+00,5.588607865928893470e-05,2.799917301000987013e-05,8.416771888732858115e-05
2.392903528994458497e+02,1.963850251863478320e+02,4.396587158203125227e+02,4.058987339086623375e-03,2.031559038774771644e-03,6.100869551301002329e-03,2.983967500852031662e+00,2.625417872883559767e+00,5.562402343749965894e+00,6.842153932524845661e-05,3.428115684989780851e-05,1.030538231134416408e-04
2.422743204002978814e+02,1.990104430592313918e+02,4.452211181640624886e+02,4.127408878411871831e-03,2.065840195624669452e-03,6.203923374414443970e-03,2.853939958164431800e+00,2.494240321623379941e+00,5.183666992187511369e+00,6.669741424420068399e-05,3.341808475387222574e-05,1.004628837108613795e-04
2.451282603584623132e+02,2.015046833808547717e+02,4.504047851562500000e+02,4.194106292656072515e-03,2.099258280378541678e-03,6.304386258125305349e-03,2.719539791312513444e+00,2.331116568133467126e+00,4.612792968750000000e+00,6.451032243845900710e-05,3.232350776636054232e-05,9.717568755149806614e-05
2.478478001497748267e+02,2.038357999489882388e+02,4.550175781250000000e+02,4.258616615094531523e-03,2.131581788144902220e-03,6.401561945676803415e-03,2.736638522001015872e+00,2.372917712880223462e+00,4.896630859375022737e+00,6.588747376342143913e-05,3.301442657607702585e-05,9.925663471221923828e-05
2.505844386717758425e+02,2.062087176618684623e+02,4.599142089843750227e+02,4.324504088857952962e-03,2.164596214720979246e-03,6.500818580389022654e-03,2.628119301375420491e+00,2.333135294627197709e+00,4.738964843749954525e+00,6.616464372553865214e-05,3.315458692677289085e-05,9.968057274818437757e-05
2.532125579731512630e+02,2.085418529564956600e+02,4.646531738281249773e+02,4.390668732583491614e-03,2.197750801647752137e-03,6.600499153137207031e-03,2.624510023595945540e+00,2.420057573438441523e+00,5.188500976562522737e+00,6.757217658432453783e-05,3.386083045428577368e-05,1.018077135086061305e-04
2.558370679967472086e+02,2.109619105299341015e+02,4.698416748046875000e+02,4.458240909167816152e-03,2.231611632102037911e-03,6.702306866645813162e-03,2.392398077928504563e+00,2.305084802323250415e+00,4.830200195312500000e+00,6.749714999067062127e-05,3.382455960651955043e-05,1.017026603221888106e-04
2.582294660746757131e+02,2.132669953322573519e+02,4.746718750000000000e+02,4.525738059158486773e-03,2.265436191708557461e-03,6.804009526968001972e-03,2.214643308926497411e+00,2.223256137877541505e+00,4.820605468749988631e+00,6.423973994577458074e-05,3.219306852681857317e-05,9.679943323135428018e-05
2.604441093836022105e+02,2.154902514701348935e+02,4.794924804687499886e+02,4.589977799104261354e-03,2.297629260235376034e-03,6.900808960199356253e-03,2.167150047197367257e+00,2.267944063425630929e+00,4.924633789062511369e+00,6.789650755150648115e-05,3.402674050937120470e-05,1.023173332214350265e-04
2.626112594307995778e+02,2.177581955335605244e+02,4.844171142578125000e+02,4.657874306655767835e-03,2.331656000744747239e-03,7.003126293420791279e-03,2.070312107416043546e+00,2.200685241912992751e+00,4.780517578125000000e+00,6.773617338322844572e-05,3.394790813041623570e-05,1.020826399326327932e-04
2.646815715382156213e+02,2.199588807754735171e+02,4.891976318359375000e+02,4.725610480038996281e-03,2.365603908875163475e-03,7.105208933353424072e-03,2.058662644914193152e+00,2.222659138022748948e+00,4.829589843750000000e+00,7.120659713052979178e-05,3.568805560435518720e-05,1.073196530342098581e-04
2.667402341831298145e+02,2.221815399134962661e+02,4.940272216796875000e+02,4.796817077169526072e-03,2.401291964479518662e-03,7.212528586387633930e-03,1.689702647235208133e+00,1.909495574401745444e+00,4.201074218750022737e+00,6.086913777058819419e-05,3.050821199508451861e-05,9.174570441246050062e-05
2.684299368303650226e+02,2.240910354878980115e+02,4.982282958984375227e+02,4.857686214940114267e-03,2.431800176474603181e-03,7.304274290800094431e-03,1.517244959287666006e+00,1.917113020004052260e+00,4.249780273437465894e+00,6.572679699664088493e-05,3.294375813370740980e-05,9.907335042953508558e-05
2.699471817896526886e+02,2.260081485079020638e+02,5.024780761718749886e+02,4.923413011936755151e-03,2.464743934608310590e-03,7.403347641229629517e-03,9.102118393226987791e-01,1.747491470049595819e+00,3.900683593749988631e+00,6.668549061308697012e-05,3.342538081130231806e-05,1.005254685878757132e-04
2.708573936289753874e+02,2.277556399779516596e+02,5.063787597656249773e+02,4.990098502549842122e-03,2.498169315419612908e-03,7.503873109817505230e-03,5.921159971757106177e-02,1.426581302213662639e+00,3.274511718750034106e+00,6.668104395473467561e-05,3.342444938595140816e-05,1.005262136459343647e-04
2.709166052286929585e+02,2.291822212801653222e+02,5.096532714843750114e+02,5.056779546504576797e-03,2.531593764805564317e-03,7.604399323463439594e-03,1.881474515062677710e-01,1.440456533171328601e+00,3.316992187500034106e+00,6.667659788957801259e-05,3.342314644229653006e-05,1.005254685878757132e-04
2.711047526801992262e+02,2.306226778133366508e+02,5.129702636718750455e+02,5.123456144394154810e-03,2.565016911247860847e-03,7.704924792051315308e-03,-1.119002744791430359e+00,8.070541234010022436e-01,2.022436523437477263e+00,6.461494656390988356e-05,3.239094347955726386e-05,9.742304682731645765e-05
2.699857499354077959e+02,2.314297319367376531e+02,5.149927001953125227e+02,5.188071090958064693e-03,2.597407854727418110e-03,7.802347838878631765e-03,-1.839990418195441180e+01,-8.262122706380608861e+00,-1.642487792968756821e+01,6.592743231910013629e-05,3.304995383615226198e-05,9.940937161445530940e-05
2.515858457534533841e+02,2.231676092303570442e+02,4.985678222656249545e+02,5.253998523277164830e-03,2.630457808563570372e-03,7.901757210493087075e-03,-8.301571933164098027e+00,-3.289381975963578952e+00,-6.412499999999965894e+00,6.592345673185184135e-05,3.304886157280261666e-05,9.940937161445617676e-05
2.432842738202892860e+02,2.198782272543934653e+02,4.921553222656249886e+02,5.319921980009016671e-03,2.663506670136372989e-03,8.001166582107543251e-03,-1.206742181337696707e+01,-5.605259599662105074e+00,-1.025629882812501137e+01,6.591874058805170106e-05,3.304776938164695824e-05,9.940937161445617676e-05
2.312168520069123190e+02,2.142729676547313602e+02,4.818990234374999773e+02,5.385840720597068372e-03,2.696554439518019947e-03,8.100575953721999428e-03,-7.993212360339981615e+00,-3.639659143754471415e+00,-5.865942382812477263e+00,6.769614590992466957e-05,3.393979546398393637e-05,1.020960509777076031e-04
2.232236396465723374e+02,2.106333085109768888e+02,4.760330810546875000e+02,5.453536866506993042e-03,2.730494234982003884e-03,8.202672004699707031e-03,-7.636384654122849724e+00,-3.676104025442782586e+00,-5.554565429687500000e+00,6.591030422026591951e-05,3.304555570277567175e-05,9.940937161445617676e-05
2.155872549924494876e+02,2.069572044855341062e+02,4.704785156250000000e+02,5.519447170727258961e-03,2.763539790684779555e-03,8.302081376314163208e-03,-8.093878009771742654e+00,-3.890930987131270058e+00,-5.817138671875000000e+00,6.679616120119132722e-05,3.349099301943030821e-05,1.007527112960818899e-04
2.074933769826777450e+02,2.030662734984028361e+02,4.646613769531250000e+02,5.586243331928450288e-03,2.797030783704209864e-03,8.402834087610245098e-03,-8.433736041737205369e+00,-4.104722864155291973e+00,-5.855590820312500000e+00,6.679207020096437908e-05,3.348987141038074766e-05,1.007527112960818899e-04
1.990596409409405396e+02,1.989615506342475442e+02,4.588057861328125000e+02,5.653035402129414667e-03,2.830520655114590611e-03,8.503586798906326988e-03,-7.431543178861602428e+00,-3.676359876790314729e+00,-5.057812500000011369e+00,6.411587944673419193e-05,3.214925113116575556e-05,9.672269225120475045e-05
1.916280977620789372e+02,1.952851907574572294e+02,4.537479736328124886e+02,5.717151281576148859e-03,2.862669906245756367e-03,8.600309491157531738e-03,-7.356484657855475007e+00,-3.776213774473291096e+00,-5.079003906249965894e+00,6.678332745221893241e-05,3.348785899944493882e-05,1.007527112960818899e-04
1.842716131042234622e+02,1.915089769829839383e+02,4.486689697265625227e+02,5.783934609028367792e-03,2.896157765245201306e-03,8.701062202453613628e-03,-7.989218338431726352e+00,-4.072988886551797805e+00,-5.497558593750000000e+00,6.677849738152569908e-05,3.348655188062854213e-05,1.007527112960818899e-04
1.762823947657917358e+02,1.874359880964321405e+02,4.431714111328125227e+02,5.850713106409893491e-03,2.929644317125829848e-03,8.801814913749695518e-03,-6.819320926593093191e+00,-3.294444981135171702e+00,-4.326831054687545475e+00,6.543899379187877868e-05,3.281574780304545580e-05,9.873807430267264595e-05
1.694630738391986426e+02,1.841415431152969688e+02,4.388445800781249773e+02,5.916152100201772270e-03,2.962460064928875304e-03,8.900552988052368164e-03,-7.811856881308528955e+00,-3.794597626698077875e+00,-4.870019531249965894e+00,6.810536496951180574e-05,3.415399209848006545e-05,1.027673482894893991e-04
1.616512169578901137e+02,1.803469454885988910e+02,4.339745605468750114e+02,5.984257465171284075e-03,2.996614057027355369e-03,9.003320336341857563e-03,-6.512861077004686194e+00,-3.195461167221282039e+00,-3.809399414062511369e+00,6.409464704994465717e-05,3.214391188191556559e-05,9.672269225120648517e-05
1.551383558808854275e+02,1.771514843213776089e+02,4.301651611328125000e+02,6.048352112221228732e-03,3.028757968909270935e-03,9.100043028593064048e-03,-5.784500674204082316e+00,-2.766872542011583391e+00,-3.107128906250011369e+00,6.653831786447138991e-05,3.337050922404792563e-05,1.004166901111599314e-04
1.493538552066813452e+02,1.743846117793660255e+02,4.270580322265624886e+02,6.114890430085700122e-03,3.062128478133318860e-03,9.200459718704223980e-03,-6.548642816647259224e+00,-3.192654293810534227e+00,-3.691894531250000000e+00,6.851315646130926723e-05,3.436190194761393202e-05,1.034043729305263865e-04
1.428052123900340860e+02,1.711919574855554913e+02,4.233661376953124886e+02,6.183403586547009390e-03,3.096490380080932792e-03,9.303864091634750366e-03,-5.659902609060964096e+00,-2.682153092566977648e+00,-2.959863281249965894e+00,6.394120513153120355e-05,3.207032794251378494e-05,9.651035070419242134e-05
1.371453097809731219e+02,1.685098043929885137e+02,4.204062744140625227e+02,6.247344791678540593e-03,3.128560708023446577e-03,9.400374442338942788e-03,-6.330422155788085092e+00,-3.024360004690038295e+00,-3.577343750000068212e+00,6.850408250669119681e-05,3.435961932488160869e-05,1.034036278724677349e-04
1.308148876251850368e+02,1.654854443882984754e+02,4.168289306640624545e+02,6.315848874185231790e-03,3.162920327348328186e-03,9.503778070211410522e-03,-5.944630966012056206e+00,-2.709211515212501808e+00,-3.159277343749977263e+00,6.393310741174135226e-05,3.206801194684250067e-05,9.651035070419242134e-05
1.248702566591729806e+02,1.627762328730859736e+02,4.136696533203124773e+02,6.379781981596973142e-03,3.194988339295170687e-03,9.600288420915602944e-03,-6.434323353561637759e+00,-2.888405962653138204e+00,-3.383117675781250000e+00,6.849501092992885121e-05,3.435733701177227234e-05,1.034036278724677349e-04
1.184359333056113428e+02,1.598878269104328353e+02,4.102865356445312273e+02,6.448276992526901993e-03,3.229345676306942959e-03,9.703692048788070679e-03,-5.055763860144139699e+00,-2.163996400972166612e+00,-2.299951171874965894e+00,6.392464170179319033e-05,3.206588192285501557e-05,9.651035070419242134e-05
1.133801694454672031e+02,1.577238305094606687e+02,4.079865844726562614e+02,6.512201634228695184e-03,3.261411558229797975e-03,9.800202399492263100e-03,-4.784450985594361327e+00,-2.000961274879557550e+00,-1.998767089843738631e+00,6.866728367382630288e-05,3.444639560493860733e-05,1.036785542964935303e-04
1.085957184598728418e+02,1.557228692345811112e+02,4.059878173828125227e+02,6.580868917902521487e-03,3.295857953834736582e-03,9.903880953788756630e-03,-4.360143130116370003e+00,-1.779127140729229950e+00,-1.737841796875045475e+00,6.589081478124581698e-05,3.305435406589446803e-05,9.949207305908272514e-05
1.042355753297564718e+02,1.539437420938518812e+02,4.042499755859374773e+02,6.646759732683767304e-03,3.328912307900631050e-03,1.000337302684783936e-02,-3.947388205842386810e+00,-1.483930192939482140e+00,-1.398327636718704525e+00,6.588647346782421782e-05,3.305326151146429497e-05,9.949207305908272514e-05
1.002881871239140850e+02,1.524598119009123991e+02,4.028516479492187727e+02,6.712646206151591521e-03,3.361965569412095345e-03,1.010286509990692208e-02,-4.459903410176963234e+00,-1.767907508046761222e+00,-1.806469726562511369e+00,6.546993886058938977e-05,3.284574487229892023e-05,9.886994957923785077e-05
9.582828371373712173e+01,1.506919043928656379e+02,4.010451782226562614e+02,6.778116145012180911e-03,3.394811314284394265e-03,1.020173504948615993e-02,-5.040978978212663719e+00,-1.946992925059305435e+00,-2.096362304687488631e+00,7.318579891077252320e-05,3.671758357259250621e-05,1.105293631553649902e-04
9.078730473552445801e+01,1.487449114678063324e+02,3.989488159179687727e+02,6.851301943922953434e-03,3.431528897856986771e-03,1.031226441264152492e-02,-3.473809481444362746e+00,-1.249769909644584232e+00,-1.219946289062477263e+00,5.835980102791935714e-05,2.928028570141133144e-05,8.814409375190734863e-05
8.731349525408009526e+01,1.474951415581617482e+02,3.977288696289062955e+02,6.909661744950872792e-03,3.460809183558398103e-03,1.040040850639343227e-02,-3.830379968633991439e+00,-1.372158057577678392e+00,-1.265893554687522737e+00,6.669189970309047366e-05,3.346170963178674712e-05,1.007355749607086182e-04
8.348311528544610383e+01,1.461229835005840698e+02,3.964629760742187727e+02,6.976353644653963265e-03,3.494270893190184850e-03,1.050114408135414089e-02,-4.776648229662043832e+00,-1.630994184523245849e+00,-1.717272949218795475e+00,7.502381085073422939e-05,3.764345622548096945e-05,1.133278012275702740e-04
7.870646705578405999e+01,1.444919893160608240e+02,3.947457031249999773e+02,7.051377455504697495e-03,3.531914349415665819e-03,1.061447188258171116e-02,-4.154648874859859120e+00,-1.415120502934627211e+00,-1.639697265624931788e+00,5.938973542704822223e-05,2.980037392184354053e-05,8.971765637397731419e-05
7.455181818092420087e+01,1.430768688131261968e+02,3.931060058593750455e+02,7.110767190931745717e-03,3.561714723337509360e-03,1.070418953895568848e-02,-4.670612648523999155e+00,-1.570249658382465441e+00,-1.938256835937522737e+00,6.719999862030319460e-05,3.372002380307029604e-05,1.015231013298031199e-04
6.988120553240020172e+01,1.415066191547437313e+02,3.911677490234375227e+02,7.177967189552048911e-03,3.595434747140579656e-03,1.080571264028549160e-02,-4.159179858136312191e+00,-1.172191857794985026e+00,-1.477038574218795475e+00,7.266391868036500834e-05,3.646338436940873076e-05,1.097857952117916452e-04
6.572202567426388953e+01,1.403344272969487463e+02,3.896907104492187273e+02,7.250631108232413920e-03,3.631898131509988387e-03,1.091549843549728324e-02,-3.227717311440642334e+00,-7.930152878867033905e-01,-1.014440917968727263e+00,6.328462948093985241e-05,3.175715670471332061e-05,9.562000632286175861e-05
6.249430836282324719e+01,1.395414120090620429e+02,3.886762695312500000e+02,7.313915737713353772e-03,3.663655288214701707e-03,1.101111844182014500e-02,-2.772568552545138232e+00,-5.579089376075785367e-01,-6.389038085937386313e-01,6.327988520802348832e-05,3.175651937474847572e-05,9.562075138092041016e-05
5.972173981027810896e+01,1.389835030714544644e+02,3.880373657226562614e+02,7.377195622921377260e-03,3.695411807589450183e-03,1.110673919320106541e-02,-2.493000697237086172e+00,-4.142950603164763379e-01,-4.226928710937158939e-01,6.327588111774973267e-05,3.175513978724694639e-05,9.562000632286002388e-05
5.722873911304102279e+01,1.385692080111379880e+02,3.876146728515625455e+02,7.440471504039126993e-03,3.727166947376697129e-03,1.120235919952392543e-02,-3.088382496482743989e+00,-5.069488213780459773e-01,-6.321777343750341061e-01,7.908940628596240752e-05,3.969297065003736871e-05,1.195251941680918611e-04
5.414035661655827880e+01,1.380622591897599420e+02,3.869824951171875114e+02,7.519560910325089401e-03,3.766859918026734498e-03,1.132188439369201730e-02,-2.287076824296782718e+00,-3.173681771466760893e-01,-4.250122070312158939e-01,6.326761318462340022e-05,3.175287105936126786e-05,9.562075138092041016e-05
5.185327979226149608e+01,1.377448910126132660e+02,3.865574829101562955e+02,7.582828523509712801e-03,3.798612789086095766e-03,1.141750514507293771e-02,-2.305857745954490667e+00,-2.923661394430325799e-01,-4.247802734375909495e-01,6.326287126401722305e-05,3.175223395147962549e-05,9.562000632286002388e-05
4.954742204630700542e+01,1.374525248731702334e+02,3.861327026367187045e+02,7.646091394773730024e-03,3.830365023037575391e-03,1.151312515139579773e-02,-2.551457253237757072e+00,-3.841326833340019675e-01,-6.117431640624317879e-01,6.325886932630978704e-05,3.175122577913020230e-05,9.562000632286002388e-05
4.699596479306924834e+01,1.370683921898362314e+02,3.855209594726562727e+02,7.709350264100039811e-03,3.862116248816705594e-03,1.160874515771865775e-02,-2.429548019056824160e+00,-3.536188002842948208e-01,-5.780883789062727374e-01,6.325560718430708190e-05,3.174984658944023097e-05,9.562000632286175861e-05
4.456641677401242418e+01,1.367147733895519366e+02,3.849428710937500000e+02,7.772605871284346893e-03,3.893866095406145825e-03,1.170436516404151951e-02,-2.583484610835775186e+00,-1.932177911789381142e-01,-3.385620117187500000e-01,7.906314337587962149e-05,3.968635454840770821e-05,1.195259392261505127e-04
4.198293216317664900e+01,1.365215555983729985e+02,3.846043090820312500e+02,7.851669014660226514e-03,3.933552449954553533e-03,1.182389110326767002e-02,-2.280499231244803582e+00,-1.205475199149361742e-01,-2.234619140624545253e-01,7.115141092656207533e-05,3.571600145952508187e-05,1.075722277164448820e-04
3.970243293193184542e+01,1.364010080784580623e+02,3.843808471679687955e+02,7.922820425586788590e-03,3.969268451414078615e-03,1.193146333098411491e-02,-1.788840149848567762e+00,-1.941085373858300045e-01,-3.931640625000341061e-01,4.743195435595592979e-05,2.381020633738639009e-05,7.171556353569030762e-05
3.791359278208327765e+01,1.362068995410722323e+02,3.839876831054687614e+02,7.970252379942744519e-03,3.993078657751465005e-03,1.200317889451980521e-02,-2.569909293385748583e+00,-3.557159201596107323e-01,-6.619628906250341061e-01,6.521470965023187794e-05,3.273782978352804407e-05,9.860843420028686523e-05
3.534368348869752907e+01,1.358511836209126216e+02,3.833257202148437273e+02,8.035467089592976397e-03,4.025816487534993049e-03,1.210178732872009208e-02,-2.424246161324319360e+00,-2.477185557517316283e-01,-5.369140624999886313e-01,6.669224503484671995e-05,3.348102422684288981e-05,1.008495688438418997e-04
3.291943732737320971e+01,1.356034650651608899e+02,3.827888061523437386e+02,8.102159334627823117e-03,4.059297511761835939e-03,1.220263689756393398e-02,-2.696111821393586183e+00,-1.755536832621942267e-01,-5.634521484374772626e-01,8.002511891125156651e-05,4.017545263230743596e-05,1.210190355777750887e-04
3.022332550597962353e+01,1.354279113818986957e+02,3.822253540039062614e+02,8.182184453539074684e-03,4.099472964394143375e-03,1.232365593314170907e-02,-1.828277660157027640e+00,-7.757916795006281063e-02,-3.133911132812841061e-01,6.001500629684332344e-05,3.013071577506222509e-05,9.076446294784511204e-05
2.839504784582259589e+01,1.353503322139486329e+02,3.819119628906249773e+02,8.242199459835918007e-03,4.129603680169205600e-03,1.241442039608955418e-02,-2.021768747553426948e+00,6.417800641216331314e-02,-6.118164062496589395e-02,8.001391341632205223e-05,4.017262820597052725e-05,1.210190355777733540e-04
2.637327909826916894e+01,1.354145102203607962e+02,3.818507812500000114e+02,8.322213373252240060e-03,4.169776308375176127e-03,1.253543943166732753e-02,-1.478147216547537113e+00,8.011881205067084011e-02,-2.832031250022737368e-03,6.000586446195006751e-05,3.012859759135566584e-05,9.076446294784511204e-05
2.489513188172163183e+01,1.354946290324114671e+02,3.818479492187499886e+02,8.382219237714190127e-03,4.199904905966531793e-03,1.262620389461517265e-02,-1.475779578439318840e+00,8.796901099609044650e-02,-1.441650390626136868e-02,6.000300276877597316e-05,3.012768988631085720e-05,9.076446294784684676e-05
2.341935230328231299e+01,1.355825980434075575e+02,3.818335327148437273e+02,8.442222240482966100e-03,4.230032595852842650e-03,1.271696835756301949e-02,-1.429617286155572486e+00,1.454939789521745297e-01,3.171386718747726263e-02,5.999866387401166234e-05,3.012678223595841032e-05,9.076446294784511204e-05
2.198973501712674050e+01,1.357280920223597320e+02,3.818652465820312045e+02,8.502220904356977763e-03,4.260159378088801060e-03,1.280773282051086460e-02,-1.476538754191981440e+00,1.182933865675295237e-01,-1.613769531240905053e-02,6.369301937158428073e-05,3.198239857610078729e-05,9.635835886001586914e-05
2.051319626293475906e+01,1.358463854089272616e+02,3.818491088867187955e+02,8.565913923728562043e-03,4.292141776664901848e-03,1.290409117937088047e-02,-1.754446548336776601e+00,-4.751310458379975898e-02,-2.576782226562954747e-01,6.587242807570316272e-05,3.307781952018550020e-05,9.966343641281023846e-05
1.875874971459798246e+01,1.357988723043434618e+02,3.815914306640625000e+02,8.631786351804265206e-03,4.325219596185087348e-03,1.300375461578369071e-02,-1.733391656716225526e+00,7.858705251271658199e-02,-1.283325195312272626e-01,7.511834671924608187e-05,3.772197857597209963e-05,1.136586070060729980e-04
1.702535805788175693e+01,1.358774593568561784e+02,3.814630981445312727e+02,8.706904698523511288e-03,4.362941574761059448e-03,1.311741322278976371e-02,-2.130950715773932913e+00,-2.620154773404124171e-01,-6.505737304687500000e-01,6.933432260439360839e-05,3.481905352046513885e-05,1.049146056175242342e-04
1.489440734210782402e+01,1.356154438795157660e+02,3.808125244140625227e+02,8.776239021127904896e-03,4.397760628281524586e-03,1.322232782840728794e-02,-2.925633470043834450e+00,-8.831852008232488060e-01,-1.644885253906295475e+00,5.199758737881553239e-05,2.611321638442895554e-05,7.868707180023158665e-05
1.196877387206398957e+01,1.347322586786925172e+02,3.791676391601562273e+02,8.828236608506720429e-03,4.423873844665953542e-03,1.330101490020751953e-02,-3.354493958921981545e+00,-8.480773304120532430e-01,-1.688647460937431788e+00,6.932664939895104295e-05,3.481693201806690396e-05,1.049146056175224995e-04
8.614279913142008027e+00,1.338841813482804639e+02,3.774789916992187955e+02,8.897563257905671472e-03,4.458690776684020446e-03,1.340592950582504203e-02,-2.031310798779284887e+00,-2.070177219655420231e-01,-5.704223632812954747e-01,6.932110514055490891e-05,3.481534898282408197e-05,1.049160957336432720e-04
6.582969114362723140e+00,1.336771636263149219e+02,3.769085693359375000e+02,8.966884363046226381e-03,4.493506125666844528e-03,1.351084560155868530e-02,-1.245396590176985008e+00,2.508966353147172867e-01,9.962158203126136868e-02,6.823386973423863078e-05,3.427047666044059221e-05,1.032754778861992573e-04
5.337572524185738132e+00,1.339280602616296392e+02,3.770081909179687614e+02,9.035118232780465011e-03,4.527776602327285120e-03,1.361412107944488456e-02,-7.964569980436593255e-01,4.125178656495336327e-01,3.446289062499658939e-01,5.848204670783931081e-05,2.937391845993404804e-05,8.852183818817277450e-05
4.541115526142078807e+00,1.343405781272791728e+02,3.773528198242187273e+02,9.093600279488304322e-03,4.557150520787219168e-03,1.370264291763305733e-02,-9.014798620285890962e-01,4.540078958955859889e-01,3.173950195312613687e-01,6.578821465770892662e-05,3.304420977663646841e-05,9.958744049072196236e-05
3.639635664113489710e+00,1.347945860231747588e+02,3.776702148437499886e+02,9.159388494146013249e-03,4.590194730563855637e-03,1.380223035812377930e-02,-9.731278425889082762e-01,4.144875535349683560e-01,1.834350585937158939e-01,6.578462506957004352e-05,3.304348870349863715e-05,9.958744049072196236e-05
2.666507821524581434e+00,1.352090735767097271e+02,3.778536499023437045e+02,9.225173119215583292e-03,4.623238219267354274e-03,1.390181779861450126e-02,-9.938750559932303386e-01,4.129202802573104236e-01,1.081787109375227374e-01,6.577955956957141914e-05,3.304202606888018146e-05,9.958893060684273491e-05
1.672632765531351096e+00,1.356219938569670376e+02,3.779618286132812273e+02,9.290952678785154711e-03,4.656280245336234455e-03,1.400140672922134399e-02,-1.021126895439388171e+00,3.741182055581759869e-01,3.751220703128410605e-02,6.577523290371770082e-05,3.304130511576613277e-05,9.958744049072196236e-05
6.515058700919629242e-01,1.359961120625252136e+02,3.779993408203125114e+02,9.356727911688872412e-03,4.689321550452000588e-03,1.410099416971206596e-02,-1.293296684481299863e+00,-1.338873384139560585e-02,-3.177490234375568434e-01,6.577090680700246883e-05,3.303984265016525479e-05,9.958744049072369708e-05
-6.417908143893368278e-01,1.359827233286838180e+02,3.776815917968749545e+02,9.422498818495874881e-03,4.722361393102165843e-03,1.420058161020278965e-02,-1.729616071132061617e+00,-3.149548000729680552e-01,-8.009399414062272626e-01,6.576658127909439100e-05,3.303912181660748071e-05,9.958744049072196236e-05
-2.371406885521398333e+00,1.356677685286108499e+02,3.768806518554687273e+02,9.488265399774969272e-03,4.755400514918773323e-03,1.430016905069351162e-02,-1.561768198336377811e+00,-1.174525373909318660e-01,-6.023803710937727374e-01,6.987276110620443959e-05,3.510273188892833185e-05,1.058116555213931692e-04
-3.933175083857776144e+00,1.355503159912199180e+02,3.762782714843749545e+02,9.558138160881173712e-03,4.790503246807701655e-03,1.440598070621490479e-02,-6.991625131854588560e-01,6.167486419246301921e-01,2.934204101562727374e-01,7.397734203762329486e-05,3.716612461483140978e-05,1.120358705520626413e-04
-4.632337597043235000e+00,1.361670646331445482e+02,3.765716918945312273e+02,9.632115502918797006e-03,4.827669371422533065e-03,1.451801657676696743e-02,-5.410284247584220552e-01,4.845298611878092743e-01,1.954345703125000000e-01,5.547941532481510951e-05,2.787368699724498966e-05,8.402764797210693359e-05
-5.173366021801657055e+00,1.366515944943323575e+02,3.767671264648437273e+02,9.687594918243612116e-03,4.855543058419778055e-03,1.460204422473907436e-02,-8.156003224384820172e-01,7.788140165438903750e-01,2.486083984375113687e-01,8.321335222884716776e-05,4.180907378328706236e-05,1.260399818420413626e-04
-5.988966344240139072e+00,1.374304085108762479e+02,3.770157348632812386e+02,9.770808270472459284e-03,4.897352132203065117e-03,1.472808420658111572e-02,-5.401327304042817801e-01,5.207132447639537531e-01,1.264404296875341061e-01,5.547172147812515219e-05,2.787174477652046289e-05,8.402764797210693359e-05
-6.529099074644420853e+00,1.379511217556402016e+02,3.771421752929687727e+02,9.826279991950584436e-03,4.925223876979585580e-03,1.481211185455322266e-02,-6.562055943511211353e-01,6.671040332958568797e-01,1.450439453125227374e-01,6.933495607825551632e-05,3.483877392626653219e-05,1.050338149070732807e-04
-7.185304668995541988e+00,1.386182257889360585e+02,3.772872192382812955e+02,9.895614948028839952e-03,4.960062650905852112e-03,1.491714566946029594e-02,-5.475650851126898644e-01,5.854038263124721198e-01,9.376220703120452526e-02,5.893115443784437135e-05,2.961179969282901753e-05,8.927881717681919460e-05
-7.732869754108231852e+00,1.392036296152485306e+02,3.773809814453125000e+02,9.954546102466684324e-03,4.989674450598681130e-03,1.500642448663711513e-02,-6.969356152357066847e-01,6.486231790394754171e-01,6.948242187502273737e-02,6.629367444068931525e-05,3.331236556644318753e-05,1.004382967948920513e-04
-8.429805369343938537e+00,1.398522527942880060e+02,3.774504638671875227e+02,1.002083977690737364e-02,5.022986816165124317e-03,1.510686278343200718e-02,-7.336886042363577332e-01,6.641814942849748604e-01,4.696044921871589395e-02,6.726362303581534530e-05,3.380125528917518607e-05,1.019150018692020071e-04
-9.163493973580296270e+00,1.405164342885729809e+02,3.774974243164062386e+02,1.008810339994318898e-02,5.056788071454299503e-03,1.520877778530120919e-02,-6.423000970091976569e-01,6.547686523297215899e-01,4.969482421876136868e-02,6.141120635967146912e-05,3.086095345204709073e-05,9.305328130721976509e-05
-9.805794070589493927e+00,1.411712029409027025e+02,3.775471191406250000e+02,1.014951460630286045e-02,5.087649024906346594e-03,1.530183106660842896e-02,-7.472129142441499283e-01,7.420214662303123987e-01,9.802246093727262632e-03,7.017909141397889183e-05,3.526823019318545138e-05,1.063466072082526470e-04
-1.055300698483364386e+01,1.419132244071330149e+02,3.775569213867187273e+02,1.021969369771683935e-02,5.122917255099532045e-03,1.540817767381668160e-02,-7.173168741635329582e-01,6.408985436088130427e-01,-9.362792968715893949e-03,6.578865595400183730e-05,3.306295199406034113e-05,9.970068931579485760e-05
-1.127032385899717681e+01,1.425541229507418279e+02,3.775475585937500114e+02,1.028548235367084118e-02,5.155980207093592387e-03,1.550787836313247646e-02,-6.850923588655621899e-01,5.755421864498373452e-01,-4.405517578123863132e-02,6.122727504829714174e-05,3.077191286954099325e-05,9.279400110244820366e-05
-1.195541621786273900e+01,1.431296651371916653e+02,3.775035034179687727e+02,1.034670962871913832e-02,5.186752119963133380e-03,1.560067236423492466e-02,-7.825503855468838310e-01,7.035029763746649678e-01,-5.017089843750000000e-02,7.126167406227949808e-05,3.581580055284343950e-05,1.080080866813649260e-04
-1.273796660340962283e+01,1.438331681135663302e+02,3.774533325195312727e+02,1.041797130278141782e-02,5.222567920515976819e-03,1.570868045091628959e-02,-8.350278934331054614e-01,5.846591449237621418e-01,-1.344360351562841061e-01,6.961540106753191792e-05,3.498998750899387500e-05,1.055210828781148746e-04
-1.357299449684272830e+01,1.444178272584900924e+02,3.773188964843749886e+02,1.048758670384894974e-02,5.257557908024970694e-03,1.581420153379440446e-02,-6.933563128832993527e-01,4.847523060308276399e-01,-1.141967773436931566e-01,6.110800258770678062e-05,3.071431440110350408e-05,9.263008832931240999e-05
-1.426635080972602765e+01,1.449025795645209200e+02,3.772046997070312955e+02,1.054869470643665652e-02,5.288272222426074198e-03,1.590683162212371687e-02,-7.527535638406490648e-01,4.099551078332126508e-01,-1.583251953125568434e-01,6.273494248436491116e-05,3.153377465409026165e-05,9.510368108749459037e-05
-1.501910437356667671e+01,1.453125346723541327e+02,3.770463745117187386e+02,1.061142964892102143e-02,5.319805997080164460e-03,1.600193530321121146e-02,-1.085396643219848301e+00,3.094013919482563324e-01,-3.791137695312158939e-01,7.069880247774842918e-05,3.553757752745596160e-05,1.071840524673461914e-04
-1.610450101678652501e+01,1.456219360643023890e+02,3.766672607421875227e+02,1.068212845139876986e-02,5.355343574607620422e-03,1.610911935567855766e-02,-1.639364131421100268e+00,-9.786288111595808914e-02,-9.120361328125454747e-01,6.155385291852118190e-05,3.094177953999899949e-05,9.332448244095056800e-05
-1.774386514820762528e+01,1.455240731831864309e+02,3.757552246093749773e+02,1.074368230431729104e-02,5.386285354147619421e-03,1.620244383811950822e-02,-2.529789725268436484e+00,-5.123362878569537315e-01,-1.745935058593715894e+00,7.304725473273286640e-05,3.672086150133951898e-05,1.107603311538696289e-04
-2.027365487347606177e+01,1.450117368953294772e+02,3.740092895507812614e+02,1.081672955905002391e-02,5.423006215648958940e-03,1.631320416927337785e-02,-1.403455246593242833e+00,9.845562244572647614e-02,-7.331909179687841061e-01,6.391206320211645364e-05,3.212936984685766523e-05,9.691417217254361116e-05
-2.167711012006930460e+01,1.451101925177752037e+02,3.732760986328124773e+02,1.088064162225214036e-02,5.455135585495816605e-03,1.641011834144592146e-02,-9.908853277050972963e-01,4.236323414211256022e-01,-3.892089843749886313e-01,6.847262541398273228e-05,3.442352336754418707e-05,1.038357615470893169e-04
-2.266799544777440190e+01,1.455338248591963293e+02,3.728868896484374886e+02,1.094911424766612310e-02,5.489559108863360792e-03,1.651395410299301078e-02,-6.495930374866354384e-01,4.864536962588488223e-01,-1.999877929687272626e-01,6.255507928141536278e-05,3.144888673292916409e-05,9.486824274063110352e-05
-2.331758848526103733e+01,1.460202785554551781e+02,3.726869018554687614e+02,1.101166932694753846e-02,5.521007995596289956e-03,1.660882234573364188e-02,-4.971545997846931186e-01,5.792267726795330418e-01,-7.091064453123863132e-02,6.395192227719170841e-05,3.215289487216305142e-05,9.699463844299247017e-05
-2.381474308504573045e+01,1.465995053281347111e+02,3.726159912109375227e+02,1.107562124922473017e-02,5.553160890468453008e-03,1.670581698417663435e-02,-4.308251241753318084e-01,6.515361985028391700e-01,-3.404541015629547474e-02,6.520629396715264814e-05,3.278422611150549892e-05,9.890198707580843962e-05
-2.424556820922106226e+01,1.472510415266375503e+02,3.725819458007812273e+02,1.114082754319188281e-02,5.585945116579958507e-03,1.680471897125244279e-02,-4.775652978172182372e-01,5.486105907701812612e-01,-1.471557617187500000e-01,6.489113150459462076e-05,3.262719534811303612e-05,9.843111038207799646e-05
-2.472313350703828050e+01,1.477996521174077316e+02,3.724347900390624773e+02,1.120571867469647744e-02,5.618572311928071543e-03,1.690315008163452079e-02,-6.154226190054075118e-01,3.488109961765530898e-01,-3.360595703125000000e-01,6.583727372014985812e-05,3.310361465909145845e-05,9.987056255340506783e-05
-2.533855612604368801e+01,1.481484631135842847e+02,3.720987304687499773e+02,1.127155594841662729e-02,5.651675926587163001e-03,1.700302064418792586e-02,-5.860988867796628199e-01,3.227347844650694242e-01,-3.363403320312272626e-01,6.486128609579054627e-05,3.261393831744448940e-05,9.839832782745569495e-05
-2.592465501282335083e+01,1.484711978980493541e+02,3.717623901367187500e+02,1.133641723451241784e-02,5.684289864904607491e-03,1.710141897201538155e-02,-5.729075069243307894e-01,3.757267852550683074e-01,-3.340576171875113687e-01,6.595094714292870641e-05,3.316292654154031488e-05,1.000583171844489361e-04
-2.649756251974768162e+01,1.488469246833044224e+02,3.714283325195312386e+02,1.140236818165534655e-02,5.717452791446147806e-03,1.720147728919983049e-02,-5.759329843070197796e-01,3.974815979811410216e-01,-3.437988281249886313e-01,6.773423302697430259e-05,3.406114037182803728e-05,1.027703285217257401e-04
-2.707349550405470140e+01,1.492444062812855634e+02,3.710845336914062500e+02,1.147010241468232085e-02,5.751513931817975843e-03,1.730424761772155623e-02,-5.792037143397905652e-01,3.523603618135098259e-01,-3.899658203125113687e-01,6.329362917859189530e-05,3.182880889162492677e-05,9.603947401046891708e-05
-2.765269921839449196e+01,1.495967666430990732e+02,3.706945678710937386e+02,1.153339604386091274e-02,5.783342740709600770e-03,1.740028709173202515e-02,-6.586507148929321431e-01,3.757108515446248020e-01,-4.623779296874772626e-01,6.572806513337539625e-05,3.305408684642786171e-05,9.973943233489851456e-05
-2.831134993328742411e+01,1.499724774946436980e+02,3.702321899414062614e+02,1.159912410899428814e-02,5.816396827556028631e-03,1.750002652406692366e-02,-4.902761206553769568e-01,6.363378492199842640e-01,-2.804809570312727374e-01,7.010762938666412203e-05,3.525772293800494284e-05,1.063913106918341900e-04
-2.880162605394280106e+01,1.506088153438636823e+02,3.699517089843749886e+02,1.166923173838095226e-02,5.851654550494033574e-03,1.760641783475875785e-02,-3.700784010186630724e-01,7.355163327083005242e-01,-1.494873046875113687e-01,6.355127413722010121e-05,3.196153787307729616e-05,9.644925594329972762e-05
-2.917170445496146414e+01,1.513443316765719828e+02,3.698022216796874773e+02,1.173278301251817236e-02,5.883616088367110870e-03,1.770286709070205758e-02,-3.075910371844514657e-01,8.010038904292002826e-01,-7.010498046872726263e-02,6.439621308677173639e-05,3.238787918448046699e-05,9.773820638656408044e-05
-2.947929549214591560e+01,1.521453355670011831e+02,3.697321166992187500e+02,1.179717922560494410e-02,5.916003967551591337e-03,1.780060529708862166e-02,-2.633590686039113393e-01,8.589820496764275504e-01,-5.437011718748863132e-02,6.618047128899295917e-05,3.328596597211228025e-05,1.004517078399685959e-04
-2.974265456074982694e+01,1.530043176166776107e+02,3.696777465820312614e+02,1.186335969689393706e-02,5.949289933523703618e-03,1.790105700492859025e-02,-2.483184688242836557e-01,9.169472012918902237e-01,-6.990966796877273737e-02,6.975339127276124207e-05,3.508417814963079445e-05,1.058831810951225971e-04
-2.999097302957411060e+01,1.539212648179695009e+02,3.696078369140624886e+02,1.193311308816669830e-02,5.984374111673334412e-03,1.800694018602371285e-02,-2.269101829704602835e-01,8.568723185458964053e-01,-7.487792968748863132e-02,6.438331429608340484e-05,3.238461606303033591e-05,9.773820638656408044e-05
-3.021788321254457088e+01,1.547781371365153973e+02,3.695329589843750000e+02,1.199749640246278171e-02,6.016758727736364748e-03,1.810467839241027693e-02,-2.189391841218508716e-01,8.670470601418571732e-01,-9.086914062504547474e-02,6.437916935178589206e-05,3.238319705119608455e-05,9.773671627044677734e-05
-3.043682239666642175e+01,1.556451841966572545e+02,3.694420898437499545e+02,1.206187557181456760e-02,6.049141924787560833e-03,1.820241510868072371e-02,-1.998141609436849819e-01,9.203947588519270084e-01,-1.474365234374772626e-01,6.705728905514844740e-05,3.373141269767763323e-05,1.018106937408468082e-04
-3.063663655761010673e+01,1.565655789555091815e+02,3.692946533203124773e+02,1.212893286086971605e-02,6.082873337485238466e-03,1.830422580242157052e-02,-2.139683841370718653e-01,8.607819436963382032e-01,-1.360351562499886313e-01,6.337265326249348629e-05,3.187898635454832624e-05,9.622126817703316459e-05
-3.085060494174717860e+01,1.574263608992055197e+02,3.691586181640624886e+02,1.219230551413220953e-02,6.114752323839786792e-03,1.840044707059860368e-02,-2.377509876779342335e-01,9.217928361268832305e-01,-1.595825195312841061e-01,6.798544560015010174e-05,3.420052217457773824e-05,1.032337546348557900e-04
-3.108835592942511283e+01,1.583481537353324029e+02,3.689990356445312045e+02,1.226029095973235963e-02,6.148952846014364530e-03,1.850368082523345947e-02,-2.129927134895339691e-01,8.844622879937844573e-01,-1.880126953124090505e-01,6.454991622320375988e-05,3.247369628294957677e-05,9.802281856536795845e-05
-3.130134864291464680e+01,1.592326160233261874e+02,3.688110229492187955e+02,1.232484087595556339e-02,6.181426542297314107e-03,1.860170364379882743e-02,-2.156627446765249090e-01,8.916935808380515027e-01,-1.827880859375454747e-01,6.516609998363960543e-05,3.278473832481199057e-05,9.896457195282190589e-05
-3.151701138759117171e+01,1.601243096041642389e+02,3.686282348632812500e+02,1.239000697593920300e-02,6.214211280622126098e-03,1.870066821575164934e-02,-2.118902604390768829e-01,9.396485730912615963e-01,-2.164550781250227374e-01,6.702425228333197538e-05,3.371992188867453666e-05,1.017928123474114155e-04
-3.172890164803024859e+01,1.610639581772555005e+02,3.684117797851562273e+02,1.245703122822253497e-02,6.247931202510800634e-03,1.880246102809906075e-02,-1.973757880389399588e-01,9.628792327605992796e-01,-2.425903320312272626e-01,6.701902454916627838e-05,3.371952528615114464e-05,1.017943024635321880e-04
-3.192627743606918855e+01,1.620268374100160997e+02,3.681691894531250000e+02,1.252405025277170125e-02,6.281650727796951779e-03,1.890425533056259294e-02,-2.388698698916975616e-01,1.078883085926690910e+00,-3.350585937499772626e-01,7.539158599907842817e-05,3.793255164542558983e-05,1.145169138908365414e-04
-3.216514730596088611e+01,1.631057204959427906e+02,3.678341308593750227e+02,1.259944183877077968e-02,6.319583279442377369e-03,1.901877224445342948e-02,-1.870669692903206283e-01,9.062586405198089778e-01,-3.091674804687727374e-01,6.282198009559432361e-05,3.160936059826580796e-05,9.543001651763846627e-05
-3.235221427525120674e+01,1.640119791364625996e+02,3.675249633789062500e+02,1.266226381886637400e-02,6.351192640040643177e-03,1.911420226097106795e-02,-2.096348041036222298e-01,9.021632101165550921e-01,-3.344848632812613687e-01,6.281803374232584891e-05,3.160836147816925568e-05,9.543150663375923881e-05
-3.256184907935482897e+01,1.649141423465791547e+02,3.671904785156249886e+02,1.272508185260869985e-02,6.382801001518812432e-03,1.920963376760482719e-02,-2.333382058355084610e-01,8.996767974457497985e-01,-3.649291992187500000e-01,6.281408788483267003e-05,3.160736242123225043e-05,9.543150663375923881e-05
-3.279518728519033743e+01,1.658138191440249045e+02,3.668255493164062386e+02,1.278789594049353252e-02,6.414408363940044683e-03,1.930506527423858643e-02,-2.251755072902028587e-01,9.164668338708565898e-01,-3.846069335937158939e-01,6.281014252301937717e-05,3.160636342744872068e-05,9.543001651763846627e-05
-3.302036279248054029e+01,1.667302859778957611e+02,3.664409423828125227e+02,1.285070608301655190e-02,6.446014727367493403e-03,1.940049529075622489e-02,-3.801292613737814463e-01,1.071619199179224324e+00,-6.380859375000227374e-01,7.536696384789591530e-05,3.792631753009832740e-05,1.145169138908400108e-04
-3.340049205385432174e+01,1.678019051770749854e+02,3.658028564453125000e+02,1.292607304686444782e-02,6.483941044897591731e-03,1.951501220464706490e-02,-4.139596497335915615e-01,7.638753618677185386e-01,-6.413452148437386313e-01,5.652076005453927909e-05,2.844416433453976489e-05,8.588880300521711808e-05
-3.381445170358791330e+01,1.685657805389427040e+02,3.651615112304687614e+02,1.298259380691898709e-02,6.512385209232131496e-03,1.960090100765228202e-02,-6.658596453310963170e-01,9.194999720000396337e-01,-1.041040039062522737e+00,7.814857045033291039e-05,3.932794683824195059e-05,1.187577843666069721e-04
-3.448031134891900962e+01,1.694852805109427436e+02,3.641204711914062386e+02,1.306074237736932001e-02,6.551713156070373446e-03,1.971965879201888899e-02,-4.941700044840473538e-01,5.977252179148422329e-01,-8.007812500000000000e-01,5.352615803825948315e-05,2.693894714508177080e-05,8.134692907333512801e-05
-3.497448135340305697e+01,1.700830057288575858e+02,3.633196899414062386e+02,1.311426853540757949e-02,6.578652103215455217e-03,1.980100572109222412e-02,-5.384617446071828795e-01,8.536048257685990848e-01,-1.028369140624988631e+00,6.881471627722020312e-05,3.463355978765118859e-05,1.045897603034959267e-04
-3.551294309801023985e+01,1.709366105546261849e+02,3.622913208007812500e+02,1.318308325168479969e-02,6.613285663003106406e-03,1.990559548139572005e-02,-3.265417170354680820e-01,8.726474189547275273e-01,-8.193237304687954747e-01,6.211036285833602955e-05,3.126036155230976082e-05,9.440481662750452307e-05
