Sigma_1,Sigma_2,Sigma_12,Epsilon_1,Epsilon_2,Epsilon_12,dSigma_1,dSigma_2,dSigma_12,dEpsilon_1,dEpsilon_2,dEpsilon_12
-0.000000000000000000e+00,-0.000000000000000000e+00,-0.000000000000000000e+00,0.000000000000000000e+00,0.000000000000000000e+00,0.000000000000000000e+00,1.286357836590586423e+01,1.186375660710301361e+01,1.096354980468749929e+01,1.999800121638574792e-04,1.333241062473146973e-04,1.333329943008720821e-04
1.286357836590586423e+01,1.186375660710301361e+01,1.096354980468749929e+01,1.999800121638574792e-04,1.333241062473146973e-04,1.333329943008720821e-04,6.428848556599264796e+00,5.929304763653412635e+00,5.476126861572264914e+00,9.997499944099476950e-05,6.665539379159600257e-05,6.666650297120215135e-05
1.929242692250512903e+01,1.779306137075642624e+01,1.643967666625976420e+01,2.999550116048522487e-04,1.999795000389106999e-04,1.999994972720742334e-04,6.427518807963796377e+00,5.927849905481249237e+00,5.473086547851565342e+00,9.996502871346707886e-05,6.665093950772614040e-05,6.666649132966993071e-05
2.571994573046892540e+01,2.372091127623767548e+01,2.191276321411132955e+01,3.999200403183193276e-04,2.666304395466368403e-04,2.666659886017441641e-04,6.426191326667112236e+00,5.926394599224838800e+00,5.470043182373046875e+00,9.995499016253158245e-05,6.664652073144885841e-05,6.666651461273431778e-05
3.214613705713603764e+01,2.964730587546251428e+01,2.738280639648437642e+01,4.998750304808509100e-04,3.332769602780856987e-04,3.333325032144784819e-04,6.424861538035706587e+00,5.924937316324530912e+00,5.467001342773436079e+00,9.994504669895497122e-05,6.664205599510791356e-05,6.666649132966998492e-05
3.857099859517174423e+01,3.557224319178704519e+01,3.284980773925781250e+01,5.998200771798058812e-04,3.999190162731936123e-04,3.999989945441484668e-04,6.423527910621537274e+00,5.923485691122714059e+00,5.463961791992190342e+00,9.993505868506125708e-05,6.663761512720566124e-05,6.666649132966993071e-05
4.499452650579328150e+01,4.149572888290975925e+01,3.831376953125000284e+01,6.997551358648671383e-04,4.665566314003992735e-04,4.666654858738183975e-04,6.422196552799512403e+00,5.922027511153217461e+00,5.460923767089838066e+00,9.992507266705201192e-05,6.663317485134360616e-05,6.666649132966993071e-05
5.141672305859279390e+01,4.741775639406297671e+01,4.377469329833984091e+01,7.996802085319191502e-04,5.331898062517428797e-04,5.333319772034883282e-04,6.420873569417437920e+00,5.920574991626139649e+00,5.457882690429691763e+00,9.991499559590334614e-05,6.662878170556475309e-05,6.666653789579870485e-05
5.783759662801023183e+01,5.333833138568911636e+01,4.923257598876953267e+01,8.995952041278224964e-04,5.998185879573076328e-04,5.999985150992870331e-04,6.419534541209245049e+00,5.919122019412938585e+00,5.454850769042970171e+00,9.990510662625400919e-05,6.662429607150047780e-05,6.666649132966993071e-05
6.425713116921947687e+01,5.925745340510205494e+01,5.468742675781250284e+01,9.995003107540765055e-04,6.664428840288081106e-04,6.666650064289569638e-04,6.418206943152696908e+00,5.917668601409744156e+00,5.451812744140625000e+00,9.989512659297180089e-05,6.661985757060564020e-05,6.666649132966993071e-05
7.067533811237217378e+01,6.517512200651179910e+01,6.013923950195312784e+01,1.099395437347048306e-03,7.330627415994137508e-04,7.333314977586268945e-04,6.416878563235684396e+00,5.916214735409695891e+00,5.448779296875002842e+00,9.988514855340403092e-05,6.661541966061226231e-05,6.666649132967003913e-05
7.709221667560785818e+01,7.109133674192149499e+01,6.558801879882813068e+01,1.199280585900452337e-03,7.996781612600260131e-04,7.999979890882969336e-04,6.415549401458193302e+00,5.914760421412779579e+00,5.445748901367181816e+00,9.987517250695308706e-05,6.661098234228991083e-05,6.666649132966993071e-05
8.350776607706605148e+01,7.700609716333427457e+01,7.103376770019531250e+01,1.299155758407405424e-03,8.662891436023159239e-04,8.666644804179668643e-04,6.412911476863115467e+00,5.912829140865397903e+00,5.441390991210937500e+00,9.986519845280017980e-05,6.660654561463244614e-05,6.666649132966993071e-05
8.992067755392916695e+01,8.291892630419967247e+01,7.647515869140625000e+01,1.399020956860205604e-03,9.328956892169483700e-04,9.333309717476367950e-04,6.405687866430056943e+00,5.909424898897441381e+00,5.433258056640625000e+00,9.985513339833408490e-05,6.660210947818793244e-05,6.666649132967003913e-05
9.632636542035922389e+01,8.882835120309711385e+01,8.190841674804687500e+01,1.498876090258539689e-03,9.994977986951363025e-04,9.999974630773068342e-04,6.398645134309987270e+00,5.905952609243058760e+00,5.425170898437500000e+00,9.984534931301090703e-05,6.659767393283775802e-05,6.666649132966982229e-05
1.027250105546692112e+02,9.473430381234017261e+01,8.733358764648437500e+01,1.598721439571550596e-03,1.066095472627974061e-03,1.066663954406976656e-03,6.395139826488730250e+00,5.903389932628641645e+00,5.419592285156255684e+00,9.983528824037877190e-05,6.659333200475917904e-05,6.666658446192737057e-05
1.091201503811579414e+02,1.006376937449688143e+02,9.275317993164063068e+01,1.698556727811929368e-03,1.132688804632733240e-03,1.133330538868904027e-03,6.389664204634300404e+00,5.900631022020547789e+00,5.414022827148428973e+00,9.982513622067449785e-05,6.658880460742389387e-05,6.666649132967003913e-05
1.155098145857922418e+02,1.065383247669893620e+02,9.816720275878905966e+01,1.798381864032603866e-03,1.199277609240157133e-03,1.199997030198574066e-03,6.385006028112641729e+00,5.897150285106278034e+00,5.406530761718755684e+00,9.981535806883657692e-05,6.658437083376296008e-05,6.666649132967003913e-05
1.218948206139048835e+02,1.124354750520956401e+02,1.035737335205078153e+02,1.898197222101440443e-03,1.265861980073920093e-03,1.266663521528244105e-03,6.381055479004984932e+00,5.894292084813329780e+00,5.400747680664053973e+00,9.980539595727186408e-05,6.657993765072441235e-05,6.666649132966982229e-05
1.282758760929098685e+02,1.183297671369089699e+02,1.089744812011718693e+02,1.998002618058712307e-03,1.332441917724644506e-03,1.333330012857913928e-03,6.376675222865884507e+00,5.890821950930629214e+00,5.394146728515636369e+00,9.979543583449714331e-05,6.657550505752523988e-05,6.666649132967003913e-05
1.346525513157757530e+02,1.242205890878395991e+02,1.143686279296875057e+02,2.097798053893209450e-03,1.399017422782169746e-03,1.399996504187583967e-03,6.369834263601489965e+00,5.886214048499667228e+00,5.384259033203122158e+00,9.978547769925192115e-05,6.657107305493435885e-05,6.666649132966982229e-05
1.410223855793772429e+02,1.301068031363392663e+02,1.197528869628906278e+02,2.197583531592461371e-03,1.465588495837104105e-03,1.466662995517253789e-03,6.359185757950029938e+00,5.878621986740512284e+00,5.368969726562497158e+00,9.977552155116279839e-05,6.656664164194736437e-05,6.666649132967003913e-05
1.473815713373272729e+02,1.359854251230797786e+02,1.251218566894531250e+02,2.297359053143624170e-03,1.532155137479051469e-03,1.533329486846923828e-03,6.349121029153394602e+00,5.871162744809453216e+00,5.355572509765636369e+00,9.976556738963563223e-05,6.656221081911134485e-05,6.666649132967003913e-05
1.537306923664806675e+02,1.418565878678892318e+02,1.304774291992187614e+02,2.397124620533259802e-03,1.598717348298162814e-03,1.599995978176593867e-03,6.342332572328984952e+00,5.865584873317544634e+00,5.345812988281238631e+00,9.975561521385336791e-05,6.655778058630812226e-05,6.666649132966982229e-05
1.600730249388096524e+02,1.477221727412067764e+02,1.358232421875000000e+02,2.496880235747113170e-03,1.665275128884470936e-03,1.666662469506263690e-03,6.333448876246279724e+00,5.858672859582213732e+00,5.332189941406255684e+00,9.974566502388756278e-05,6.655335094275576999e-05,6.666649132967003913e-05
1.664064738150559322e+02,1.535808456007889902e+02,1.411554321289062557e+02,2.596625900771000733e-03,1.731828479827226706e-03,1.733328960835933729e-03,6.324256144518528799e+00,5.851135631009981353e+00,5.318780517578119316e+00,9.973571681847880760e-05,6.654892188922212001e-05,6.666649132966982229e-05
1.727307299595744610e+02,1.594319812317989715e+02,1.464742126464843750e+02,2.696361617589479540e-03,1.798377401716448826e-03,1.799995452165603551e-03,6.311767399606395657e+00,5.842703965597308979e+00,5.304931640625000000e+00,9.972577059725457049e-05,6.654449342470385165e-05,6.666649132967003913e-05
1.790424973591808566e+02,1.652746851973962805e+02,1.517791442871093750e+02,2.796087388186734111e-03,1.864921895141152678e-03,1.866661943495273590e-03,6.296336324128446904e+00,5.832533712144652327e+00,5.288067626953136369e+00,9.971564063366786246e-05,6.654006554974783647e-05,6.666649132967003913e-05
1.853388336833093035e+02,1.711072189095409328e+02,1.570672119140625114e+02,2.895803028820401973e-03,1.931461960690900514e-03,1.933328434824943629e-03,6.279982050950422945e+00,5.819694818574532746e+00,5.267401123046852263e+00,9.970588412350385454e-05,6.653563826423633011e-05,6.666649132967003913e-05
1.916188157342597265e+02,1.769269137281154656e+02,1.623346130371093636e+02,2.995508912943905828e-03,1.997997598955136844e-03,1.999994926154613668e-03,6.262128603890346312e+00,5.805813465707018395e+00,5.243853759765642053e+00,9.969594385104973977e-05,6.653121156738718914e-05,6.666649132966960545e-05
1.978809443381500728e+02,1.827327271938224840e+02,1.675784667968750057e+02,3.095204856794955568e-03,2.064528810522524033e-03,2.066661417484283274e-03,6.237178993556483420e+00,5.788589559154473818e+00,5.216247558593750000e+00,9.968619123126333526e-05,6.652678545996824552e-05,6.666649132967003913e-05
2.041181233317065562e+02,1.885213167529769578e+02,1.727947143554687557e+02,3.194891048026218903e-03,2.131055595982492279e-03,2.133327908813953313e-03,6.204003488275446898e+00,5.766566413845197303e+00,5.180798339843732947e+00,9.967588358123337725e-05,6.652254579665511577e-05,6.666667759418513570e-05
2.103221268199820031e+02,1.942878831668221551e+02,1.779755126953124886e+02,3.294566931607452280e-03,2.197578141779147395e-03,2.199994586408138449e-03,6.167792458165507696e+00,5.743229536105843636e+00,5.142889404296880684e+00,9.966632055647848751e-05,6.651793499859795511e-05,6.666649132966960545e-05
2.164899192781475108e+02,2.000311127029279987e+02,1.831184020996093693e+02,3.394233252163930768e-03,2.264096076777745350e-03,2.266661077737808054e-03,6.135600244201270925e+00,5.719557524964159256e+00,5.107012939453142053e+00,9.965601694112693684e-05,6.651351065743976027e-05,6.666649132967003913e-05
2.226255195223487817e+02,2.057506702278921580e+02,1.882254150390625114e+02,3.493889269105057704e-03,2.330609587435185110e-03,2.333327569067478093e-03,6.098571233348167198e+00,5.691047288766128531e+00,5.066131591796875000e+00,9.964608660902344803e-05,6.650908690435542586e-05,6.666649132967003913e-05
2.287240907556969489e+02,2.114417175166582865e+02,1.932915466308593864e+02,3.593535355714081152e-03,2.397118674339540536e-03,2.399994060397148132e-03,6.055159733972544700e+00,5.657048973189944263e+00,5.017932128906238631e+00,9.963652941138122221e-05,6.650466373989399188e-05,6.666649132967003913e-05
2.347792504896694936e+02,2.170987664898482308e+02,1.983094787597656250e+02,3.693171885125462375e-03,2.463623338079434528e-03,2.466660551726818171e-03,6.014626531800644216e+00,5.627008821669619465e+00,4.973461914062511369e+00,9.962623184377097235e-05,6.650024116393662976e-05,6.666649132967003913e-05
2.407938770214701378e+02,2.227257753115178502e+02,2.032829406738281364e+02,3.792798116969233347e-03,2.530123579243371158e-03,2.533327043056488211e-03,5.971679123797315469e+00,5.598749387927227872e+00,4.928771972656250000e+00,9.961667852832105721e-05,6.649581917570141290e-05,6.666649132966960545e-05
2.467655561452674533e+02,2.283245246994450781e+02,2.082117126464843864e+02,3.892414795497554404e-03,2.596619398419072570e-03,2.599993534386157816e-03,5.907491195513074445e+00,5.561206563962201699e+00,4.851049804687477263e+00,9.960638498917890465e-05,6.649139777595855852e-05,6.666649132967003913e-05
2.526730473407805277e+02,2.338857312634072798e+02,2.130627624511718636e+02,3.992021180486733309e-03,2.663110796195031129e-03,2.666660025715827855e-03,5.788690884171188600e+00,5.495258382137251374e+00,4.697357177734375000e+00,9.959683555314444159e-05,6.648697696370322804e-05,6.666649132967003913e-05
2.584617382249517163e+02,2.393809896455445312e+02,2.177601196289062386e+02,4.091618016039877750e-03,2.729597773158734357e-03,2.733326517045497894e-03,5.717882560933048808e+00,5.459826479431313828e+00,4.621289062500011369e+00,9.958654604051968978e-05,6.648255673948272673e-05,6.666649132967003913e-05
2.641796207858847652e+02,2.448408161249758450e+02,2.223814086914062500e+02,4.191204562080397440e-03,2.796080329898217084e-03,2.799993008375167933e-03,5.672381106380726123e+00,5.434180984552057225e+00,4.578906249999988631e+00,9.957700048201113124e-05,6.647813710318082811e-05,6.666649132967003913e-05
2.698520018922654913e+02,2.502749971095279022e+02,2.269603149414062386e+02,4.290781562562408571e-03,2.862558467001397912e-03,2.866659499704837973e-03,5.617669966429900796e+00,5.397511676290605465e+00,4.507910156250005684e+00,9.956671499307227780e-05,6.647371805401560557e-05,6.666649132966960545e-05
2.754696718586953921e+02,2.556725087858185077e+02,2.314682250976562443e+02,4.390348277555480849e-03,2.929032185055413517e-03,2.933325991034507578e-03,5.562500920824163586e+00,5.365242626804928250e+00,4.453283691406255684e+00,9.955717330953697819e-05,6.646929959275467426e-05,6.666649132967003913e-05
2.810321727795195557e+02,2.610377514126234360e+02,2.359215087890625000e+02,4.489905450865017827e-03,2.995501484648168192e-03,2.999992482364177617e-03,5.513618136116633650e+00,5.340999369918051798e+00,4.419262695312511369e+00,9.954689184211475139e-05,6.646488171839623135e-05,6.666649132967003913e-05
2.865457909156361893e+02,2.663787507825414878e+02,2.403407714843750114e+02,4.589452342707132579e-03,3.061966366366564423e-03,3.066658973693847656e-03,5.473256552236762218e+00,5.317510395258466360e+00,4.383886718750005684e+00,9.953698324480144549e-05,6.646065011424234434e-05,6.666667759418470202e-05
2.920190474678729515e+02,2.716962611777999541e+02,2.447246582031250171e+02,4.688989325951934024e-03,3.128427016480806767e-03,3.133325651288032358e-03,5.422923013228000855e+00,5.289926249765244393e+00,4.345568847656210210e+00,9.952744736913595597e-05,6.645586204915556947e-05,6.666630506515537624e-05
2.974419704811009524e+02,2.769861874275651985e+02,2.490702270507812273e+02,4.788516773321069980e-03,3.194882878529962337e-03,3.199991956353187735e-03,5.380130281062861286e+00,5.252906549648400869e+00,4.285290527343761369e+00,9.951717192973382614e-05,6.645181727696260893e-05,6.666667759418470202e-05
3.028221007621638137e+02,2.822390939772135994e+02,2.533555175781249886e+02,4.888033945250803806e-03,3.261334695806924946e-03,3.266658633947372437e-03,5.294582732358207977e+00,5.192485974780254310e+00,4.165856933593772737e+00,9.950763992344451025e-05,6.644703043510091431e-05,6.666630506515494256e-05
3.081166834945220216e+02,2.874315799519938537e+02,2.575213745117187614e+02,4.987541585174248317e-03,3.327781726242025860e-03,3.333324939012527379e-03,5.138902396165349273e+00,5.115419918233044427e+00,4.004992675781238631e+00,9.949736849937558525e-05,6.644298678719698370e-05,6.666667759418513570e-05
3.132555858906873709e+02,2.925469998702268981e+02,2.615263671875000000e+02,5.087038953673623902e-03,3.394224713029222844e-03,3.399991616606712515e-03,5.102935666729592867e+00,5.068006071278944091e+00,3.922766113281227263e+00,9.948784035969555906e-05,6.643820116785737265e-05,6.666630506515494256e-05
3.183585215574169638e+02,2.976150059415058422e+02,2.654491333007812273e+02,5.186526794033319461e-03,3.460662914197080216e-03,3.466657921671867457e-03,5.111700387777375454e+00,5.039595110919094623e+00,3.889526367187500000e+00,9.947757294902128539e-05,6.643415864423032891e-05,6.666667759418470202e-05
3.234702219451943392e+02,3.026546010524249368e+02,2.693386596679687273e+02,5.286004366982340746e-03,3.527097072841310545e-03,3.533324599266052159e-03,5.066859418936360271e+00,4.996084928855225371e+00,3.817956542968772737e+00,9.946804867407097600e-05,6.642937424693271670e-05,6.666630506515494256e-05
3.285370813641306995e+02,3.076506859812801622e+02,2.731566162109375000e+02,5.385472415656411722e-03,3.593526447088243262e-03,3.599990904331207102e-03,5.052812693364728602e+00,4.974913435066582679e+00,3.788305664062477263e+00,9.945778527396722385e-05,6.642533284646453054e-05,6.666667759418513570e-05
3.335898940574954281e+02,3.126255994163467449e+02,2.769449218749999773e+02,5.484930200930378946e-03,3.659951779934707793e-03,3.666657581925392238e-03,5.031592895241772112e+00,4.950502673003597920e+00,3.749267578125000000e+00,9.944826486120526138e-05,6.642054967139106314e-05,6.666630506515494256e-05
3.386214869527372002e+02,3.175761020893503428e+02,2.806941894531249773e+02,5.584378465791584208e-03,3.726372329606098856e-03,3.733323886990547180e-03,5.015473289980377558e+00,4.926111656570412833e+00,3.712377929687477263e+00,9.943800546951576946e-05,6.641650939362810438e-05,6.666667759418470202e-05
3.436369602427175778e+02,3.225022137459207556e+02,2.844065673828124545e+02,5.683816471261099977e-03,3.792788838999726960e-03,3.799990564584731882e-03,4.990336774629781758e+00,4.903406496335833253e+00,3.681079101562545475e+00,9.942811853571372621e-05,6.641172743985634258e-05,6.666630506515537624e-05
3.486272970173473595e+02,3.274056202422565889e+02,2.880876464843750000e+02,5.783244589796813703e-03,3.859200566439583303e-03,3.866656869649887258e-03,4.939259237898795618e+00,4.862706517247772808e+00,3.618481445312511369e+00,9.941860391166155303e-05,6.640768828456529091e-05,6.666667759418470202e-05
3.535665562552461552e+02,3.322683267595043617e+02,2.917061279296875114e+02,5.882663193708475256e-03,3.925608254724148594e-03,3.933323547244071960e-03,4.750553169642614648e+00,4.805648739850710172e+00,3.521081542968715894e+00,9.940835052835682306e-05,6.640290755161558367e-05,6.666630506515537624e-05
3.583171094248887698e+02,3.370739754993550719e+02,2.952272094726562273e+02,5.982071544236832079e-03,3.992011162275764177e-03,3.999989852309227337e-03,4.698975089589509935e+00,4.777995732024635345e+00,3.482617187500068212e+00,9.939883976092106499e-05,6.639886951834237522e-05,6.666667759418470202e-05
3.630160845144782797e+02,3.418519712313797072e+02,2.987098266601562955e+02,6.081470383997753144e-03,4.058410031794106552e-03,4.066656529903412039e-03,1.166358909408643285e+00,1.185349761893405685e+00,8.560913085937045253e-01,2.484816624663023499e-05,1.659893577232035566e-05,1.666657626628841038e-05
3.641824434238869230e+02,3.430373209932731129e+02,2.995659179687500000e+02,6.106318550244383379e-03,4.075008967566426908e-03,4.083323106169700449e-03,3.512234720721323811e+00,3.835579368108369636e+00,2.663623046875045475e+00,8.192877819510665377e-05,5.473086731979433933e-05,5.495585501194034939e-05
3.676946781446082468e+02,3.468729003613814825e+02,3.022295410156250455e+02,6.188247328439490033e-03,4.129739834886221247e-03,4.138278961181640798e-03,4.338253763611135128e+00,4.665934707247231472e+00,3.267602539062409051e+00,9.949014785622534857e-05,6.646466118382515775e-05,6.674192845821345921e-05
3.720329319082193820e+02,3.515388350686287140e+02,3.054971435546874545e+02,6.287737476295715382e-03,4.196204496070046405e-03,4.205020889639854258e-03,8.090268279146187069e+00,8.764593523620590076e+00,6.038537597656272737e+00,1.888921639844262645e-04,1.261953528768023844e-04,1.267340034246449906e-04
3.801232001873655690e+02,3.603034285922493041e+02,3.115356811523437273e+02,6.476629640280141646e-03,4.322399848946848790e-03,4.331754893064499248e-03,4.004169682984581868e+00,4.531939234589572152e+00,3.030285644531261369e+00,9.934969585510041584e-05,6.637693643452100695e-05,6.666667759418470202e-05
3.841273698703501509e+02,3.648353678268388762e+02,3.145659667968749886e+02,6.575979336135242062e-03,4.388776785381369797e-03,4.398421570658683950e-03,3.389043627989337892e+00,4.338927870433906264e+00,2.613854980468715894e+00,9.933982647332417759e-05,6.637215995612070346e-05,6.666630506515450888e-05
3.875164134983394888e+02,3.691742956972727825e+02,3.171798217773437045e+02,6.675319162608566240e-03,4.455148945337490500e-03,4.465087875723838459e-03,1.950991573935823453e+00,3.892758789350125426e+00,1.671813964843750000e+00,9.932995905264068587e-05,6.636812583361590551e-05,6.666667759418556938e-05
3.894674050722753122e+02,3.730670544866229079e+02,3.188516357421874545e+02,6.774649121661206926e-03,4.521517071171106406e-03,4.531754553318024029e-03,1.871158628169325766e+00,3.854863859762303946e+00,1.614465332031272737e+00,9.931935363751125817e-05,6.636335057366542223e-05,6.666630506515450888e-05
3.913385637004446380e+02,3.769219183463852119e+02,3.204661010742187273e+02,6.873968475298718184e-03,4.587880421744771828e-03,4.598420858383178537e-03,8.403582927010688763e-01,3.541757892828286458e+00,1.063037109375045475e+00,9.931023016392960534e-05,6.635931757092376065e-05,6.666667759418470202e-05
3.921789219931457069e+02,3.804636762392134983e+02,3.215291381835937727e+02,6.973278705462647789e-03,4.654239739315695588e-03,4.665087535977363239e-03,1.081752252224532640e-02,3.199791482207615445e+00,3.418457031249317879e-01,9.930036862145809329e-05,6.635454352960871299e-05,6.666630506515537624e-05
3.921897395156679522e+02,3.836634677214211138e+02,3.218709838867187045e+02,7.072579074084105882e-03,4.720594282845304301e-03,4.731753841042518616e-03,-2.570697892371299531e+00,2.176182012362744445e+00,-1.678454589843681788e+00,9.928976930340897150e-05,6.635051164617655761e-05,6.666667759418470202e-05
3.896190416232966527e+02,3.858396497337838582e+02,3.201925292968750227e+02,7.171868843387514854e-03,4.786944794491480859e-03,4.798420518636703318e-03,-1.517227329873583130e+01,-3.115486912695700994e+00,-1.173920898437501137e+01,9.928065148431548109e-05,6.634573882257580740e-05,6.666630506515537624e-05
3.744467683245608214e+02,3.827241628210881572e+02,3.084533203125000114e+02,7.271149494871830335e-03,4.853290533314056666e-03,4.865086823701858694e-03,-7.675739368696724796e+00,-2.537126755539134138e-01,-6.168554687500034106e+00,9.927079581480494075e-05,6.634170805822504208e-05,6.666667759418470202e-05
3.667710289558640966e+02,3.824704501455342438e+02,3.022847656249999773e+02,7.370420290686635276e-03,4.919632241372281709e-03,4.931753501296043396e-03,-2.253221173516749332e+00,-2.218311340165541878e-01,-1.848864746093738631e+00,2.481578945049897622e-05,1.658464667264689801e-05,1.666657626628841038e-05
3.645178077823473473e+02,3.822486190115176896e+02,3.004359008789062386e+02,7.395236080137134252e-03,4.936216888044928607e-03,4.948420077562331806e-03,-1.690475906791141369e+01,-4.647766236794552697e+00,-1.444226074218750000e+01,9.925847901646762256e-05,6.633583632281812165e-05,6.666630506515537624e-05
3.476130487144359336e+02,3.776008527747231369e+02,2.859936401367187386e+02,7.494494559153601874e-03,5.002552724367746728e-03,5.015086382627487183e-03,-1.705459133182648657e+01,-5.216198368126981677e+00,-1.507421875000000000e+01,9.924862774840503832e-05,6.633180681689214431e-05,6.666667759418470202e-05
3.305584573826094470e+02,3.723846544065961552e+02,2.709194213867187386e+02,7.593743186902006913e-03,5.068884531184638872e-03,5.081753060221671885e-03,-1.920352716809725280e+01,-6.804346101171347527e+00,-1.751810302734372726e+01,9.923877843603760851e-05,6.632703657934429370e-05,6.666630506515537624e-05
3.113549302145121942e+02,3.655803083054248077e+02,2.534013183593750114e+02,7.692981965338044521e-03,5.135211567763983166e-03,5.148419365286827261e-03,-2.298690155205525798e+01,-8.942217386611048369e+00,-2.097678222656253411e+01,9.922819180297696301e-05,6.632300819153866961e-05,6.666667759418470202e-05
2.883680286624569362e+02,3.566380909188137593e+02,2.324245361328124773e+02,7.792210157141021484e-03,5.201534575955521836e-03,5.215086042881011963e-03,-1.736002125631836179e+01,-6.150240198528138080e+00,-1.563665771484375000e+01,9.921908574764791433e-05,6.631860974183959034e-05,6.666667759418470202e-05
2.710080074061385744e+02,3.504878507202856213e+02,2.167878784179687273e+02,7.891429242888669399e-03,5.267853185697361426e-03,5.281752720475196665e-03,-1.973345693539818058e+01,-7.652872021769326238e+00,-1.801428833007810226e+01,9.920924229710192943e-05,6.631384132844454771e-05,6.666630506515537624e-05
2.512745504707403938e+02,3.428349786985162950e+02,1.987735900878906250e+02,7.990638485185771328e-03,5.334167027025805974e-03,5.348419025540352041e-03,-1.390985781556108236e+01,-4.437101672782944206e+00,-1.237158813476563068e+01,9.919866174499386569e-05,6.630981461697507684e-05,6.666667759418470202e-05
2.373646926551793115e+02,3.383978770257333508e+02,1.864020019531249943e+02,8.089837146930765194e-03,5.400476841642781051e-03,5.415085703134536743e-03,-1.604416628948305856e+01,-5.246521809150067384e+00,-1.359077148437498295e+01,9.918956132795586633e-05,6.630504741908342659e-05,6.666630506515537624e-05
2.213205263656962529e+02,3.331513552165832834e+02,1.728112304687500114e+02,8.189026708258721060e-03,5.466781889061864477e-03,5.481752008199692119e-03,-9.354175341119486120e+00,-1.648213728695054670e+00,-8.020489501953136369e+00,1.115763128682403793e-04,7.458810893564565836e-05,7.499977946281381064e-05
2.119663510245767668e+02,3.315031414878882288e+02,1.647907409667968750e+02,8.300603021126961439e-03,5.541369997997510136e-03,5.556751787662505930e-03,-7.954090224657022645e+00,-2.147117007758652107e-01,-6.835388183593750000e+00,1.394530712719756205e-04,9.322749855688629295e-05,9.374991059303301039e-05
2.040122607999197442e+02,3.312884297871123636e+02,1.579553527832031250e+02,8.440056092398937060e-03,5.634597496554396429e-03,5.650501698255538940e-03,-6.642624655838716308e+00,-5.012027647587729007e-01,-5.481054687499977263e+00,9.915483106872659269e-05,6.628952636943564319e-05,6.666630506515537624e-05
1.973696361440810279e+02,3.307872270223535907e+02,1.524742980957031477e+02,8.539210923467663653e-03,5.700887022923832072e-03,5.717168003320694317e-03,-5.641463673342201446e+00,-5.858960400485102582e-02,-4.703265380859392053e+00,9.914426171307721969e-05,6.628550274604631115e-05,6.666667759418470202e-05
1.917281724707388264e+02,3.307286374183487396e+02,1.477710327148437557e+02,8.638355185180740872e-03,5.767172525669878383e-03,5.783834680914879019e-03,-4.375274489964112945e+00,5.461623020360093506e-01,-3.731750488281278422e+00,9.913517167954577491e-05,6.628073890708064547e-05,6.666630506515450888e-05
1.873528979807747135e+02,3.312747997203847490e+02,1.440392822265624773e+02,8.737490356860286647e-03,5.833453264576959028e-03,5.850500985980033528e-03,-1.092144592260382296e+00,1.215960355320930830e-01,-9.410705566406250000e-01,2.478188812595275015e-05,1.656949832212848556e-05,1.666657626628927774e-05
1.862607533885143312e+02,3.313963957559168421e+02,1.430982116699218523e+02,8.762272244986239397e-03,5.850022762899087514e-03,5.867167562246322805e-03,-4.467515168733001474e+00,5.050135336634866690e-01,-3.898400878906215894e+00,1.022200896873409759e-04,6.834651012207863807e-05,6.874985992908443089e-05
1.817932382197813297e+02,3.319014092895803287e+02,1.391998107910156364e+02,8.864492334673580373e-03,5.918369273021166152e-03,5.935917422175407236e-03,-4.880049485756643435e+00,4.983864551238070817e-01,-4.165795898437522737e+00,1.010488650027684815e-04,6.756530832652350022e-05,6.796866655349714098e-05
1.769131887340246863e+02,3.323997957447041358e+02,1.350340148925781136e+02,8.965541199676348855e-03,5.985934581347689652e-03,6.003886088728904377e-03,-3.841344328971217692e+00,8.211451427633278399e-01,-3.393872070312482947e+00,9.407023966835105500e-05,6.290149017133383341e-05,6.328113377094320841e-05
1.730718444050534686e+02,3.332209408874674637e+02,1.316401428222656307e+02,9.059611439344699910e-03,6.048836071519023486e-03,6.067167222499847586e-03,-3.872619774253394098e+00,1.314646552774092925e+00,-3.529193115234392053e+00,1.123496277177157832e-04,7.512711959419948043e-05,7.558576762676204319e-05
1.691992246308000745e+02,3.345355874402415566e+02,1.281109497070312386e+02,9.171961067062415693e-03,6.123963191113222966e-03,6.142752990126609629e-03,-2.282317016770235796e+00,1.438111762495793755e+00,-2.138964843749988631e+00,8.817336858954645529e-05,5.896205474887044468e-05,5.932599306106550036e-05
1.669169076140298387e+02,3.359736992027373503e+02,1.259719848632812500e+02,9.260134435651962148e-03,6.182925245862093411e-03,6.202078983187675129e-03,-3.775581823564294837e+00,3.443034416416594468e+00,-3.601129150390633527e+00,1.784143399587365120e-04,1.193126248222068850e-04,1.200597733259202785e-04
1.631413257904655438e+02,3.394167336191539448e+02,1.223708557128906165e+02,9.438548775610698660e-03,6.302237870684300296e-03,6.322138756513595408e-03,-6.800123154649497792e-01,5.214674911590577722e-01,-6.501892089843721578e-01,2.940826154130757319e-05,1.966718897691670243e-05,1.979172229766863050e-05
1.624613134750005941e+02,3.399382011103130026e+02,1.217206665039062443e+02,9.467957037152006233e-03,6.321905059661216998e-03,6.341930478811264038e-03,-2.636202116182516875e+00,2.339036649407432833e+00,-2.584521484374988631e+00,1.271025880411578990e-04,8.500409542866894236e-05,8.554682135581987562e-05
1.598251113588180772e+02,3.422772377597204354e+02,1.191361450195312557e+02,9.595059625193164132e-03,6.406909155089885941e-03,6.427477300167083914e-03,-1.739994517506460170e+00,1.822146963687316656e+00,-1.811212158203119316e+00,9.401104213764034656e-05,6.287464652178238050e-05,6.328076124191301527e-05
1.580851168413116170e+02,3.440993847234077521e+02,1.173249328613281364e+02,9.689070667330804479e-03,6.469783801611668321e-03,6.490758061408996929e-03,-1.704514434596035244e+00,1.844514880016618008e+00,-1.786596679687505684e+00,9.400220489238879373e-05,6.287143375581939059e-05,6.328150629997253418e-05
1.563806024067155818e+02,3.459438996034243701e+02,1.155383361816406307e+02,9.783072872223193273e-03,6.532655235367487712e-03,6.554039567708969463e-03,-2.156321621970988645e+00,2.315974306810971939e+00,-2.274493408203127842e+00,1.174907001293482023e-04,7.858317884176010265e-05,7.910132408142037802e-05
1.542242807847445931e+02,3.482598739102353420e+02,1.132638427734375028e+02,9.900563572352541475e-03,6.611238414209247814e-03,6.633140891790389841e-03,-1.825740044915107774e+00,1.983326984820564576e+00,-1.947875976562500000e+00,9.900938991608439210e-05,6.622481905230615667e-05,6.666630506515537624e-05
1.523985407398294853e+02,3.502432008950559066e+02,1.113159667968750028e+02,9.999572962268625867e-03,6.677463233261553971e-03,6.699807196855545217e-03,-1.321843443815367891e+00,2.205758539906014448e+00,-1.595361328125008527e+00,9.900032559933928666e-05,6.622043361585120552e-05,6.666630506515450888e-05
1.510766972960141175e+02,3.524489594349619210e+02,1.097206054687499943e+02,1.009857328786796515e-02,6.743683666877405176e-03,6.766473501920699726e-03,-1.333466054300544101e+00,2.179770885079165055e+00,-1.622854614257803973e+00,9.899052550507540793e-05,6.621678876208951514e-05,6.666705012321489515e-05
1.497432312417135734e+02,3.546287303200410861e+02,1.080977508544921903e+02,1.019756381337304056e-02,6.809900455639494692e-03,6.833140552043914621e-03,-1.270882145460433321e+00,2.242913686000974849e+00,-1.590405273437497158e+00,9.898072735063309646e-05,6.621166443680770453e-05,6.666630506515537624e-05
1.484723490962531400e+02,3.568716440060420609e+02,1.065073455810546932e+02,1.029654454072367366e-02,6.876112120076302396e-03,6.899806857109069998e-03,-1.124922513690023607e+00,2.380878778393821449e+00,-1.483731079101573869e+00,9.897019378322068073e-05,6.620728074232997556e-05,6.666630506515450888e-05
1.473474265825631164e+02,3.592525227844358824e+02,1.050236145019531193e+02,1.039551473450689434e-02,6.942319400818632372e-03,6.966473162174224507e-03,-1.158072253847421962e+00,2.355867559245211851e+00,-1.511779785156250000e+00,9.896113693297174663e-05,6.620289762871919836e-05,6.666630506515537624e-05
1.461893543287156945e+02,3.616083903436810942e+02,1.035118347167968693e+02,1.049447587143986609e-02,7.008522298447351570e-03,7.033139467239379883e-03,-1.051971450160863242e+00,2.360208932829607420e+00,-1.446365356445312500e+00,9.895134459561930051e-05,6.619925490073882979e-05,6.666705012321489515e-05
1.451373828785548312e+02,3.639685992765107017e+02,1.020654693603515568e+02,1.059342721603548539e-02,7.074721553348090400e-03,7.099806517362594778e-03,-8.650359660901187908e-01,2.442842026675975831e+00,-1.295495605468744316e+00,9.894081706154911338e-05,6.619413309268649959e-05,6.666630506515450888e-05
1.442723469124647124e+02,3.664114413031866775e+02,1.007699737548828125e+02,1.069236803309703450e-02,7.140915686440776899e-03,7.166472822427749287e-03,-7.462326568901858082e-01,2.477466190688289771e+00,-1.212149047851568184e+00,9.893176580604186310e-05,6.618975171967036997e-05,6.666630506515537624e-05
1.435261142555745266e+02,3.688889074938749673e+02,9.955782470703124432e+01,1.079129979890307636e-02,7.207105438160447269e-03,7.233139127492904663e-03,-7.270329161528366058e-01,2.500145317909812093e+00,-1.189434814453122158e+00,9.892197927972683213e-05,6.618537092640056074e-05,6.666630506515537624e-05
1.427990813394216900e+02,3.713890528117847794e+02,9.836838989257812216e+01,1.089022177818280319e-02,7.273290809086847830e-03,7.299805432558060039e-03,-6.793546336358815552e-01,2.515352612094545748e+00,-1.140560913085934658e+00,9.891219468986453545e-05,6.618173032245985160e-05,6.666705012321402779e-05
1.421197267057858085e+02,3.739044054238793251e+02,9.722782897949218750e+01,1.098913397287266773e-02,7.339472539409307682e-03,7.366472482681274067e-03,-5.859186010882808660e-01,2.569718401830471066e+00,-1.034524536132806816e+00,9.890167519258433182e-05,6.617661103035157172e-05,6.666630506515537624e-05
1.415338081046975276e+02,3.764741238257097962e+02,9.619330444335938068e+01,1.108803564806525206e-02,7.405649150439659253e-03,7.433138787746429443e-03,-5.418567143113079965e-01,2.583362291472212746e+00,-9.976287841796818157e-01,9.889263138830942101e-05,6.617223197629383546e-05,6.666630506515537624e-05
1.409919513903862196e+02,3.790574861171820089e+02,9.519567565917969887e+01,1.118692827945356148e-02,7.471821382415953089e-03,7.499805092811584820e-03,-5.507320088782421408e-01,2.568375830203251553e+00,-9.978912353515738687e-01,9.888285260280932354e-05,6.616785350152011580e-05,6.666630506515450888e-05
1.404412193815079775e+02,3.816258619473852605e+02,9.419778442382812500e+01,1.128581113205637081e-02,7.537989235917473205e-03,7.566471397876739328e-03,-5.004070045510786713e-01,2.571467918564451338e+00,-9.519073486328153422e-01,9.887307575080425681e-05,6.616421502054440490e-05,6.666705012321489515e-05
1.399408123769568988e+02,3.841973298659497118e+02,9.324587707519530966e+01,1.138468420780717506e-02,7.604153450938017610e-03,7.633138447999954224e-03,-3.097442526208169511e-01,2.611733679048427348e+00,-7.907775878906164735e-01,9.886256428133857743e-05,6.615909824177375331e-05,6.666630506515537624e-05
1.396310681243360818e+02,3.868090635449981392e+02,9.245509948730469318e+01,1.148354677208851364e-02,7.670312549179791363e-03,7.699804753065109600e-03,-2.819605906491915448e-01,2.588973034703826670e+00,-7.476745605468835265e-01,9.885352791890247848e-05,6.615472150483126673e-05,6.666630506515450888e-05
1.393491075336868903e+02,3.893980365797019658e+02,9.170742492675780966e+01,1.158240030000741612e-02,7.736467270684622630e-03,7.766471058130264109e-03,-2.936161449950986935e-01,2.567487570853245415e+00,-7.561492919921875000e-01,9.884375686503542313e-05,6.615108461460999373e-05,6.666705012321489515e-05
1.390554913886917916e+02,3.919655241505552112e+02,9.095127563476562216e+01,1.168124405687245154e-02,7.802618355299232623e-03,7.833138108253479004e-03,-2.614885298715137196e-01,2.520479813114832268e+00,-7.307647705078039735e-01,9.883325140948480414e-05,6.614596971973429190e-05,6.666630506515537624e-05
1.387940028588202779e+02,3.944860039636700435e+02,9.022051086425781818e+01,1.178007730828193635e-02,7.868764325018966915e-03,7.899804413318634380e-03,-1.980612658045970420e-01,2.566778594706136118e+00,-6.568328857421903422e-01,9.882422062332599233e-05,6.614159471959001058e-05,6.666630506515537624e-05
1.385959415930156808e+02,3.970527825583761796e+02,8.956367797851562784e+01,1.187890152890526234e-02,7.934905919738556926e-03,7.966470718383789756e-03,-1.929143898011318470e-01,2.582003834938177533e+00,-6.456451416015767109e-01,9.881445536156011067e-05,6.613722029858749851e-05,6.666630506515364152e-05
1.384030272032145490e+02,3.996347863933143572e+02,8.891803283691405113e+01,1.197771598426682245e-02,8.001043140037144424e-03,8.033137023448943398e-03,-2.028394947303695517e-01,2.569593262081468765e+00,-6.433135986328011313e-01,9.880469202994297817e-05,6.613358552763279330e-05,6.666705012321576251e-05
1.382001877084841794e+02,4.022043796553958259e+02,8.827471923828125000e+01,1.207652067629676543e-02,8.067176725564777218e-03,8.099804073572159160e-03,-2.005346324021388682e-01,2.560034726245135062e+00,-6.489746093750028422e-01,9.879419458532108511e-05,6.612847314269379440e-05,6.666630506515537624e-05
1.379996530760820406e+02,4.047644143816409610e+02,8.762574462890624716e+01,1.217531487088208651e-02,8.133305198707471012e-03,8.166470378637314537e-03,-1.197554034455947658e-01,1.510692710530747718e+00,-4.110748291015653422e-01,6.034697762244758956e-05,4.039417320557230073e-05,4.072487354278564453e-05
1.378798976726364458e+02,4.062751070921717087e+02,8.721466979980468182e+01,1.223566184850453410e-02,8.173699371913043313e-03,8.207195252180100181e-03,-1.921966013953806396e-01,2.490517848181866611e+00,-6.418548583984318157e-01,9.879392880581851222e-05,6.613177478891757444e-05,6.667673587799037571e-05
1.376877010712410652e+02,4.087656249403535753e+02,8.657281494140625000e+01,1.233445577731035261e-02,8.239831146701960887e-03,8.273871988058090557e-03,-3.148431233901192172e-01,4.065400767971084406e+00,-1.056240844726559658e+00,1.628674601873558031e-04,1.090267407197094418e-04,1.099348068237301218e-04
1.373728579478509459e+02,4.128310257083246597e+02,8.551657409667969034e+01,1.249732323749770842e-02,8.348857887421670329e-03,8.383806794881820679e-03,-3.064995068979214921e-02,6.168613994116185495e-01,-1.459716796875056843e-01,2.469036003260351164e-05,1.652824147483668293e-05,1.666694879531860352e-05
1.373422079971611538e+02,4.134478871077362783e+02,8.537060241699218466e+01,1.252201359753031193e-02,8.365386128896507012e-03,8.400473743677139282e-03,-1.006549401387246689e-01,2.381979401874559699e+00,-5.813110351562471578e-01,9.844340168279480663e-05,6.590336948175158638e-05,6.645917892456054688e-05
1.372415530570224291e+02,4.158298665096108380e+02,8.478929138183593750e+01,1.262045699921310674e-02,8.431289498378258598e-03,8.466932922601699829e-03,-7.469238803847133568e-02,2.396692674059977435e+00,-5.734313964843806843e-01,9.904576528786332434e-05,6.630829613634217634e-05,6.687194108962943306e-05
1.371668606689839578e+02,4.182265591836708154e+02,8.421585998535155682e+01,1.271950276450097006e-02,8.497597794514600775e-03,8.533804863691329262e-03,-8.006180754841807357e-02,2.530337946136057781e+00,-6.008758544921875000e-01,1.032890039612491956e-04,6.915234090144536938e-05,6.974488496780395508e-05
1.370867988614355397e+02,4.207568971298068732e+02,8.361498413085936932e+01,1.282279176846221926e-02,8.566750135416046144e-03,8.603549748659133217e-03,-7.730476692481147438e-02,2.357574075181844364e+00,-5.410247802734318157e-01,9.357865568321993566e-05,6.265183664420047316e-05,6.319284439086983451e-05
1.370094940945107282e+02,4.231144712049887175e+02,8.307395935058593750e+01,1.291637042414543919e-02,8.629401972060246617e-03,8.666742593050003052e-03,-8.832415631971457515e-02,2.614721117555120600e+00,-6.298522949218750000e-01,1.082312782872390383e-04,7.246620672245879247e-05,7.309690117835929146e-05
1.369211699381910137e+02,4.257291923225438381e+02,8.244410705566406250e+01,1.302460170243267823e-02,8.701868178782705410e-03,8.739839494228362343e-03,-3.237000164838832461e-02,2.191139281027744801e+00,-4.970184326171818157e-01,9.003744978915498298e-05,6.028515832985636980e-05,6.081387400627170925e-05
1.368887999365426253e+02,4.279203316035715829e+02,8.194708862304688068e+01,1.311463915222183321e-02,8.762153337112561780e-03,8.800653368234634052e-03,-3.061253088915805165e-02,2.473600501929411166e+00,-5.639923095703238687e-01,1.051893243840269082e-04,7.043308265123997269e-05,7.105544209480389728e-05
1.368581874056534673e+02,4.303939321055009941e+02,8.138309631347655682e+01,1.321982847660586012e-02,8.832586419763801752e-03,8.871708810329437950e-03,-5.007453374994952355e-02,2.380050573564403749e+00,-5.130310058593750000e-01,1.004347648603538118e-04,6.725128700556422257e-05,6.785020232200587864e-05
1.368081128719035178e+02,4.327739826790653979e+02,8.087006530761718182e+01,1.332026324146621393e-02,8.899837706769365975e-03,8.939559012651443828e-03,-5.108108544001765949e-02,2.094028236251176622e+00,-4.493316650390539735e-01,8.944919229516255788e-05,5.989811184175033998e-05,6.043538451194763184e-05
1.367570317864635001e+02,4.348680109153165745e+02,8.042073364257812784e+01,1.340971243376137649e-02,8.959735818611116315e-03,8.999994397163391460e-03,-9.980022975258862061e-02,2.136168727590757044e+00,-4.614562988281250000e-01,1.004289277562325777e-04,6.725233559086093993e-05,6.785988807678222656e-05
1.366572315567109115e+02,4.370041796429073315e+02,7.995927734375000284e+01,1.351014136151760907e-02,9.026988154201977255e-03,9.067854285240173687e-03,-9.784350061278246358e-02,2.244524325420229616e+00,-4.704528808593835265e-01,9.996315131362287776e-05,6.694288968513324722e-05,6.755217909812892552e-05
1.365593880560981290e+02,4.392487039683275611e+02,7.948882446289061932e+01,1.361010451283123195e-02,9.093931043887110502e-03,9.135406464338302612e-03,-1.071228169209064163e-01,2.333377441374807404e+00,-4.892181396484289735e-01,1.053033118229625836e-04,7.052045840985794734e-05,7.116720080375601998e-05
1.364522652391772226e+02,4.415820814097023685e+02,7.899960632324219034e+01,1.371540782465419453e-02,9.164451502296968449e-03,9.206573665142058632e-03,-9.203940771962493272e-02,2.175020118191412166e+00,-4.514221191406306843e-01,9.319682182390778835e-05,6.241582206748148842e-05,6.299242377281327743e-05
1.363602258314575977e+02,4.437571015278937807e+02,7.854818420410155966e+01,1.380860464647810232e-02,9.226867324364449938e-03,9.269566088914871910e-03,-1.062612809065797137e-01,2.208889605050273985e+00,-4.935913085937357891e-01,9.496922291979403852e-05,6.360480705541911306e-05,6.419643759727339249e-05
1.362539645505510180e+02,4.459659911329440547e+02,7.805459289550782387e+01,1.390357386939789636e-02,9.290472131419869051e-03,9.333762526512145302e-03,-1.157856113376567464e-01,2.462275428678879052e+00,-5.418518066406363687e-01,1.061849035042736200e-04,7.111849817664078754e-05,7.178485393524204616e-05
1.361381789392133612e+02,4.484282665616229338e+02,7.751274108886718750e+01,1.400975877290216998e-02,9.361590629596509838e-03,9.405547380447387348e-03,-1.058037031471315004e-01,2.015793962886505142e+00,-4.576263427734375000e-01,9.047331972989423876e-05,6.059672300613196116e-05,6.116852164268597736e-05
1.360323752360662297e+02,4.504440605245094389e+02,7.705511474609375000e+01,1.410023209263206422e-02,9.422187352602641799e-03,9.466715902090073326e-03,-1.423573378340279305e-01,2.265669910963310940e+00,-5.096496582031306843e-01,1.010750609640141684e-04,6.770021861493037696e-05,6.834343075752188912e-05
1.358900178982322018e+02,4.527097304354727498e+02,7.654546508789061932e+01,1.420130715359607838e-02,9.489887571217572176e-03,9.535059332847595215e-03,-1.333377194799254539e-01,2.356836426058123379e+00,-5.281677246093750000e-01,1.035224055405351701e-04,6.934130964100955474e-05,7.000491023063590279e-05
1.357566801787522763e+02,4.550665668615308732e+02,7.601729736328124432e+01,1.430482955913661355e-02,9.559228880858581731e-03,9.605064243078231118e-03,-1.334950037441728909e-01,2.052257232510271479e+00,-4.641418457031250000e-01,9.134554575230234563e-05,6.118837087456911739e-05,6.177797913551469344e-05
1.356231851750081034e+02,4.571188240940411447e+02,7.555315551757811932e+01,1.439617510488891590e-02,9.620417251733150849e-03,9.666842222213745811e-03,-1.368134756399967955e-01,2.265961045208030100e+00,-5.081024169921875000e-01,9.958382730983726672e-05,6.670763996899538306e-05,6.735473871231044407e-05
1.354863716993681066e+02,4.593847851392491748e+02,7.504505310058593182e+01,1.449575893219875317e-02,9.687124891702146232e-03,9.734196960926056255e-03,-1.883435957578001307e-01,2.575042762928944740e+00,-5.591217041015568157e-01,1.141518559947003048e-04,7.646974830927306954e-05,7.721707224845816842e-05
1.352980281036103065e+02,4.619598279021781195e+02,7.448593139648437500e+01,1.460991078819345347e-02,9.763594640011419301e-03,9.811414033174514424e-03,-1.553542052280931784e-01,1.832039961871601008e+00,-4.047088623046875000e-01,8.230772564537906788e-05,5.513864587120172189e-05,5.568116903305157794e-05
1.351426738983822133e+02,4.637918678640497205e+02,7.408122253417968750e+01,1.469221851383883254e-02,9.818733285882621023e-03,9.867095202207566002e-03,-2.178800078782501259e-01,2.206717012275419165e+00,-5.156066894531221578e-01,9.793048070203848321e-05,6.560699920327844881e-05,6.625652313232283097e-05
1.349247938905039632e+02,4.659985848763251397e+02,7.356561584472656534e+01,1.479014899454087102e-02,9.884340285085899472e-03,9.933351725339888832e-03,-2.226840081549141814e-01,2.343716821447799248e+00,-5.339202880859375000e-01,1.051805971353843988e-04,7.046621772958255869e-05,7.116869091987679252e-05
1.347021098823490490e+02,4.683423016977729390e+02,7.303169555664062784e+01,1.489532959167625542e-02,9.954806502815482031e-03,1.000452041625976562e-02,-1.965288158457383361e-01,2.171000335675500992e+00,-4.873901367187585265e-01,9.694762310232321600e-05,6.495264667735756170e-05,6.560459733009373073e-05
1.345055810665033107e+02,4.705133020334484399e+02,7.254430541992186932e+01,1.499227721477857864e-02,1.001975914949283959e-02,1.007012501358985936e-02,-1.799520493982242897e-01,2.117734643757785307e+00,-4.785522460937414735e-01,9.591516789208241744e-05,6.426247649174779419e-05,6.491169333457981472e-05
1.343256290171050864e+02,4.726310366772062252e+02,7.206575317382812784e+01,1.508819238267066105e-02,1.008402162598458739e-02,1.013503670692443917e-02,-1.688195735935664743e-01,2.627043308105442065e+00,-5.648498535156392109e-01,1.177283817849310299e-04,7.888061382043363989e-05,7.968321442603995552e-05
1.341568094435115199e+02,4.752580799853116673e+02,7.150090332031248863e+01,1.520592076445559208e-02,1.016290223980502103e-02,1.021471992135047913e-02,-1.273866386018198682e-01,1.904708756112086121e+00,-4.432586669921789735e-01,8.748006664683304068e-05,5.861598812573545758e-05,5.921646952629019967e-05
1.340294228049097001e+02,4.771627887414237534e+02,7.105764465332030966e+01,1.529340083110242512e-02,1.022151822793075648e-02,1.027393639087676933e-02,-1.069369080760225188e-01,2.257095712675948107e+00,-4.749603271484375000e-01,1.021563002640245299e-04,6.845140188882492538e-05,6.915703415870735893e-05
1.339224858968336775e+02,4.794198844540997015e+02,7.058268432617187216e+01,1.539555713136644965e-02,1.028996962981958141e-02,1.034309342503547668e-02,-1.012356109445988750e-01,1.901950619018862199e+00,-3.768096923828068157e-01,8.721698616431794449e-05,5.844336581700693145e-05,5.904957652091979980e-05
1.338212502858890787e+02,4.813218350731185637e+02,7.020587463378906534e+01,1.548277411753076760e-02,1.034841299563658834e-02,1.040214300155639648e-02,-1.398773562116275571e-01,2.106091804017921731e+00,-4.497253417968778422e-01,9.879936116857258865e-05,6.620563310340103758e-05,6.689652800559962864e-05
1.336813729296774511e+02,4.834279268771364855e+02,6.975614929199218750e+01,1.558157347869934019e-02,1.041461862873998938e-02,1.046903952956199611e-02,-1.942366201581933183e-01,2.528145658630194248e+00,-5.316589355468721578e-01,1.186326038509575437e-04,7.950039913995864127e-05,8.033588528633117676e-05
1.334871363095192578e+02,4.859560725357666797e+02,6.922449035644531534e+01,1.570020608255029773e-02,1.049411902787994802e-02,1.054937541484832729e-02,-1.868639357195149842e-01,1.536726811469691256e+00,-3.658020019531278422e-01,7.531239990183138944e-05,5.047071793700536047e-05,5.100443959236110325e-05
1.333002723737997428e+02,4.874927993472363710e+02,6.885868835449218750e+01,1.577551848245212912e-02,1.054458974581695338e-02,1.060037985444068839e-02,-3.386019002432476555e-01,2.248479083753238683e+00,-6.468383789062386313e-01,1.149958428871729332e-04,7.706693939898111301e-05,7.788687944412266140e-05
1.329616704735564952e+02,4.897412784309896097e+02,6.821184997558594887e+01,1.589051432533930205e-02,1.062165668521593449e-02,1.067826673388481105e-02,-2.568735714303613804e-01,1.730626931311235239e+00,-5.223541259765625000e-01,8.941316801044929541e-05,5.992406981554163070e-05,6.056576967239379883e-05
1.327047969021261338e+02,4.914719053623008449e+02,6.768949584960938637e+01,1.597992749334975135e-02,1.068158075503147612e-02,1.073883250355720485e-02,-1.313084139801074457e+01,-3.135741705245186495e+01,-1.830443572998048296e+01,1.016756185619090147e-04,6.814572017811368343e-05,6.887987256050213947e-05
1.195739555041153892e+02,4.601144883098489800e+02,4.938506011962890341e+01,1.608160311191166036e-02,1.074972647520958981e-02,1.080771237611770699e-02,4.463654506236451880e-01,2.147515388244983114e+00,8.044738769531534217e-02,9.890883081032156299e-05,6.629183767349437761e-05,6.701052188873291016e-05
1.200203209547390344e+02,4.622620036980939631e+02,4.946550750732421875e+01,1.618051194272198193e-02,1.081601831288308418e-02,1.087472289800643990e-02,7.264340141205423151e-01,3.675923627416977979e+00,1.670822143554673289e-01,1.686529453348156737e-04,1.130434648749893689e-04,1.142792403697953652e-04
1.207467549688595767e+02,4.659379273255109410e+02,4.963258972167968608e+01,1.634916488805679760e-02,1.092906177775807355e-02,1.098900213837623527e-02,3.855155383160564497e-01,2.092281056908461778e+00,8.229370117187784217e-02,9.837373624800929695e-05,6.593949783512305374e-05,6.666630506515537624e-05
1.211322705071756332e+02,4.680302083824194028e+02,4.971488342285156392e+01,1.644753862430480690e-02,1.099500127559319661e-02,1.105566844344139064e-02,3.523532248491108021e-01,2.060560381300604149e+00,7.114868164062215783e-02,9.836405980814116878e-05,6.593515010465574033e-05,6.666630506515537624e-05
1.214846237320247440e+02,4.700907687637200070e+02,4.978603210449218608e+01,1.654590268411294807e-02,1.106093642569785235e-02,1.112233474850654602e-02,7.314531243412147887e-02,4.434749124947643395e-01,1.273651123047159217e-02,2.151571099064455983e-05,1.442324117165508235e-05,1.458376646041800728e-05
1.215577690444588654e+02,4.705342436762147713e+02,4.979876861572265767e+01,1.656741839510359263e-02,1.107535966686950743e-02,1.113691851496696403e-02,3.134117070684112605e-01,1.908862702957264901e+00,4.866638183593607891e-02,9.337106318563215268e-05,6.259139107654514145e-05,6.329044699669023055e-05
1.218711807515272767e+02,4.724431063791720362e+02,4.984743499755859375e+01,1.666078945828922478e-02,1.113795105794605257e-02,1.120020896196365426e-02,3.308373385596468097e-01,2.044775279319935635e+00,6.261138916015340783e-02,9.968534762434463903e-05,6.682530569932301767e-05,6.757602095603873482e-05
1.222020180900869235e+02,4.744878816584919718e+02,4.991004638671874716e+01,1.676047480591356942e-02,1.120477636364537559e-02,1.126778498291969299e-02,2.896470155837533866e-01,1.763124727949332282e+00,-1.311035156249573674e-02,9.967394624302294837e-05,6.682084037623603479e-05,6.757602095603873482e-05
1.224916651056706769e+02,4.762510063864413041e+02,4.989693603515625142e+01,1.686014875215659237e-02,1.127159720402161162e-02,1.133536100387573173e-02,6.244435047877061606e-02,1.541707819510520494e-01,-5.979660034179730133e-01,1.022073482768934283e-04,6.852100079716462455e-05,6.930008530616794948e-05
1.225541094561494475e+02,4.764051771683923562e+02,4.929897003173827841e+01,1.696235610043348579e-02,1.134011820481877625e-02,1.140466108918189968e-02,-1.152012926704884421e+00,-1.105415585460923467e+01,-4.402253723144525566e+00,1.056906921882497241e-04,7.085797457574878611e-05,7.166862487792934056e-05
1.214020965294445631e+02,4.653510213137831215e+02,4.489671630859375284e+01,1.706804679262173552e-02,1.141097617939452503e-02,1.147632971405982902e-02,3.900943241113168369e-01,1.753065391647226079e+00,7.263183593750000000e-02,9.469095474359118247e-05,6.348666685208892435e-05,6.421729922294686088e-05
1.217921908535558799e+02,4.671040867054303476e+02,4.496934814453125284e+01,1.716273774736532670e-02,1.147446284624661396e-02,1.154054701328277588e-02,6.437670012591638624e-01,3.433362003013485264e+00,2.322982788085923289e-01,1.834985318230827889e-04,1.230344081065044837e-04,1.244619488716125488e-04
1.224359578548150438e+02,4.705374487084438329e+02,4.520164642333984517e+01,1.734623627918840949e-02,1.159749725435311844e-02,1.166500896215438843e-02,3.305788687337383180e-01,1.879788846228962029e+00,1.447113037109346578e-01,9.827570431027513043e-05,6.589543771517818171e-05,6.666630506515537624e-05
1.227665367235487821e+02,4.724172375546727949e+02,4.534635772705077983e+01,1.744451198349868462e-02,1.166339269206829662e-02,1.173167526721954380e-02,3.291507083777247544e-01,1.973752288297419000e+00,1.580917358398465922e-01,9.826604714527689688e-05,6.589109579235863379e-05,6.666630506515537624e-05
1.230956874319265069e+02,4.743909898429702139e+02,4.550444946289062642e+01,1.754277803064396152e-02,1.172928378786065526e-02,1.179834157228469918e-02,3.209384480957453434e-01,1.980283031830879281e+00,1.416198730468707367e-01,9.825639187781287642e-05,6.588675444212793719e-05,6.666630506515364152e-05
1.234166258800222522e+02,4.763712728748010932e+02,4.564606933593749716e+01,1.764103442252177439e-02,1.179517054230278320e-02,1.186500787734985282e-02,3.061382299834178866e-01,1.974265043310083456e+00,1.447036743164034078e-01,9.824673850798368302e-05,6.588314993675840892e-05,6.666705012321576251e-05
1.237227641100056701e+02,4.783455379181111766e+02,4.579077301025390057e+01,1.773928116102975808e-02,1.186105369223954160e-02,1.193167492747306858e-02,2.789690376294799989e-01,1.975064241049381053e+00,1.638397216796931843e-01,9.823708703435990452e-05,6.587807340850508619e-05,6.666630506515537624e-05
1.240017331476351501e+02,4.803206021591605577e+02,4.595461273193359375e+01,1.783751824806411798e-02,1.192693176564804669e-02,1.199834123253822396e-02,2.756907669189843091e-01,1.986142682205297660e+00,1.669387817382812500e-01,9.822743745724338282e-05,6.587373377405295050e-05,6.666630506515364152e-05
1.242774239145541344e+02,4.823067448413658553e+02,4.612155151367187500e+01,1.793574568552136136e-02,1.199280549942209964e-02,1.206500753760337760e-02,6.365183372054161737e-02,4.972308705713430754e-01,4.539184570312215783e-02,2.455498594199773121e-05,1.646812352455555295e-05,1.666694879531860352e-05
1.243410757482746760e+02,4.828039757119371984e+02,4.616694335937499716e+01,1.796030067146335910e-02,1.200927362294665519e-02,1.208167448639869621e-02,2.365955002475601532e-01,1.866105480355258806e+00,1.658767700195369343e-01,9.207619352040105620e-05,6.175194378505582948e-05,6.249994039535591850e-05
1.245776712485222362e+02,4.846700811922924572e+02,4.633282012939453409e+01,1.805237686498376015e-02,1.207102556673171102e-02,1.214417442679405212e-02,2.145304292705247917e-01,1.695533973677584072e+00,1.469406127929602235e-01,8.286337475021943177e-05,5.557319478967197302e-05,5.624964833259547825e-05
1.247922016777927610e+02,4.863656151659700413e+02,4.647976074218749432e+01,1.813524023973397958e-02,1.212659876152138300e-02,1.220042407512664760e-02,2.573696106263412275e-01,2.022561710874583696e+00,1.714477539062500000e-01,9.819673558495931043e-05,6.586058270960024053e-05,6.666630506515537624e-05
1.250495712884191022e+02,4.883881768768446250e+02,4.665120849609374432e+01,1.823343697531893889e-02,1.219245934423098324e-02,1.226709038019180298e-02,2.393405380817341666e-01,2.008291371343716492e+00,1.626144409179772765e-01,9.818855698170633750e-05,6.585624537890251429e-05,6.666630506515537624e-05
1.252889118265008364e+02,4.903964682481883415e+02,4.681382293701172159e+01,1.833162553230064523e-02,1.225831558960988575e-02,1.233375668525695835e-02,2.105504700541445118e-01,1.987888754910102307e+00,1.531692504882755657e-01,9.817891693529937069e-05,6.585264455137400386e-05,6.666705012321402779e-05
1.254994622965549809e+02,4.923843570030984438e+02,4.696699218749999716e+01,1.842980444923594460e-02,1.232416823416125976e-02,1.240042373538017238e-02,1.745518644768537797e-01,1.995363727640437901e+00,1.575622558593750000e-01,9.816927878204123603e-05,6.584757238266639168e-05,6.666630506515537624e-05
1.256740141610318346e+02,4.943797207307388817e+02,4.712455444335937216e+01,1.852797372801798584e-02,1.239001580654392615e-02,1.246709004044532776e-02,-1.261096093340086099e-02,1.866831068837996099e+00,5.504913330078409217e-02,9.815964252072456597e-05,6.584397260060194379e-05,6.666705012321402779e-05
1.256614032000984338e+02,4.962465517995768778e+02,4.717960357666015625e+01,1.862613337053871040e-02,1.245585977914452809e-02,1.253375709056854179e-02,-3.255745859591172575e-01,1.531104479260193330e+00,-2.053451538085937500e-01,9.815000815078384067e-05,6.583890167030648222e-05,6.666630506515537624e-05
1.253358286141393165e+02,4.977776562788370711e+02,4.697425842285156250e+01,1.872428337868949424e-02,1.252169868081483457e-02,1.260042339563369716e-02,-3.746380295422824247e-01,1.527889965046028919e+00,-2.343597412109375000e-01,9.814037567231967407e-05,6.583456719492890297e-05,6.666630506515537624e-05
1.249611905845970341e+02,4.993055462438831000e+02,4.673989868164062500e+01,1.882242375436181392e-02,1.258753324800976348e-02,1.266708970069885254e-02,-3.901648774623538429e-01,1.493669695707922074e+00,-2.744995117187443157e-01,9.812928289665290293e-05,6.583023329000819990e-05,6.666630506515537624e-05
1.245710257071346803e+02,5.007992159395910221e+02,4.646539916992188068e+01,1.892055303725846682e-02,1.265336348129977168e-02,1.273375600576400792e-02,-5.627563262943340305e-01,8.202112692388254800e-01,-6.824005126953167633e-01,9.812111652932400951e-05,6.582589995543855488e-05,6.666630506515537624e-05
1.240082693808403462e+02,5.016194272088298476e+02,4.578299865722656392e+01,1.901867415378779083e-02,1.271918938125521023e-02,1.280042231082916329e-02,-3.697470140807013195e-01,1.640779256342739245e-01,-7.614974975585937500e-01,9.811148972018249315e-05,6.582156719175773218e-05,6.666630506515364152e-05
1.236385223667596449e+02,5.017835051344641215e+02,4.502150115966797017e+01,1.911678564350797332e-02,1.278501094844696796e-02,1.286708861589431693e-02,-1.745654066363186985e-01,-1.170879416444728349e+01,-3.680598449707034092e+00,9.810186480029361999e-05,6.581723499798387833e-05,6.666630506515537624e-05
1.234639569601233262e+02,4.900747109700168380e+02,4.134090270996093608e+01,1.921488750830826694e-02,1.285082818344495184e-02,1.293375492095947231e-02,3.676921812728437544e-01,1.096498298184144460e+00,-6.506347656248578915e-03,9.809224176822450847e-05,6.581290337487159803e-05,6.666630506515537624e-05
1.238316491413961700e+02,4.911712092682009825e+02,4.133439636230468750e+01,1.931297975007649145e-02,1.291664108681982344e-02,1.300042122602462769e-02,9.773951545801651264e-02,1.555388327337993815e+00,-1.282196044921590783e-02,9.808262062430475603e-05,6.581004321736666496e-05,6.666779518127441406e-05
1.239293886568541865e+02,4.927265975955389763e+02,4.132157440185547159e+01,1.941106237070079621e-02,1.298245113003719010e-02,1.306708902120590210e-02,-1.626831160130990384e-01,1.376014058892849334e+00,-2.343826293945312500e-01,9.807300136730617846e-05,6.580424174166057960e-05,6.666630506515537624e-05
1.237667055408410874e+02,4.941026116544318256e+02,4.108719177246094034e+01,1.950913537206810239e-02,1.304825537177885068e-02,1.313375532627105748e-02,-1.076815338470424877e-01,1.421112071418804135e+00,-2.380996704101576711e-01,9.806338399668754202e-05,6.579991182813736683e-05,6.666630506515537624e-05
1.236590240069940450e+02,4.955237237258506298e+02,4.084909210205078267e+01,1.960719875606478993e-02,1.311405528360698805e-02,1.320042163133621285e-02,-7.995425324939731127e-02,1.422036943783098195e+00,-2.797439575195355133e-01,9.805230747199703001e-05,6.579558248482816896e-05,6.666630506515364152e-05
1.235790697537446476e+02,4.969457606696337280e+02,4.056934814453124716e+01,1.970525106353678696e-02,1.317985086609181622e-02,1.326708793640136649e-02,-5.992808994530918199e-01,4.655639942375842111e-01,-1.146723937988284092e+00,9.737652482251502040e-05,6.534274845131950171e-05,6.621181964874302273e-05
