Sigma_1,Sigma_2,Sigma_12,Epsilon_1,Epsilon_2,Epsilon_12,dSigma_1,dSigma_2,dSigma_12,dEpsilon_1,dEpsilon_2,dEpsilon_12
-0.000000000000000000e+00,-0.000000000000000000e+00,-0.000000000000000000e+00,0.000000000000000000e+00,0.000000000000000000e+00,0.000000000000000000e+00,1.267612785839675915e+01,1.164912151714891664e+01,5.980964660644531250e+00,1.999800121638574792e-04,1.333241062473146973e-04,6.666670087724923816e-05
1.267612785839675915e+01,1.164912151714891664e+01,5.980964660644531250e+00,1.999800121638574792e-04,1.333241062473146973e-04,6.666670087724923816e-05,6.335654593282439961e+00,5.822658264108351744e+00,2.987293243408203125e+00,9.997499944099476950e-05,6.665539379159600257e-05,3.333335043862462586e-05
1.901178245167919911e+01,1.747177978125726838e+01,8.968257904052734375e+00,2.999550116048522487e-04,1.999795000389106999e-04,1.000000513158738640e-04,6.334800797703532993e+00,5.821705838938772359e+00,2.985677337646484020e+00,9.996502871346707886e-05,6.665093950772614040e-05,3.333335043862461231e-05
2.534658324938273211e+01,2.329348562019604074e+01,1.195393524169921839e+01,3.999200403183193276e-04,2.666304395466368403e-04,1.333334017544984763e-04,6.333940257953820208e+00,5.820756884940603726e+00,2.984059143066405184e+00,9.995499016253158245e-05,6.664652073144885841e-05,3.333335043862462586e-05
3.168052350733655231e+01,2.911424250513664447e+01,1.493799438476562358e+01,4.998750304808509100e-04,3.332769602780856987e-04,1.666667521931231022e-04,6.333082136782479665e+00,5.819803005407059970e+00,2.982441711425781961e+00,9.994504669895497122e-05,6.664205599510791356e-05,3.333335043862462586e-05
3.801360564411903198e+01,3.493404551054370444e+01,1.792043609619140554e+01,5.998200771798058812e-04,3.999190162731936123e-04,2.000001026317477280e-04,6.332224904628986906e+00,5.818850307243430109e+00,2.980824279785156961e+00,9.993505868506125708e-05,6.663761512720566124e-05,3.333333879709243232e-05
4.434583054874801888e+01,4.075289581778713455e+01,2.090126037597656250e+01,6.997551358648671383e-04,4.665566314003992735e-04,2.333334414288401604e-04,6.331363981984665656e+00,5.817903370392556894e+00,2.979207611083985796e+00,9.992507266705201192e-05,6.663317485134360616e-05,3.333336208015679229e-05
5.067719453073268454e+01,4.657079918817969144e+01,2.388046798706054830e+01,7.996802085319191502e-04,5.331898062517428797e-04,2.666668035089969527e-04,6.330505471333111700e+00,5.816949984564629972e+00,2.977593994140626421e+00,9.991499559590334614e-05,6.662878170556475309e-05,3.333333879709245943e-05
5.700770000206579624e+01,5.238774917274432141e+01,2.685806198120117472e+01,8.995952041278224964e-04,5.998185879573076328e-04,3.000001423060894121e-04,6.329640224791404535e+00,5.815999302465336029e+00,2.975975799560544033e+00,9.990510662625400919e-05,6.662429607150047780e-05,3.333336208015679229e-05
6.333734022685720078e+01,5.820374847520965744e+01,2.983403778076171875e+01,9.995003107540765055e-04,6.664428840288081106e-04,3.333335043862462044e-04,6.328789610984848935e+00,5.815045223690056275e+00,2.974363708496092329e+00,9.989512659297180089e-05,6.661985757060564020e-05,3.333333879709245943e-05
6.966612983784204971e+01,6.401879369889971372e+01,3.280840148925781108e+01,1.099395437347048306e-03,7.330627415994137508e-04,3.666668431833386638e-04,6.327926141953597039e+00,5.814103016253497458e+00,2.972749328613282671e+00,9.988514855340403092e-05,6.661541966061226231e-05,3.333336208015679229e-05
7.599405597979564675e+01,6.983289671515321118e+01,3.578115081787109375e+01,1.199280585900452337e-03,7.996781612600260131e-04,4.000002052634954561e-04,6.327062035715186994e+00,5.813142139384339657e+00,2.971134948730465908e+00,9.987517250695308706e-05,6.661098234228991083e-05,3.333333879709240522e-05
8.232111801551083374e+01,7.564603885453755083e+01,3.875228576660155966e+01,1.299155758407405424e-03,8.662891436023159239e-04,4.333335440605878613e-04,6.326209516390733256e+00,5.812199243473045840e+00,2.969523620605471592e+00,9.986519845280017980e-05,6.660654561463244614e-05,3.333333879709245943e-05
8.864732753190156700e+01,8.145823809801059667e+01,4.172180938720703125e+01,1.399020956860205604e-03,9.328956892169483700e-04,4.666668828576803207e-04,6.325344129347712396e+00,5.811243785306828613e+00,2.967910766601562500e+00,9.985513339833408490e-05,6.660210947818793244e-05,3.333338536322112515e-05
9.497267166124927940e+01,8.726948188331742529e+01,4.468972015380859375e+01,1.498876090258539689e-03,9.994977986951363025e-04,5.000002682209014459e-04,6.324056315186552979e+00,5.810214661370267208e+00,2.966160583496090908e+00,9.984534931301090703e-05,6.659767393283775802e-05,3.333333879709245943e-05
1.012967279764358324e+02,9.307969654468769249e+01,4.765588073730468466e+01,1.598721439571550596e-03,1.066095472627974061e-03,5.333336070179939053e-04,6.319099376018911585e+00,5.808238069423055094e+00,2.962167358398438921e+00,9.983528824037877190e-05,6.659333200475917904e-05,3.333333879709245943e-05
1.076158273524547440e+02,9.888793461411074759e+01,5.061804809570312358e+01,1.698556727811929368e-03,1.132688804632733240e-03,5.666669458150863647e-04,6.312838173401203790e+00,5.805784264795477156e+00,2.957321166992187500e+00,9.982513622067449785e-05,6.658880460742389387e-05,3.333333879709245943e-05
1.139286655258559477e+02,1.046937188789062247e+02,5.357536926269531108e+01,1.798381864032603866e-03,1.199277609240157133e-03,6.000002846121788242e-04,6.309522243911686701e+00,5.803928726476968336e+00,2.953237915039061079e+00,9.981535806883657692e-05,6.658437083376296008e-05,3.333338536322112515e-05
1.202381877697676344e+02,1.104976476053831931e+02,5.652860717773437216e+01,1.898197222101440443e-03,1.265861980073920093e-03,6.333336699753999493e-04,6.305532195289828223e+00,5.801938206877764515e+00,2.949325561523437500e+00,9.980539595727186408e-05,6.657993765072441235e-05,3.333333879709245943e-05
1.265437199650574627e+02,1.162995858122609576e+02,5.947793273925780966e+01,1.998002618058712307e-03,1.332441917724644506e-03,6.666670087724924088e-04,6.303620128845480508e+00,5.800705031027305836e+00,2.947949218749997158e+00,9.979543583449714331e-05,6.657550505752523988e-05,3.333333879709245943e-05
1.328473400939029432e+02,1.221002908432882634e+02,6.242588195800780682e+01,2.097798053893209450e-03,1.399017422782169746e-03,7.000003475695848682e-04,6.300887443504421981e+00,5.798664609087182953e+00,2.944015502929687500e+00,9.978547769925192115e-05,6.657107305493435885e-05,3.333333879709245943e-05
1.391482275374073652e+02,1.278989554523754464e+02,6.536989746093749432e+01,2.197583531592461371e-03,1.465588495837104105e-03,7.333336863666773276e-04,6.296905583358523018e+00,5.796428013646590216e+00,2.939529418945312500e+00,9.977552155116279839e-05,6.656664164194736437e-05,3.333338536322112515e-05
1.454451331207658882e+02,1.336953834660220366e+02,6.830942687988280682e+01,2.297359053143624170e-03,1.532155137479051469e-03,7.666670717298984528e-04,6.291759704657636121e+00,5.793848473873055127e+00,2.935083007812508527e+00,9.976556738963563223e-05,6.656221081911134485e-05,3.333333879709245943e-05
1.517368928254235243e+02,1.394892319398950917e+02,7.124450988769531534e+01,2.397124620533259802e-03,1.598717348298162814e-03,8.000004105269909122e-04,6.285008791776675707e+00,5.790803624858483545e+00,2.930868530273428973e+00,9.975561521385336791e-05,6.655778058630812226e-05,3.333333879709245943e-05
1.580219016172002000e+02,1.452800355647535753e+02,7.417537841796874432e+01,2.496880235747113170e-03,1.665275128884470936e-03,8.333337493240833716e-04,6.280274880848594421e+00,5.788785182091345405e+00,2.929019165039065342e+00,9.974566502388756278e-05,6.655335094275576999e-05,3.333333879709235101e-05
1.643021764980487944e+02,1.510688207468449207e+02,7.710439758300780966e+01,2.596625900771000733e-03,1.731828479827226706e-03,8.666670881211757226e-04,6.274670139842044136e+00,5.785616656323185225e+00,2.923803710937491473e+00,9.973571681847880760e-05,6.654892188922212001e-05,3.333333879709245943e-05
1.705768466378908386e+02,1.568544374031681059e+02,8.002820129394530113e+01,2.696361617589479540e-03,1.798377401716448826e-03,9.000004269182681821e-04,6.267361819733366701e+00,5.781725785182771915e+00,2.918164062500011369e+00,9.972577059725457049e-05,6.654449342470385165e-05,3.333333879709245943e-05
1.768442084576242053e+02,1.626361631883508778e+02,8.294636535644531250e+01,2.796087388186734111e-03,1.864921895141152678e-03,9.333337657153606415e-04,6.259230662882828256e+00,5.777356989242491636e+00,2.912005615234363631e+00,9.971564063366786246e-05,6.654006554974783647e-05,3.333333879709245943e-05
1.831034391205070335e+02,1.684135201775933695e+02,8.585837097167967613e+01,2.895803028820401973e-03,1.931461960690900514e-03,9.666671045124531009e-04,6.251708950329799563e+00,5.771910800732285907e+00,2.901351928710937500e+00,9.970588412350385454e-05,6.653563826423633011e-05,3.333343192934979087e-05
1.893551480708368331e+02,1.741854309783256554e+02,8.875972290039061363e+01,2.995508912943905828e-03,1.997997598955136844e-03,1.000000536441802892e-03,6.245580498385436385e+00,5.767062752684381621e+00,2.893099975585954553e+00,9.969594385104973977e-05,6.653121156738718914e-05,3.333333879709256785e-05
1.956007285692222695e+02,1.799524937310100370e+02,9.165282287597656818e+01,3.095204856794955568e-03,2.064528810522524033e-03,1.033333875238895460e-03,6.237919117607702901e+00,5.762115719451202267e+00,2.885269165039062500e+00,9.968619123126333526e-05,6.652678545996824552e-05,3.333333879709235101e-05
2.018386476868299724e+02,1.857146094504612392e+02,9.453809204101563068e+01,3.194891048026218903e-03,2.131055595982492279e-03,1.066667214035987811e-03,6.226739982801603901e+00,5.755516006972271725e+00,2.873599243164051131e+00,9.967588358123337725e-05,6.652254579665511577e-05,3.333333879709256785e-05
2.080653876696315763e+02,1.914701254574335110e+02,9.741169128417968182e+01,3.294566931607452280e-03,2.197578141779147395e-03,1.100000552833080378e-03,6.216145216507698024e+00,5.748988162867732399e+00,2.864080810546880684e+00,9.966632055647848751e-05,6.651793499859795511e-05,3.333333879709235101e-05
2.142815328861392743e+02,1.972191136203012434e+02,1.002757720947265625e+02,3.394233252163930768e-03,2.264096076777745350e-03,1.133333891630172729e-03,6.203145803658202340e+00,5.741308759867678191e+00,2.853158569335931816e+00,9.965601694112693684e-05,6.651351065743976027e-05,3.333333879709235101e-05
2.204846786897974766e+02,2.029604223801689216e+02,1.031289306640624943e+02,3.493889269105057704e-03,2.330609587435185110e-03,1.166667230427265081e-03,6.189946197075329337e+00,5.733847926206550483e+00,2.842849731445312500e+00,9.964608660902344803e-05,6.650908690435542586e-05,3.333333879709256785e-05
2.266746248868728060e+02,2.086942703063754720e+02,1.059717803955078068e+02,3.593535355714081152e-03,2.397118674339540536e-03,1.200000569224357648e-03,6.172699137861172858e+00,5.722848917929496793e+00,2.826562500000008527e+00,9.963652941138122221e-05,6.650466373989399188e-05,3.333333879709235101e-05
2.328473240247339788e+02,2.144171192243049688e+02,1.087983428955078153e+02,3.693171885125462375e-03,2.463623338079434528e-03,1.233333908021449999e-03,6.151329237189059995e+00,5.709240878913192319e+00,2.805801391601562500e+00,9.962623184377097235e-05,6.650024116393662976e-05,3.333343192934989929e-05
2.389986532619230388e+02,2.201263601032181612e+02,1.116041442871093778e+02,3.792798116969233347e-03,2.530123579243371158e-03,1.266667339950799899e-03,6.123751911533020120e+00,5.692864011797297508e+00,2.779669189453116473e+00,9.961667852832105721e-05,6.649581917570141290e-05,3.333333879709256785e-05
2.451224051734560589e+02,2.258192241150154587e+02,1.143838134765624943e+02,3.892414795497554404e-03,2.596619398419072570e-03,1.300000678747892466e-03,6.085527714329941773e+00,5.668993101771263809e+00,2.744366455078136369e+00,9.960638498917890465e-05,6.649139777595855852e-05,3.333333879709235101e-05
2.512079328877860007e+02,2.314882172167867225e+02,1.171281799316406307e+02,3.992021180486733309e-03,2.663110796195031129e-03,1.333334017544984818e-03,6.052905659295902296e+00,5.650576496733975773e+00,2.718200683593750000e+00,9.959683555314444159e-05,6.648697696370322804e-05,3.333333879709235101e-05
2.572608385470819030e+02,2.371387937135206982e+02,1.198463806152343807e+02,4.091618016039877750e-03,2.729597773158734357e-03,1.366667356342077169e-03,6.013237043541437288e+00,5.627724750136110288e+00,2.686627197265622158e+00,9.958654604051968978e-05,6.648255673948272673e-05,3.333333879709256785e-05
2.632740755906233403e+02,2.427665184636568085e+02,1.225330078125000028e+02,4.191204562080397440e-03,2.796080329898217084e-03,1.400000695139169736e-03,5.963184856240275167e+00,5.598918672538559349e+00,2.646209716796860789e+00,9.957700048201113124e-05,6.647813710318082811e-05,3.333333879709235101e-05
2.692372604468636155e+02,2.483654371361953679e+02,1.251792175292968636e+02,4.290781562562408571e-03,2.862558467001397912e-03,1.433334033936262087e-03,5.893892320042937172e+00,5.562099885054010429e+00,2.594580078125005684e+00,9.956671499307227780e-05,6.647371805401560557e-05,3.333333879709256785e-05
2.751311527669065526e+02,2.539275370212493783e+02,1.277737976074218693e+02,4.390348277555480849e-03,2.929032185055413517e-03,1.466667372733354655e-03,5.841328777250851090e+00,5.533893138540378231e+00,2.558758544921886369e+00,9.955717330953697819e-05,6.646929959275467426e-05,3.333333879709235101e-05
2.809724815441574037e+02,2.594614301597897565e+02,1.303325561523437557e+02,4.489905450865017827e-03,2.995501484648168192e-03,1.500000711530447006e-03,5.788479190816644859e+00,5.507419334736766814e+00,2.527972412109392053e+00,9.954689184211475139e-05,6.646488171839623135e-05,3.333343192934989929e-05
2.867609607349740486e+02,2.649688494945265234e+02,1.328605285644531477e+02,4.589452342707132579e-03,3.061966366366564423e-03,1.533334143459796906e-03,5.721190639074734463e+00,5.482140193786335658e+00,2.499737548828107947e+00,9.953698324480144549e-05,6.646065011424234434e-05,3.333333879709235101e-05
2.924821513740487831e+02,2.704509896883128590e+02,1.353602661132812557e+02,4.688989325951934024e-03,3.128427016480806767e-03,1.566667482256889257e-03,5.662958325831368711e+00,5.458545677572487875e+00,2.473547363281255684e+00,9.952744736913595597e-05,6.645586204915556947e-05,3.333333879709256785e-05
2.981451096998801518e+02,2.759095353658853469e+02,1.378338134765625114e+02,4.788516773321069980e-03,3.194882878529962337e-03,1.600000821053981824e-03,5.615331157378818716e+00,5.436710070299852759e+00,2.451110839843750000e+00,9.951717192973382614e-05,6.645181727696260893e-05,3.333333879709235101e-05
3.037604408572589705e+02,2.813462454361851997e+02,1.402849243164062614e+02,4.888033945250803806e-03,3.261334695806924946e-03,1.633334159851074175e-03,5.592986411768777089e+00,5.417907193918665598e+00,2.431787109374994316e+00,9.950763992344451025e-05,6.644703043510091431e-05,3.333333879709256785e-05
3.093534272690277476e+02,2.867641526301038652e+02,1.427167114257812557e+02,4.987541585174248317e-03,3.327781726242025860e-03,1.666667498648166743e-03,5.539445909101971210e+00,5.384573874309978692e+00,2.387451171874971578e+00,9.949736849937558525e-05,6.644298678719698370e-05,3.333333879709235101e-05
3.148928731781297188e+02,2.921487265044138439e+02,1.451041625976562273e+02,5.087038953673623902e-03,3.394224713029222844e-03,1.700000837445259094e-03,5.461912754500303890e+00,5.335627882240999043e+00,2.307263183593761369e+00,9.948784035969555906e-05,6.643820116785737265e-05,3.333333879709235101e-05
3.203547859326300227e+02,2.974843543866548430e+02,1.474114257812499886e+02,5.186526794033319461e-03,3.460662914197080216e-03,1.733334176242351445e-03,5.436486200408182867e+00,5.306762478384030146e+00,2.278735351562517053e+00,9.947757294902128539e-05,6.643415864423032891e-05,3.333333879709256785e-05
3.257912721330382055e+02,3.027911168650388731e+02,1.496901611328125057e+02,5.286004366982340746e-03,3.527097072841310545e-03,1.766667515039444013e-03,5.410806516620027651e+00,5.276959883942822671e+00,2.253979492187482947e+00,9.946804867407097600e-05,6.642937424693271670e-05,3.333333879709235101e-05
3.312020786496582332e+02,3.080680767489816958e+02,1.519441406249999886e+02,5.385472415656411722e-03,3.593526447088243262e-03,1.800000853836536364e-03,5.385167702670230483e+00,5.247592501613667082e+00,2.229382324218761369e+00,9.945778527396722385e-05,6.642533284646453054e-05,3.333333879709256785e-05
3.365872463523284637e+02,3.133156692505953629e+02,1.541735229492187500e+02,5.484930200930378946e-03,3.659951779934707793e-03,1.833334192633628932e-03,5.366395386137753576e+00,5.222972907821315403e+00,2.209686279296875000e+00,9.944826486120526138e-05,6.642054967139106314e-05,3.333333879709235101e-05
3.419536417384662172e+02,3.185386421584166783e+02,1.563832092285156250e+02,5.584378465791584208e-03,3.726372329606098856e-03,1.866667531430721283e-03,5.351422649770029238e+00,5.199696380572390808e+00,2.192785644531255684e+00,9.943800546951576946e-05,6.641650939362810438e-05,3.333333879709235101e-05
3.473050643882362465e+02,3.237383385389890691e+02,1.585759948730468807e+02,5.683816471261099977e-03,3.792788838999726960e-03,1.900000870227813634e-03,5.301600768099262950e+00,5.160655897677600024e+00,2.133056640624971578e+00,9.942811853571372621e-05,6.641172743985634258e-05,3.333333879709256785e-05
3.526066651563355094e+02,3.288989944366666691e+02,1.607090515136718523e+02,5.783244589796813703e-03,3.859200566439583303e-03,1.933334209024906202e-03,5.229244060488213108e+00,5.125382295954580059e+00,2.072644042968761369e+00,9.941860391166155303e-05,6.640768828456529091e-05,3.333352506160723074e-05
3.578359092168237225e+02,3.340243767326212492e+02,1.627816955566406136e+02,5.882663193708475256e-03,3.925608254724148594e-03,1.966667734086513433e-03,5.196014709389658037e+00,5.098851968677763580e+00,2.048120117187522737e+00,9.940835052835682306e-05,6.640290755161558367e-05,3.333333879709235101e-05
3.630319239262133806e+02,3.391232287012990128e+02,1.648298156738281364e+02,5.982071544236832079e-03,3.992011162275764177e-03,2.000001072883605784e-03,5.191243911373589981e+00,5.081705082823248176e+00,2.054388427734352263e+00,9.939883976092106499e-05,6.639886951834237522e-05,3.333333879709278469e-05
3.682231678375869706e+02,3.442049337841222609e+02,1.668842041015624886e+02,6.081470383997753144e-03,4.058410031794106552e-03,2.033334411680698568e-03,5.176325591607280785e+00,5.058597255030235829e+00,2.046606445312505684e+00,9.938859037987232692e-05,6.639409000551432793e-05,3.333333879709235101e-05
3.733994934291942513e+02,3.492635310391524968e+02,1.689308105468749943e+02,6.180858974377625471e-03,4.124804121799620880e-03,2.066667750477790919e-03,5.150298115270857124e+00,5.030679694343405117e+00,2.018524169921903422e+00,9.937908346629650835e-05,6.639005309424725332e-05,3.333333879709235101e-05
3.785497915444651085e+02,3.542942107334959019e+02,1.709493347167968977e+02,6.280238057843921980e-03,4.191194174893868134e-03,2.100001089274883270e-03,5.077357712034654469e+00,4.994297390337919751e+00,1.976489257812488631e+00,9.936920824566916610e-05,6.638527480106164863e-05,3.333333879709235101e-05
3.836271492564997629e+02,3.592885081238338216e+02,1.729258239746093864e+02,6.379607266089591146e-03,4.257579449694929782e-03,2.133334428071975621e-03,5.017418534739306324e+00,4.958692608533510793e+00,1.941284179687500000e+00,9.935859474057701091e-05,6.638123901068441329e-05,3.333333879709235101e-05
3.886445677912390693e+02,3.642472007323673324e+02,1.748671081542968864e+02,6.478965860830168157e-03,4.323960688705614196e-03,2.166667766869067972e-03,4.802121955524626173e+00,4.891447759112395488e+00,1.811480712890613631e+00,9.934946376409861668e-05,6.637683283449921645e-05,3.333333879709278469e-05
3.934466897467636954e+02,3.691386484914797279e+02,1.766785888671875000e+02,6.578315324594266773e-03,4.390337521540113412e-03,2.200001105666160757e-03,4.523129130247809826e+00,4.807881381204197169e+00,1.649261474609375000e+00,9.933959442865424039e-05,6.637205637021002108e-05,3.333333879709235101e-05
3.979698188770115053e+02,3.739465298726839251e+02,1.783278503417968750e+02,6.677654919022921014e-03,4.456709577910323433e-03,2.233334444463253108e-03,4.532967120337673350e+00,4.794488315251840049e+00,1.671679687499988631e+00,9.932972705362433374e-05,6.636802226065319915e-05,3.333333879709235101e-05
4.025027859973491786e+02,3.787410181879357651e+02,1.799995300292968636e+02,6.776984646076545347e-03,4.523077600170976632e-03,2.266667783260345459e-03,4.536194777501464159e+00,4.779669647918410647e+00,1.700238037109386369e+00,9.931912168674623953e-05,6.636324701547128418e-05,3.333333879709235101e-05
4.070389807748506428e+02,3.835206878358541758e+02,1.816997680664062500e+02,6.876303767763291587e-03,4.589440847186447917e-03,2.300001122057437810e-03,4.534432982447128779e+00,4.766810426652739352e+00,1.715283203125011369e+00,9.930999825706263162e-05,6.635921402567239447e-05,3.333333879709235101e-05
4.115734137572977716e+02,3.882874982625069151e+02,1.834150512695312614e+02,6.975613766020354219e-03,4.655800061212120311e-03,2.333334460854530161e-03,4.533456895388383145e+00,4.755910603423444627e+00,1.729705810546875000e+00,9.930013676086660301e-05,6.635443999867662174e-05,3.333333879709278469e-05
4.161068706526861547e+02,3.930434088659303598e+02,1.851447570800781364e+02,7.074913902781220822e-03,4.722154501210796933e-03,2.366667799651622946e-03,4.489521483509349764e+00,4.740396900037296746e+00,1.731323242187500000e+00,9.928953749058569422e-05,6.635040812840494601e-05,3.333333879709235101e-05
4.205963921361955045e+02,3.977838057659676565e+02,1.868760803222656364e+02,7.174203440271806516e-03,4.788504909339201879e-03,2.400001138448715297e-03,4.322587320499167163e+00,4.689282485593707861e+00,1.639862060546875000e+00,9.928041971579183722e-05,6.634563531911826656e-05,3.333333879709235101e-05
4.249189794566946716e+02,4.024730882515613644e+02,1.885159423828125114e+02,7.273483859987598353e-03,4.854850544658320145e-03,2.433334477245807648e-03,3.972322966719559645e+00,4.585384349939943149e+00,1.436608886718744316e+00,9.927056409229483708e-05,6.634160456792104199e-05,3.333333879709235101e-05
4.288913024234142313e+02,4.070584726015013075e+02,1.899525512695312557e+02,7.372754424079893190e-03,4.921192149226241187e-03,2.466667816042899999e-03,3.530305004302817906e+00,4.450304225194031460e+00,1.164923095703130684e+00,9.926071042579056453e-05,6.633683297564176018e-05,3.333352506160744758e-05
4.324216074277170492e+02,4.115087768266953390e+02,1.911174743652343864e+02,7.472015134505683755e-03,4.987528982201882947e-03,2.500001341104507446e-03,3.502264693118263494e+00,4.430892940890544196e+00,1.129986572265607947e+00,9.925011927653173971e-05,6.633280334351118052e-05,3.333333879709235101e-05
4.359238721208353127e+02,4.159396697675858832e+02,1.922474609374999943e+02,7.571265253782215494e-03,5.053861785545394128e-03,2.533334679901599797e-03,2.401862279961335389e+00,4.077766237005505445e+00,3.935729980468920530e-01,9.924100903304765992e-05,6.632803296776224738e-05,3.333333879709235101e-05
4.383257344007966481e+02,4.200174360045913886e+02,1.926410339355468864e+02,7.670506262815263154e-03,5.120189818513156375e-03,2.566668018698692148e-03,1.507218970220208121e+00,3.773455164715073806e+00,-1.524414062500341061e-01,9.923116123247179010e-05,6.632400445358201807e-05,3.333333879709278469e-05
4.398329533710168562e+02,4.237908911693064624e+02,1.924885925292968523e+02,7.769737424047734944e-03,5.186513822966738393e-03,2.600001357495784933e-03,1.859831524646835987e+00,3.864808699810680537e+00,3.560791015627273737e-02,9.922131538589971933e-05,6.631923529454991639e-05,3.333333879709235101e-05
4.416927848956636922e+02,4.276556998691171430e+02,1.925242004394531250e+02,7.868958739433634664e-03,5.252833058261288310e-03,2.633334696292877284e-03,2.041070494370273991e+00,3.912933621947672691e+00,1.375793457031306843e-01,9.921073234855047607e-05,6.631520789786727460e-05,3.333333879709235101e-05
4.437338553900339662e+02,4.315686334910648156e+02,1.926617797851562557e+02,7.968169471782185140e-03,5.319148266159155584e-03,2.666668035089969635e-03,1.640540611710207486e+00,3.762147740070815871e+00,-1.593322753906534217e-01,9.920162962685774577e-05,6.631043995463346830e-05,3.333333879709235101e-05
4.453743960017441736e+02,4.353307812311356315e+02,1.925024475097656023e+02,8.067371101409042886e-03,5.385458706113789053e-03,2.700001373887061986e-03,-1.416331927397152413e+00,2.646074275886860505e+00,-2.201336669921829525e+00,9.919178963989187803e-05,6.630641367521943053e-05,3.333333879709235101e-05
4.439580640743470212e+02,4.379768555070224920e+02,1.903011108398437727e+02,8.166562891048934764e-03,5.451765119789008483e-03,2.733334712684154337e-03,-4.406861668114970598e+00,1.406836229562941298e+00,-4.530688476562517053e+00,9.918121267944723929e-05,6.630164694730513592e-05,3.333333879709278469e-05
4.395512024062320506e+02,4.393836917365854333e+02,1.857704223632812557e+02,8.265744103728382003e-03,5.518066766736313619e-03,2.766668051481247122e-03,-6.275056771297556679e+00,5.617848020556834854e-01,-6.017370605468755684e+00,9.917211559391098108e-05,6.629762178470954143e-05,3.333333879709235101e-05
4.332761456349344940e+02,4.399454765386411168e+02,1.797530517578125000e+02,8.364916219322292984e-03,5.584364388521023161e-03,2.800001390278339473e-03,-4.446877188714267959e+00,1.056389875976663006e+00,-5.082293701171863631e+00,9.916228146044335501e-05,6.629285627141653231e-05,3.333333879709235101e-05
4.288292684462202260e+02,4.410018664146177798e+02,1.746707580566406364e+02,8.464078500782736339e-03,5.650657244792439693e-03,2.833334729075431824e-03,-4.882381604706893086e+00,8.862194359374484520e-01,-5.363507080078136369e+00,9.915244927757339843e-05,6.628883222562984012e-05,3.333333879709235101e-05
4.239468868415133329e+02,4.418880858505552283e+02,1.693072509765625000e+02,8.563230950060309737e-03,5.716946077018069533e-03,2.866668067872524175e-03,-8.643671920169424538e+00,-7.621868784591470103e-01,-8.262683105468738631e+00,9.914188041192095735e-05,6.628443830739797621e-05,3.333333879709235101e-05
4.153032149213439084e+02,4.411258989720960813e+02,1.610445678710937614e+02,8.662372830472230695e-03,5.783230515325467509e-03,2.900001406669616526e-03,-8.047551698406437026e+00,-7.974580045959669405e-01,-8.247540283203136369e+00,9.913279083276042847e-05,6.627967461547701333e-05,3.333333879709278469e-05
4.072556632229374713e+02,4.403284409675001143e+02,1.527970275878906250e+02,8.761505621304991123e-03,5.849510189940944523e-03,2.933334745466709310e-03,-1.334790010579064301e+01,-3.465550139550714448e+00,-1.267888183593748863e+01,9.912296449664584341e-05,6.627565224339836830e-05,3.333333879709235101e-05
3.939077631171468283e+02,4.368628908279493999e+02,1.401181457519531364e+02,8.860628585801636967e-03,5.915785842184342891e-03,2.966668084263801661e-03,-1.247514318214797413e+01,-3.058308444230931400e+00,-1.160462646484376137e+01,9.911314010815040765e-05,6.627088976490867062e-05,3.333333879709235101e-05
3.814326199349988542e+02,4.338045823837184685e+02,1.285135192871093750e+02,8.959741725909787374e-03,5.982056731949251561e-03,3.000001423060894012e-03,-1.537425340534736051e+01,-4.779887250950878297e+00,-1.461129150390624432e+01,9.910257932822449933e-05,6.626686850785129534e-05,3.333333879709235101e-05
3.660583665296514937e+02,4.290246951327675902e+02,1.139022277832031307e+02,9.058844305238011874e-03,6.048323600457102857e-03,3.033334761857986363e-03,-2.178587557628588911e+01,-8.152201243293745847e+00,-2.021106567382813068e+01,9.909349724595770126e-05,6.626210724297847826e-05,3.333352506160744758e-05
3.442724909533656046e+02,4.208724938894738443e+02,9.369116210937500000e+01,9.157937802483969575e-03,6.114585707700081335e-03,3.066668286919593811e-03,-1.286996937216338210e+01,-3.713182099722700968e+00,-1.259930725097655113e+01,9.908367869792579496e-05,6.625808710049221201e-05,3.333333879709235101e-05
3.314025215812022225e+02,4.171593117897511434e+02,8.109185485839844887e+01,9.257021481181895370e-03,6.180843794800573547e-03,3.100001625716686162e-03,-1.614546178914940811e+01,-5.551907869263175144e+00,-1.551900939941407387e+01,9.907312397528997283e-05,6.625369725724635644e-05,3.333333879709235101e-05
3.152570597920528144e+02,4.116074039204879682e+02,6.557284545898437500e+01,9.356094605157185343e-03,6.247097492057819904e-03,3.133334964513778513e-03,-1.703454276183947513e+01,-5.933830466542303839e+00,-1.577699127197266193e+01,9.906404751053483893e-05,6.624893781124845116e-05,3.333315253257768812e-05
2.982225170302133392e+02,4.056735734539456644e+02,4.979585418701171307e+01,9.455158652667720182e-03,6.313346429869068355e-03,3.166668117046356201e-03,-1.179971181122715507e+01,-3.188150786108565171e+00,-1.129557647705077272e+01,9.905423479688452160e-05,6.624454918022736061e-05,3.333352506160744758e-05
2.864228052189861842e+02,4.024854226678370992e+02,3.850027770996094034e+01,9.554212887464604703e-03,6.379590979049295715e-03,3.200001642107963649e-03,-8.825387589058379945e+00,-1.582530176908221620e+00,-8.533644866943362217e+00,9.904442402746370389e-05,6.624016113039414566e-05,3.333315253257725444e-05
2.775974176299278042e+02,4.009028924909288776e+02,2.996663284301757812e+01,9.653257311492068407e-03,6.445831140179689861e-03,3.233334794640540903e-03,-6.579128519028188293e+00,-3.213327030343293700e-01,-6.322389221191404118e+00,9.903387737350728692e-05,6.623651388420331854e-05,3.333352506160744758e-05
2.710182891108996159e+02,4.005815597878945482e+02,2.364424362182617401e+01,9.752291188865575694e-03,6.512067654063893180e-03,3.266668319702148351e-03,-5.220030509295668253e+00,2.905186945547484356e-01,-5.235853576660158382e+00,9.902480839029878523e-05,6.623138672612327582e-05,3.333315253257768812e-05
2.657982586016039477e+02,4.008720784824492966e+02,1.840839004516601562e+01,9.851315997255874479e-03,6.578299040790016455e-03,3.300001472234726039e-03,-4.452152850155300712e+00,6.231763776196999061e-01,-4.666019821166992543e+00,9.901500344854617663e-05,6.622700041982419739e-05,3.333352506160744758e-05
2.613461057514486470e+02,4.014952548600689965e+02,1.374237022399902308e+01,9.950331000704420656e-03,6.644526041209840653e-03,3.333334997296333486e-03,-3.869248239932801425e+00,8.561607937963913173e-01,-4.290184999629854445e+00,9.900520044805495579e-05,6.622261469491248775e-05,3.333352506160701390e-05
2.574768575115158455e+02,4.023514156538653879e+02,9.452185224369168637e+00,1.004933620115247561e-02,6.710748655904753140e-03,3.366668522357940500e-03,-3.758049253756155395e+00,9.110845346822316060e-01,-4.175566457584500846e+00,9.899466185375044303e-05,6.621896957646148524e-05,3.333315253257768812e-05
2.537188082577596902e+02,4.032625001885476195e+02,5.276618766784667791e+00,1.014833086300622605e-02,6.776967625481214626e-03,3.400001674890518188e-03,-4.013617695731312551e+00,7.816803598992123625e-01,-4.243297767639160334e+00,9.898560034264820839e-05,6.621384493780187869e-05,3.333352506160744758e-05
2.497051905620283776e+02,4.040441805484468318e+02,1.033320999145507457e+00,1.024731646334887426e-02,6.843181470419016504e-03,3.433335199952125636e-03,-3.373740724559155524e+00,9.633774167497222152e-01,-3.857995223999022727e+00,9.897580316356457963e-05,6.620946095503999623e-05,3.333315253257725444e-05
2.463314498374692221e+02,4.050075579651965541e+02,-2.824674224853515270e+00,1.034629226651243884e-02,6.909390931374056501e-03,3.466668352484702890e-03,-2.971570473060467066e+00,1.201188837644508567e+00,-3.499513435363770242e+00,9.896527060702063616e-05,6.620507755232020453e-05,3.333352506160744758e-05
2.433598793644087550e+02,4.062087468028410626e+02,-6.324187660217285512e+00,1.044525753711945948e-02,6.975596008926376705e-03,3.500001877546310338e-03,-2.307945419655311525e+00,1.581920430442210090e+00,-2.877010464668273926e+00,9.895621469486678978e-05,6.620143456030798401e-05,3.333315253257768812e-05
2.410519339447534435e+02,4.077906672332832727e+02,-9.201198124885559437e+00,1.054421375181432627e-02,7.041797443486684689e-03,3.533335030078888026e-03,-1.601114336552058148e+00,1.951662304855346974e+00,-2.295307993888854980e+00,9.894642333112789456e-05,6.619631243956133893e-05,3.333352506160744758e-05
2.394508196082013853e+02,4.097423295381386197e+02,-1.149650611877441442e+01,1.064316017514545416e-02,7.107993755926246028e-03,3.566668555140495474e-03,-1.648471651669808580e+00,1.971638162492013180e+00,-2.164570045471192472e+00,9.893663390527981938e-05,6.619193077760879979e-05,3.333315253257725444e-05
2.378023479565315768e+02,4.117139677006306329e+02,-1.366107616424560689e+01,1.074209680905073398e-02,7.174185686703854828e-03,3.600001707673072728e-03,-1.757666941109135905e+00,1.956722944899581762e+00,-2.135035896301268110e+00,9.892610939141351090e-05,6.618828937911876847e-05,3.333352506160744758e-05
2.360446810154224409e+02,4.136706906455302146e+02,-1.579611206054687500e+01,1.084102291844214749e-02,7.240373976082973596e-03,3.633335232734680176e-03,-1.763893626890990163e+00,1.955822170227122569e+00,-2.137845611572267046e+00,9.891706093608822192e-05,6.618316914536528928e-05,3.333315253257768812e-05
2.342807873885314507e+02,4.156265128157573372e+02,-1.793395767211914205e+01,1.093993997937823572e-02,7.306557145228338886e-03,3.666668385267257864e-03,-1.776935307296781730e+00,1.936844346930683969e+00,-2.226845169067381391e+00,9.890727731890272545e-05,6.617878922314177070e-05,3.333352506160701390e-05
2.325038520812346690e+02,4.175633571626880212e+02,-2.016080284118652344e+01,1.103884725669713844e-02,7.372735934451480656e-03,3.700001910328864878e-03,-1.737075439840623403e+00,1.952100829653716119e+00,-2.103493881225585227e+00,9.889749563664861076e-05,6.617440988103753807e-05,3.333315253257768812e-05
2.307667766413940456e+02,4.195154579923417373e+02,-2.226429672241210866e+01,1.113774475233378705e-02,7.438910344332518194e-03,3.733335062861442566e-03,-1.592098729424975545e+00,2.031413745911834212e+00,-1.981494140624999289e+00,9.888697915647580439e-05,6.617077060549949458e-05,3.333352506160744758e-05
2.291746779119690700e+02,4.215468717382535715e+02,-2.424579086303710795e+01,1.123663173149026286e-02,7.505081114938017689e-03,3.766668587923050013e-03,-1.967964385239469038e+00,1.901595858537916683e+00,-2.277503204345705967e+00,9.887793814857687158e-05,6.616565288581222753e-05,3.333315253257725444e-05
2.272067135267296010e+02,4.234484675967914882e+02,-2.652329406738281392e+01,1.133550966963883973e-02,7.571246767823829917e-03,3.800001740455627268e-03,-1.744573526615994297e+00,1.991343098323511640e+00,-2.127804565429684658e+00,9.886816226875420888e-05,6.616127528205617558e-05,3.333352506160744758e-05
2.254621400001136067e+02,4.254398106951149998e+02,-2.865109863281249858e+01,1.143437783190759394e-02,7.637408043105886092e-03,3.833335265517234716e-03,-1.366931431477610204e+00,2.126771017463340741e+00,-1.947606658935548296e+00,9.885765180690092579e-05,6.615689825729704349e-05,3.333315253257768812e-05
2.240952085686359965e+02,4.275665817125783406e+02,-3.059870529174804688e+01,1.153323548371449486e-02,7.703564941363183136e-03,3.866668418049812404e-03,-1.200532301139475067e+00,2.159969812816257217e+00,-1.850135040283205967e+00,9.884861637946343316e-05,6.615326110297539697e-05,3.333352506160744758e-05
2.228946762674965214e+02,4.297265515253945978e+02,-3.244884033203125284e+01,1.163208410009395830e-02,7.769718202466158533e-03,3.900001943111419851e-03,-1.193783302605424979e+00,2.157938544693422500e+00,-1.845541381835936079e+00,9.883884629603538474e-05,6.614814589606977935e-05,3.333352506160701390e-05
2.217008929648910964e+02,4.318844900700880203e+02,-3.429438171386718892e+01,1.173092294638999368e-02,7.835866348362228312e-03,3.933335468173026865e-03,-1.035074299143104781e+00,2.272498638561557982e+00,-1.608639526367184658e+00,9.882907814418376291e-05,6.614377060828145749e-05,3.333315253257768812e-05
2.206658186657479916e+02,4.341569887086495783e+02,-3.590302124023437358e+01,1.182975202453417744e-02,7.902010118970509769e-03,3.966668620705604553e-03,-1.096853294255168976e+00,2.239868129801891428e+00,-1.562930297851565342e+00,9.881857569911910166e-05,6.613939589902688432e-05,3.333352506160701390e-05
2.195689653714928227e+02,4.363968568384514697e+02,-3.746595153808593892e+01,1.192857060023329654e-02,7.968149514869536654e-03,4.000002145767211567e-03,-1.013877416901095785e+00,2.277914210128244576e+00,-1.488961791992188921e+00,9.880954770390137920e-05,6.613576086484870831e-05,3.333315253257768812e-05
2.185550879545917269e+02,4.386747710485797143e+02,-3.895491333007812784e+01,1.202738014793719792e-02,8.034285275734385362e-03,4.033335298299789255e-03,-8.622767678811840142e-01,2.351507771199010222e+00,-1.311225891113281250e+00,9.879978534178997240e-05,6.613064816812265490e-05,3.333352506160788126e-05
2.176928111867105429e+02,4.410262788197787245e+02,-4.026613922119140909e+01,1.212617993327898790e-02,8.100415923902508017e-03,4.066668823361397136e-03,-8.399860626612394299e-01,2.386422583277635567e+00,-1.162844848632808237e+00,9.879002490830769700e-05,6.612627519446238888e-05,3.333315253257682076e-05
2.168528251240493034e+02,4.434127014030563600e+02,-4.142898406982421733e+01,1.222496995818729559e-02,8.166542199096970406e-03,4.100001975893973957e-03,-7.899813294087323357e-01,2.402193102098181043e+00,-1.102934265136717329e+00,9.877953047108915807e-05,6.612190279953883421e-05,3.333352506160788126e-05
2.160628437946405711e+02,4.458148945051545411e+02,-4.253191833496093466e+01,1.232374948865838475e-02,8.232664101896509240e-03,4.133335500955581839e-03,-7.541749713983847414e-01,2.418508603783209310e+00,-9.925399780273522765e-01,9.877050989872543374e-05,6.611826988310760822e-05,3.333315253257768812e-05
2.153086688232421864e+02,4.482334031089377504e+02,-4.352445831298828693e+01,1.242251999855711019e-02,8.298782371779616848e-03,4.166668653488159527e-03,-7.564542246389009961e-01,2.414638923763675393e+00,-9.687225341796761313e-01,9.876075524878173695e-05,6.611315969462169817e-05,3.333352506160701390e-05
2.145522145986032854e+02,4.506480420327014258e+02,-4.449318084716796307e+01,1.252128075380589192e-02,8.364895531474238546e-03,4.200002178549766541e-03,-7.868948817006184981e-01,2.400723469880517769e+00,-9.660049438476647765e-01,9.875100252496396558e-05,6.610878903391334549e-05,3.333315253257768812e-05
2.137653197169026669e+02,4.530487655025819436e+02,-4.545918579101562784e+01,1.262003175633085589e-02,8.431004320508151892e-03,4.233335331082344229e-03,-8.444695500272416666e-01,2.368929334756330718e+00,-9.570983886718735789e-01,9.874125172757743096e-05,6.610441895060423234e-05,3.333352506160701390e-05
2.129208501668754252e+02,4.554176948373382743e+02,-4.641628417968750142e+01,1.271877300805843332e-02,8.497108739458756124e-03,4.266668856143951243e-03,-9.623508486162677400e-01,2.328067530191674450e+00,-9.379638671874985789e-01,9.873003171682707968e-05,6.610078815062932212e-05,3.333315253257768812e-05
2.119584993182591575e+02,4.577457623675299487e+02,-4.735424804687500000e+01,1.281750303977526040e-02,8.563209527609385446e-03,4.300002008676528931e-03,-8.609231969234087956e-01,2.377967034786479417e+00,-8.713516235351548289e-01,9.872175605328548098e-05,6.609568046888822379e-05,3.333352506160701390e-05
2.110975761213357487e+02,4.601237294023164281e+02,-4.822559967041015483e+01,1.291622479582854588e-02,8.629305208078273670e-03,4.333335533738135945e-03,-8.320597207216735569e-01,2.381232645017803407e+00,-8.612930297851519867e-01,9.871201102998501675e-05,6.609131211841694220e-05,3.333315253257768812e-05
2.102655164006140751e+02,4.625049620473342316e+02,-4.908689270019530682e+01,1.301493680685853090e-02,8.695396520196690612e-03,4.366668686270713633e-03,-7.479514251703278660e-01,2.403611215371370236e+00,-8.532821655273465922e-01,9.870226793083636263e-05,6.608768290448582827e-05,3.333352506160788126e-05
2.095175649754437472e+02,4.649085732627056018e+02,-4.994017486572265341e+01,1.311363907478936726e-02,8.761484203101176441e-03,4.400002211332321514e-03,-6.815311349418777809e-01,2.434564901339854259e+00,-7.775802612304687500e-01,9.869252675460959967e-05,6.608257710136698770e-05,3.333315253257682076e-05
2.088360338405018695e+02,4.673431381640454561e+02,-5.071775512695312216e+01,1.321233160154397686e-02,8.827566780202543428e-03,4.433335363864898335e-03,-7.792490698252834136e-01,2.406407816914736486e+00,-6.816238403320369343e-01,9.868278750073747330e-05,6.607821048270484665e-05,3.333352506160788126e-05
2.080567847706765860e+02,4.697495459809601925e+02,-5.139937896728515909e+01,1.331101438904471433e-02,8.893644990685248275e-03,4.466668888926506216e-03,-8.602568106664421066e-01,2.388788349470360117e+00,-6.417053222656221578e-01,9.867305016930671968e-05,6.607384444152347713e-05,3.333352506160701390e-05
2.071965279600101439e+02,4.721383343304305527e+02,-5.204108428955078125e+01,1.340968743921402105e-02,8.959718835126771752e-03,4.500002413988113230e-03,-7.648983270623261888e-01,2.401319427050168542e+00,-6.031555175781235789e-01,9.866331475887231417e-05,6.607021734058270146e-05,3.333315253257768812e-05
2.064316296329478178e+02,4.745396537574807212e+02,-5.264423980712890483e+01,1.350835075397289337e-02,9.025789052467354454e-03,4.533335566520690918e-03,-7.565400945498765850e-01,2.386603657135083267e+00,-5.876129150390667633e-01,9.865211129240179788e-05,6.606511404038013791e-05,3.333352506160701390e-05
2.056750895383979412e+02,4.769262574146158045e+02,-5.323185272216797159e+01,1.360700286526529516e-02,9.091854166507734591e-03,4.566669091582297932e-03,-8.877371179962949554e-01,2.352617816387805760e+00,-5.649246215820298289e-01,9.864384984546899215e-05,6.606074972963227321e-05,3.333315253257768812e-05
2.047873524204016462e+02,4.792788752310036102e+02,-5.379677734375000142e+01,1.370564671511076416e-02,9.157914916237366865e-03,4.600002244114875620e-03,-9.619165946671728307e-01,2.311183808532462081e+00,-5.563659667968750000e-01,9.863412019633921446e-05,6.605638599524975285e-05,3.333352506160788126e-05
2.038254358257344734e+02,4.815900590395360723e+02,-5.435314331054687642e+01,1.380428083530710337e-02,9.223971302232616618e-03,4.633335769176483501e-03,-1.014667014984809157e+00,2.296552302461805084e+00,-5.376617431640582367e-01,9.862439246593156239e-05,6.605276100556979613e-05,3.333315253257682076e-05
2.028107688107496642e+02,4.838866113419978774e+02,-5.489080505371093466e+01,1.390290522777303493e-02,9.290024063238186414e-03,4.666668921709060322e-03,-1.046487462183876005e+00,2.277727720504344688e+00,-5.332611083984346578e-01,9.861466665455481673e-05,6.604766020701369200e-05,3.333352506160788126e-05
2.017642813485657882e+02,4.861643390625022221e+02,-5.542406616210936932e+01,1.400151989442758975e-02,9.356071723445200106e-03,4.700002446770668203e-03,-1.025762587112268420e+00,2.279848109477313756e+00,-5.386596679687585265e-01,9.860494276098599742e-05,6.604329820169251020e-05,3.333315253257768812e-05
2.007385187614535198e+02,4.884441871719795358e+02,-5.596272583007812784e+01,1.410012483718857575e-02,9.422115021646892616e-03,4.733335599303245891e-03,-1.088495829758812761e+00,2.258110748367812448e+00,-4.646560668945269867e-01,9.859522078465611516e-05,6.603893677227697101e-05,3.333352506160701390e-05
1.996500229316947070e+02,4.907022979203473483e+02,-5.642738189697265483e+01,1.419872005797323186e-02,9.488153958419169587e-03,4.766669124364852905e-03,-1.041734263999501309e+00,2.274377275554058997e+00,-4.009094238281321054e-01,9.858403176247684807e-05,6.603531389279965191e-05,3.333315253257768812e-05
1.986082886676952057e+02,4.929766751959014073e+02,-5.682829132080078693e+01,1.429730408973570871e-02,9.554189272311969239e-03,4.800002276897430593e-03,-1.041088742844976878e+00,2.274574398780373485e+00,-3.952941894531250000e-01,9.857578272756163662e-05,6.603021559329486090e-05,3.333352506160701390e-05
1.975671999248502289e+02,4.952512495946817808e+02,-5.722358551025391193e+01,1.439587987246327035e-02,9.620219487905264100e-03,4.833335801959037607e-03,-1.032182297958172512e+00,2.277779371062138125e+00,-3.824127197265596578e-01,9.856606650039852202e-05,6.602585589157369816e-05,3.333315253257768812e-05
1.965350176268920563e+02,4.975290289657439189e+02,-5.760599822998047159e+01,1.449444593896366887e-02,9.686245343796837798e-03,4.866668954491615295e-03,-9.162911765535284303e-01,2.310371676602414936e+00,-3.582305908203053946e-01,9.855635218820706089e-05,6.602149676596287542e-05,3.333352506160701390e-05
1.956187264503385279e+02,4.998394006423463338e+02,-5.796422882080077699e+01,1.459300229115187593e-02,9.752266840562800673e-03,4.900002479553222309e-03,-9.238215016356150500e-01,2.301895606857385701e+00,-3.717086791992230133e-01,9.854663979108092831e-05,6.601787599429947972e-05,3.333315253257768812e-05
1.946949049487029129e+02,5.021412962492037195e+02,-5.833593750000000000e+01,1.469154893094295686e-02,9.818284716557100153e-03,4.933335632085799997e-03,-1.006133495452388615e+00,2.265357877316546364e+00,-3.755096435546931843e-01,9.853692930757509960e-05,6.601278019192392821e-05,3.333352506160788126e-05
1.936887714532505242e+02,5.044066541265202659e+02,-5.871144714355469318e+01,1.479008586025053196e-02,9.884297496749024081e-03,4.966669157147407879e-03,-1.131525490564257552e+00,2.202774159838099877e+00,-3.995483398437471578e-01,9.852722073800182501e-05,6.600842279263531565e-05,3.333352506160701390e-05
1.925572459626862667e+02,5.066094282863583658e+02,-5.911099548339844034e+01,1.488861308098853378e-02,9.950305919541659397e-03,5.000002682209014893e-03,-1.072348325778165190e+00,2.240149317846942267e+00,-3.933868408203125000e-01,9.851604613093402352e-05,6.600480360087652987e-05,3.333315253257768812e-05
1.914848976369081015e+02,5.088495776042053080e+02,-5.950438232421875284e+01,1.498712912711946781e-02,1.001631072314253593e-02,5.033335834741592581e-03,-9.328987052099932953e-01,2.314967163350445389e+00,-3.109954833984360789e-01,9.850780948123319392e-05,6.599970967024505752e-05,3.333352506160701390e-05
1.905519989316981082e+02,5.111645447675557534e+02,-5.981537780761718892e+01,1.508563693660070100e-02,1.008231043281278098e-02,5.066669359803199595e-03,-8.911084114123468680e-01,2.347774240974104032e+00,-2.243133544921889211e-01,9.849810664828290152e-05,6.599535399625863774e-05,3.333315253257768812e-05
1.896608905202857613e+02,5.135123190085298575e+02,-6.003969116210937784e+01,1.518413504324898390e-02,1.014830578680903962e-02,5.100002512335777283e-03,-8.761285362885473660e-01,2.349954180675581483e+00,-2.353729248046860789e-01,9.848840572700308382e-05,6.599099889670681507e-05,3.333352506160701390e-05
1.887847619839972140e+02,5.158622731892054389e+02,-6.027506408691406392e+01,1.528262344897598699e-02,1.021429678570574644e-02,5.133336037397384297e-03,-8.610078237532832190e-01,2.350753558550536582e+00,-2.443206787109346578e-01,9.847870671617249549e-05,6.598738181019109250e-05,3.333315253257768812e-05
1.879237541602439308e+02,5.182130267477559755e+02,-6.051938476562499858e+01,1.538110215569215948e-02,1.028028416751593753e-02,5.166669189929961985e-03,-8.965510150335660455e-01,2.356929888540207685e+00,-1.858001708984389211e-01,9.846900961522735141e-05,6.598229037375717698e-05,3.333352506160788126e-05
1.870272031452103647e+02,5.205699566362961832e+02,-6.070518493652343750e+01,1.547957116530738683e-02,1.034626645788969471e-02,5.200002714991569866e-03,-8.755418686592690847e-01,2.363206439457030683e+00,-2.168762207031207367e-01,9.845931442425959190e-05,6.597793699813885027e-05,3.333315253257682076e-05
1.861516612765510956e+02,5.229331630757532139e+02,-6.092206115722655824e+01,1.557803047973164642e-02,1.041224439488783356e-02,5.233335867524146687e-03,-8.480909144064128213e-01,2.390454711821007550e+00,-1.803649902343806843e-01,9.844962114182939650e-05,6.597358419737492374e-05,3.333352506160788126e-05
1.853035703621446828e+02,5.253236177875742214e+02,-6.110242614746093892e+01,1.567648010087347582e-02,1.047821797908520848e-02,5.266669392585754568e-03,-8.597452136239951415e-01,2.386571567396572391e+00,-1.617767333984332367e-01,9.843846297424505010e-05,6.596996921394947255e-05,3.333315253257768812e-05
1.844438251485206877e+02,5.277101893549707938e+02,-6.126420288085937216e+01,1.577491856384772087e-02,1.054418794829915795e-02,5.300002545118332256e-03,-9.554530451391087809e-01,2.366747103405032249e+00,-1.388336181640639211e-01,9.843024044645098947e-05,6.596488026935042048e-05,3.333352506160701390e-05
1.834883721033815789e+02,5.300769364583758261e+02,-6.140303649902343608e+01,1.587334880429417186e-02,1.061015282856850837e-02,5.333336070179939270e-03,-9.912553343403942563e-01,2.359997378616981223e+00,-1.094482421875042633e-01,9.842055288797682544e-05,6.596052919115649726e-05,3.333315253257768812e-05
1.824971167690411846e+02,5.324369338369928073e+02,-6.151248474121094034e+01,1.597176935718214869e-02,1.067611335775966487e-02,5.366669222712516958e-03,-1.090729494903968089e+00,2.339673503812491617e+00,-8.013916015625000000e-02,9.841086723578681972e-05,6.595617868670675121e-05,3.333352506160701390e-05
1.814063872741372165e+02,5.347766073408052989e+02,-6.159262390136719034e+01,1.607018022441793551e-02,1.074206953644637162e-02,5.400002747774123972e-03,-1.095413860581601284e+00,2.336078549841090535e+00,-8.334960937499857891e-02,9.840118349018975308e-05,6.595256580465592988e-05,3.333315253257768812e-05
1.803109734135556153e+02,5.371126858906463895e+02,-6.167597351074218892e+01,1.616858140790812526e-02,1.080802210225102755e-02,5.433335900306701660e-03,-1.097221068057535831e+00,2.328286266210284339e+00,-1.006011962890553946e-01,9.839150164997825798e-05,6.594747935062712785e-05,3.333352506160701390e-05
1.792137523454980794e+02,5.394409721568566738e+02,-6.177657470703124432e+01,1.626697290955810352e-02,1.087396958160165468e-02,5.466669425368308674e-03,-1.082823312145109185e+00,2.357121778113196342e+00,-8.288879394532244760e-02,9.838182171457640623e-05,6.594313056738562717e-05,3.333315253257768812e-05
1.781309290333529702e+02,5.417980939349698701e+02,-6.185946350097656676e+01,1.636535473127267992e-02,1.093991271216904031e-02,5.500002577900886362e-03,-1.259195327359464045e+00,2.262294871533867990e+00,-2.713745117187471578e-01,9.837067789985470823e-05,6.593878235742860194e-05,3.333352506160788126e-05
1.768717337059935062e+02,5.440603888065037381e+02,-6.213083801269531392e+01,1.646372540917253463e-02,1.100585149452646891e-02,5.533336102962494243e-03,-1.291590442704290354e+00,2.214797051150185325e+00,-2.999084472656292633e-01,9.836246770145509744e-05,6.593517157569769860e-05,3.333352506160701390e-05
1.755801432632892158e+02,5.462751858576539234e+02,-6.243074645996094318e+01,1.656208787687398973e-02,1.107178666610216661e-02,5.566669628024101257e-03,-1.035066222091927557e+00,2.332843344633943161e+00,-2.006958007812400524e-01,9.835279347798070448e-05,6.593008760966481696e-05,3.333315253257768812e-05
1.745450770411972883e+02,5.486080292022878666e+02,-6.263144226074218324e+01,1.666044067035197043e-02,1.113771675371183142e-02,5.600002780556678945e-03,-9.149259771529330010e-01,2.397979841826099801e+00,-1.427703857421889211e-01,9.834312115706428381e-05,6.592574111955601390e-05,3.333352506160701390e-05
1.736301510640443553e+02,5.510060090441139664e+02,-6.277421264648437216e+01,1.675878379150903472e-02,1.120364249483138744e-02,5.633336305618285959e-03,-9.185605429547081258e-01,2.365106865818120241e+00,-2.215667724609460265e-01,9.833345073882032716e-05,6.592139520293985311e-05,3.333315253257768812e-05
1.727115905210896472e+02,5.533711159099320867e+02,-6.299577941894531818e+01,1.685711724224785504e-02,1.126956389003432729e-02,5.666669458150863647e-03,-8.951173292074088295e-01,2.378748184627056617e+00,-2.078704833984303946e-01,9.832378222179513627e-05,6.591778651915403131e-05,3.333352506160701390e-05
1.718164731918822383e+02,5.557498640945591433e+02,-6.320364990234374858e+01,1.695544102446965018e-02,1.133548167655348132e-02,5.700002983212470661e-03,-9.893926494491154244e-01,2.339101650109000730e+00,-1.742858886718750000e-01,9.831411560631483915e-05,6.591270503920193535e-05,3.333315253257768812e-05
1.708270805424331229e+02,5.580889657446681440e+02,-6.337793579101562358e+01,1.705375514007596502e-02,1.140139438159268326e-02,5.733336135745048349e-03,-1.068446404428755159e+00,2.305917879892604105e+00,-1.580871582031306843e-01,9.830298611552060195e-05,6.590836084107050408e-05,3.333352506160788126e-05
1.697586341380043677e+02,5.603948836245607481e+02,-6.353602294921875426e+01,1.715205812619148562e-02,1.146730274243375376e-02,5.766669660806656231e-03,-1.313123642285859205e+00,2.219529994381218785e+00,-2.101013183593707367e-01,9.829478821995682458e-05,6.590475372979069657e-05,3.333315253257682076e-05
1.684455104957185085e+02,5.626144136189419669e+02,-6.374612426757812500e+01,1.725035291441144245e-02,1.153320749616354446e-02,5.800002813339233051e-03,-1.742208145863884283e+00,2.103386676492164042e+00,-1.719848632812528422e-01,9.828512730395561059e-05,6.589967411330631408e-05,3.333352506160788126e-05
1.667033023498546243e+02,5.647178002954341309e+02,-6.391810913085937784e+01,1.734863804171539806e-02,1.159910717027685077e-02,5.833336338400840933e-03,-1.561591974706374231e+00,2.164619889391360630e+00,-1.565582275390653422e-01,9.827546828725455819e-05,6.589533163264479909e-05,3.333315253257768812e-05
1.651417103751482500e+02,5.668824201848254916e+02,-6.407466735839844318e+01,1.744691351000265261e-02,1.166500250190949557e-02,5.866669490933418621e-03,-1.179481956984034241e+00,2.297056742711106381e+00,-9.802246093750000000e-02,9.826581116863589149e-05,6.589098972380365293e-05,3.333352506160701390e-05
1.639622284181642158e+02,5.691794769275365979e+02,-6.417268981933594318e+01,1.754517932117128851e-02,1.173089349163329922e-02,5.900003015995025635e-03,-9.647638421604654013e-01,2.377790434292705868e+00,-4.765624999998863132e-02,9.825615594754449900e-05,6.588738470791714874e-05,3.333315253257768812e-05
1.629974645760037504e+02,5.715572673618293038e+02,-6.422034606933593182e+01,1.764343547711883300e-02,1.179678087634121637e-02,5.933336168527603323e-03,-8.986539206426300552e-01,2.424248085055978663e+00,4.084472656249715783e-02,9.824650262407058632e-05,6.588230757460268594e-05,3.333352506160701390e-05
1.620988106553611203e+02,5.739815154468852825e+02,-6.417950134277343466e+01,1.774168197974290359e-02,1.186266318391581906e-02,5.966669693589210337e-03,-9.530143019042895958e-01,2.410331293408489728e+00,8.466186523436647349e-02,9.823685119678821076e-05,6.587796738187143286e-05,3.333315253257768812e-05
1.611457963534568307e+02,5.763918467402937722e+02,-6.409483947753906818e+01,1.783991883093969180e-02,1.192854115129769049e-02,6.000002846121788025e-03,-9.089364386321960865e-01,2.450128312010065201e+00,1.794372558593835265e-01,9.822573804157616606e-05,6.587362776138729059e-05,3.333352506160701390e-05
1.602368599148246346e+02,5.788419750523038374e+02,-6.391540222167968466e+01,1.793814456898126797e-02,1.199441477905907778e-02,6.033336371183395039e-03,-8.997338227526086030e-01,2.456673516652244871e+00,1.699371337890625000e-01,9.821755417403765787e-05,6.587002483875344094e-05,3.333315253257768812e-05
1.593371260920720260e+02,5.812986485689560823e+02,-6.374546508789062216e+01,1.803636212315530563e-02,1.206028480389783122e-02,6.066669523715972727e-03,-9.277826463546432478e-01,2.438655455882212664e+00,1.051391601562485789e-01,9.820790843368190637e-05,6.586495018625314335e-05,3.333352506160788126e-05
1.584093434457173828e+02,5.837373040248382949e+02,-6.364032592773437358e+01,1.813457003158898753e-02,1.212614975408408437e-02,6.100003048777580608e-03,-9.325552175310747316e-01,2.439416489310133329e+00,1.184539794921875000e-01,9.819826458727642926e-05,6.586061228052407512e-05,3.333352506160701390e-05
1.574767882281863081e+02,5.861767205141484283e+02,-6.352187194824218608e+01,1.823276829617626396e-02,1.219201036636460844e-02,6.133336573839187622e-03,-9.456342913977664466e-01,2.437903815125082474e+00,1.246490478515553946e-01,9.818862263514388511e-05,6.585627494593362941e-05,3.333315253257768812e-05
1.565311539367885416e+02,5.886146243292735107e+02,-6.339722290039063068e+01,1.833095691881140785e-02,1.225786664131054207e-02,6.166669726371765310e-03,-9.748690354451241546e-01,2.426702230506407432e+00,1.541717529296917633e-01,9.817898257606649803e-05,6.585267411484026223e-05,3.333352506160701390e-05
1.555562849013434175e+02,5.910413265597799182e+02,-6.324305114746093892e+01,1.842913590138747434e-02,1.232371931542538233e-02,6.200003251433372324e-03,-9.587856557019733827e-01,2.437200278351724592e+00,1.858673095703196054e-01,9.816934440948568708e-05,6.584760194190859839e-05,3.333315253257768812e-05
1.545974992456414441e+02,5.934785268381316428e+02,-6.305718383789061932e+01,1.852730524579696003e-02,1.238956691736729093e-02,6.233336403965950012e-03,-9.459809491716839602e-01,2.453189061013290484e+00,2.324798583984346578e-01,9.815824551648311136e-05,6.584400215628276321e-05,3.333352506160701390e-05
1.536515182964697601e+02,5.959317158991449332e+02,-6.282470397949218466e+01,1.862546349131344314e-02,1.245541091952357370e-02,6.266669929027557026e-03,-9.340674824530879050e-01,2.454396500134407688e+00,2.260070800781193157e-01,9.815007389644969660e-05,6.583893122176324997e-05,3.333315253257768812e-05
1.527174508140166722e+02,5.983861123992793409e+02,-6.259869689941406534e+01,1.872361356520989284e-02,1.252124985074533695e-02,6.300003081560134714e-03,-1.163802448597209604e+00,2.385687040918014645e+00,2.159973144531335265e-01,9.814044140486408163e-05,6.583459674249642068e-05,3.333315253257768812e-05
1.515536483654194626e+02,6.007717994401973556e+02,-6.238269958496093182e+01,1.882175400661475692e-02,1.258708444748783337e-02,6.333336234092712402e-03,-1.420177231772015602e+00,2.321068288026822302e+00,2.467681884765582367e-01,9.813081080355112729e-05,6.583026283368646758e-05,3.333389759063720703e-05
1.501334711336474470e+02,6.030928677282241779e+02,-6.213593139648437358e+01,1.891988481741830805e-02,1.265291471032151983e-02,6.366670131683349609e-03,-1.180999117069120530e+00,2.400493661487871577e+00,2.212921142578139211e-01,9.812118209260797808e-05,6.582592949522583781e-05,3.333315253257768812e-05
1.489524720165783265e+02,6.054933613897120495e+02,-6.191463928222655966e+01,1.901800599951091603e-02,1.271874063981674567e-02,6.400003284215927297e-03,-1.002619848681092662e+00,2.429439697294014877e+00,1.683563232421789735e-01,9.811155527059828296e-05,6.582159672765749980e-05,3.333315253257768812e-05
1.479498521678972338e+02,6.079228010870060643e+02,-6.174628295898438068e+01,1.911611755478151431e-02,1.278456223654440317e-02,6.433336436748504986e-03,-9.292638602746876586e-01,2.452159473505730602e+00,1.879608154296903422e-01,9.810193033785163941e-05,6.581726452999439592e-05,3.333315253257682076e-05
1.470205883076225462e+02,6.103749605605117949e+02,-6.155832214355469034e+01,1.921421948511936595e-02,1.285037950107439757e-02,6.466669589281081806e-03,-1.111035230057410672e+00,2.396683747394149577e+00,2.470642089843764211e-01,9.809084567838008417e-05,6.581440389616388664e-05,3.333389759063720703e-05
1.459095530775651355e+02,6.127716443079059445e+02,-6.131125793457031392e+01,1.931231033079774603e-02,1.291619390497056145e-02,6.500003486871719013e-03,-1.183867452083234184e+00,2.362267783792617593e+00,2.137847900390639211e-01,9.808268627950131324e-05,6.580860174909726468e-05,3.333315253257768812e-05
1.447256856254819013e+02,6.151339120916985621e+02,-6.109747314453125000e+01,1.941039301707724735e-02,1.298200250671965872e-02,6.533336639404296702e-03,-1.168530647144365275e+00,2.359803094723929462e+00,2.099639892578082367e-01,9.807306700941251232e-05,6.580427126201375543e-05,3.333315253257768812e-05
1.435571549783375360e+02,6.174937151864224916e+02,-6.088750915527344176e+01,1.950846608408665986e-02,1.304780677798167247e-02,6.566669791936874390e-03,-1.248608779930236778e+00,2.318996551432519482e+00,1.609954833984446054e-01,9.806344962635590856e-05,6.579994134460476207e-05,3.333315253257768812e-05
1.423085461984072992e+02,6.198127117378550111e+02,-6.072651367187499716e+01,1.960652953371301577e-02,1.311360671932627724e-02,6.600002944469452078e-03,-1.271092027504522548e+00,2.308362197951169037e+00,1.424468994140610789e-01,9.805383412912066499e-05,6.579561199741151833e-05,3.333389759063720703e-05
1.410374541709027767e+02,6.221210739358061801e+02,-6.058406677246093608e+01,1.970458336784213643e-02,1.317940233132368875e-02,6.633336842060089285e-03,-1.898621610717981412e+00,2.132910587572951044e+00,2.450347900390639211e-01,9.804422051716554787e-05,6.579128321944696656e-05,3.333315253257768812e-05
0.000000000000000000e+00,0.000000000000000000e+00,0.000000000000000000e+00,0.000000000000000000e+00,0.000000000000000000e+00,0.000000000000000000e+00,0.000000000000000000e+00,0.000000000000000000e+00,0.000000000000000000e+00,0.000000000000000000e+00,0.000000000000000000e+00,0.000000000000000000e+00
