Sigma_1,Sigma_2,Sigma_12,Epsilon_1,Epsilon_2,Epsilon_12,dSigma_1,dSigma_2,dSigma_12,dEpsilon_1,dEpsilon_2,dEpsilon_12
-0.000000000000000000e+00,-0.000000000000000000e+00,-0.000000000000000000e+00,0.000000000000000000e+00,0.000000000000000000e+00,0.000000000000000000e+00,1.038734365329848508e+01,1.455639885694977487e+01,6.008468055725098012e+00,1.333241062473146973e-04,1.999800121638574792e-04,6.666670087724923816e-05
1.038734365329848508e+01,1.455639885694977487e+01,6.008468055725098012e+00,1.333241062473146973e-04,1.999800121638574792e-04,6.666670087724923816e-05,5.191294820011401967e+00,7.275684387278280596e+00,3.000760459899902699e+00,6.665539379159600257e-05,9.997499944099476950e-05,3.333335043862462586e-05
1.557863847330988705e+01,2.183208324422805546e+01,9.009228515625000711e+00,1.999795000389106999e-04,2.999550116048522487e-04,1.000000513158738640e-04,5.190487947344124109e+00,7.274522394752455767e+00,2.999120712280273438e+00,6.665093950772614040e-05,9.996502871346707886e-05,3.333335043862461231e-05
2.076912642065401116e+01,2.910660563898051123e+01,1.200834922790527415e+01,2.666304395466368403e-04,3.999200403183193276e-04,1.333334017544984763e-04,5.189676196557531540e+00,7.273355035661950296e+00,2.997477340698241122e+00,6.664652073144885841e-05,9.995499016253158245e-05,3.333335043862462586e-05
2.595880261721154270e+01,3.637996067464246153e+01,1.500582656860351527e+01,3.332769602780856987e-04,4.998750304808509100e-04,1.666667521931231022e-04,5.188862617596658566e+00,7.272191474022562829e+00,2.995832824707031605e+00,6.664205599510791356e-05,9.994504669895497122e-05,3.333335043862462586e-05
3.114766523480820126e+01,4.365215214866502436e+01,1.800165939331054688e+01,3.999190162731936123e-04,5.998200771798058812e-04,2.000001026317477280e-04,5.188054844580619829e+00,7.271024072527254134e+00,2.994190979003906961e+00,6.663761512720566124e-05,9.993505868506125708e-05,3.333333879709243232e-05
3.633572007938882109e+01,5.092317622119227849e+01,2.099585037231445384e+01,4.665566314003992735e-04,6.997551358648671383e-04,2.333334414288401604e-04,5.187240665111914950e+00,7.269861993907795750e+00,2.992549133300780539e+00,6.663317485134360616e-05,9.992507266705201192e-05,3.333336208015679229e-05
4.152296074450073604e+01,5.819303821510007424e+01,2.398839950561523438e+01,5.331898062517428797e-04,7.996802085319191502e-04,2.666668035089969527e-04,5.186432294092199413e+00,7.268699125505662550e+00,2.990907287597657671e+00,6.662878170556475309e-05,9.991499559590334614e-05,3.333333879709245943e-05
4.670939303859293545e+01,6.546173734060573679e+01,2.697930679321289205e+01,5.998185879573076328e-04,8.995952041278224964e-04,3.000001423060894121e-04,5.185617511699639692e+00,7.267535484918695943e+00,2.989266204833981533e+00,6.662429607150047780e-05,9.990510662625400919e-05,3.333336208015679229e-05
5.189501055029257515e+01,7.272927282552443273e+01,2.996857299804687358e+01,6.664428840288081106e-04,9.995003107540765055e-04,3.333335043862462044e-04,5.184811592324379603e+00,7.266371055224865927e+00,2.987628173828127842e+00,6.661985757060564020e-05,9.989512659297180089e-05,3.333333879709245943e-05
5.707982214261695475e+01,7.999564388074929866e+01,3.295620117187500142e+01,7.330627415994137508e-04,1.099395437347048306e-03,3.666668431833386638e-04,5.183993157080784897e+00,7.265205841839502909e+00,2.985986328125001421e+00,6.661541966061226231e-05,9.988514855340403092e-05,3.333336208015679229e-05
6.226381529969773965e+01,8.726084972258880157e+01,3.594218750000000284e+01,7.996781612600260131e-04,1.199280585900452337e-03,4.000002052634954561e-04,5.183186637934966257e+00,7.264045956212797250e+00,2.984349060058590908e+00,6.661098234228991083e-05,9.987517250695308706e-05,3.333333879709240522e-05
6.744700193763270590e+01,9.452489567880159882e+01,3.892653656005859375e+01,8.662891436023159239e-04,1.299155758407405424e-03,4.333335440605878613e-04,5.182379819717652936e+00,7.262885288725598798e+00,2.982710266113286934e+00,6.660654561463244614e-05,9.986519845280017980e-05,3.333333879709245943e-05
7.262938175735035884e+01,1.017877809675271976e+02,4.190924682617188068e+01,9.328956892169483700e-04,1.399020956860205604e-03,4.666668828576803207e-04,5.181560483190622790e+00,7.261717716566252534e+00,2.981072998046869316e+00,6.660210947818793244e-05,9.985513339833408490e-05,3.333338536322112515e-05
7.781094224054098163e+01,1.090494986840934502e+02,4.489031982421875000e+01,9.994977986951363025e-04,1.498876090258539689e-03,5.000002682209014459e-04,5.180753065202807761e+00,7.260555504419016870e+00,2.979438781738281250e+00,6.659767393283775802e-05,9.984534931301090703e-05,3.333333879709245943e-05
8.299169530574378939e+01,1.163100541885124670e+02,4.786975860595703125e+01,1.066095472627974061e-03,1.598721439571550596e-03,5.333336070179939053e-04,5.179945356345754703e+00,7.259398593880490580e+00,2.977798461914062500e+00,6.659333200475917904e-05,9.983528824037877190e-05,3.333333879709245943e-05
8.817164066208954409e+01,1.235694527823929576e+02,5.084755706787109375e+01,1.132688804632733240e-03,1.698556727811929368e-03,5.666669458150863647e-04,5.179131221654003525e+00,7.258228660124657949e+00,2.976167297363275566e+00,6.658880460742389387e-05,9.982513622067449785e-05,3.333333879709245943e-05
9.335077188374354762e+01,1.308276814425176156e+02,5.382372436523436932e+01,1.199277609240157133e-03,1.798381864032603866e-03,6.000002846121788242e-04,5.177974564574427063e+00,7.256935687734028306e+00,2.974157714843755684e+00,6.658437083376296008e-05,9.981535806883657692e-05,3.333338536322112515e-05
9.852874644831797468e+01,1.380846171302516439e+02,5.679788208007812500e+01,1.265861980073920093e-03,1.898197222101440443e-03,6.333336699753999493e-04,5.174709018342639411e+00,7.254724513654764451e+00,2.969729614257815342e+00,6.657993765072441235e-05,9.980539595727186408e-05,3.333333879709245943e-05
1.037034554666606141e+02,1.453393416439064083e+02,5.976761169433594034e+01,1.332441917724644506e-03,1.998002618058712307e-03,6.666670087724924088e-04,5.169334021436682747e+00,7.252059635962126549e+00,2.964538574218742895e+00,6.657550505752523988e-05,9.979543583449714331e-05,3.333333879709245943e-05
1.088727894880972968e+02,1.525914012798685349e+02,6.273215026855468324e+01,1.399017422782169746e-03,2.097798053893209450e-03,7.000003475695848682e-04,5.166598399524275465e+00,7.249895117155972457e+00,2.960626220703126421e+00,6.657107305493435885e-05,9.978547769925192115e-05,3.333333879709245943e-05
1.140393878876215723e+02,1.598412963970245073e+02,6.569277648925780966e+01,1.465588495837104105e-03,2.197583531592461371e-03,7.333336863666773276e-04,5.163727610784690114e+00,7.247851869101594957e+00,2.957177734375008527e+00,6.656664164194736437e-05,9.977552155116279839e-05,3.333338536322112515e-05
1.192031154984062624e+02,1.670891482661261023e+02,6.864995422363281818e+01,1.532155137479051469e-03,2.297359053143624170e-03,7.666670717298984528e-04,5.161320720970920206e+00,7.245868758986517832e+00,2.954235839843732947e+00,6.656221081911134485e-05,9.976556738963563223e-05,3.333333879709245943e-05
1.243644362193771826e+02,1.743350170251126201e+02,7.160419006347655113e+01,1.598717348298162814e-03,2.397124620533259802e-03,8.000004105269909122e-04,5.158252935165478448e+00,7.243480784369211278e+00,2.950189208984397737e+00,6.655778058630812226e-05,9.975561521385336791e-05,3.333333879709245943e-05
1.295226891545426611e+02,1.815784978094818314e+02,7.455437927246094887e+01,1.665275128884470936e-03,2.496880235747113170e-03,8.333337493240833716e-04,5.154389567496963309e+00,7.240283904722474517e+00,2.944320678710937500e+00,6.655335094275576999e-05,9.974566502388756278e-05,3.333333879709235101e-05
1.346770787220396244e+02,1.888187817142043059e+02,7.749869995117188637e+01,1.731828479827226706e-03,2.596625900771000733e-03,8.666670881211757226e-04,5.152261810174508128e+00,7.237966916433009601e+00,2.940921020507801131e+00,6.654892188922212001e-05,9.973571681847880760e-05,3.333333879709245943e-05
1.398293405322141325e+02,1.960567486306373155e+02,8.043962097167968750e+01,1.798377401716448826e-03,2.696361617589479540e-03,9.000004269182681821e-04,5.147748676888170394e+00,7.233249526531750462e+00,2.933514404296872158e+00,6.654449342470385165e-05,9.972577059725457049e-05,3.333333879709245943e-05
1.449770892091023029e+02,2.032899981571690660e+02,8.337313537597655966e+01,1.864921895141152678e-03,2.796087388186734111e-03,9.333337657153606415e-04,5.141509986972437218e+00,7.226620436154689742e+00,2.922653198242187500e+00,6.654006554974783647e-05,9.971564063366786246e-05,3.333333879709245943e-05
1.501185991960747401e+02,2.105166185933237557e+02,8.629578857421874716e+01,1.931461960690900514e-03,2.895803028820401973e-03,9.666671045124531009e-04,5.135196526552903151e+00,7.219744136260203504e+00,2.911801147460934658e+00,6.653563826423633011e-05,9.970588412350385454e-05,3.333343192934979087e-05
1.552537957226276433e+02,2.177363627295839592e+02,8.920758972167968182e+01,1.997997598955136844e-03,2.995508912943905828e-03,1.000000536441802892e-03,5.130068198780463717e+00,7.214371431417617941e+00,2.903829956054693184e+00,6.653121156738718914e-05,9.969594385104973977e-05,3.333333879709256785e-05
1.603838639214081070e+02,2.249507341610015771e+02,9.211141967773437500e+01,2.064528810522524033e-03,3.095204856794955568e-03,1.033333875238895460e-03,5.124999876707533986e+00,7.209168178859755471e+00,2.897296142578113631e+00,6.652678545996824552e-05,9.968619123126333526e-05,3.333333879709235101e-05
1.655088637981156410e+02,2.321599023398613326e+02,9.500871582031248863e+01,2.131055595982492279e-03,3.194891048026218903e-03,1.066667214035987811e-03,5.117275685485196846e+00,7.200190639271085047e+00,2.886288452148448869e+00,6.652254579665511577e-05,9.967588358123337725e-05,3.333333879709256785e-05
1.706261394836008378e+02,2.393600929791324177e+02,9.789500427246093750e+01,2.197578141779147395e-03,3.294566931607452280e-03,1.100000552833080378e-03,5.109733275051866030e+00,7.191381641464943186e+00,2.876510620117187500e+00,6.651793499859795511e-05,9.966632055647848751e-05,3.333333879709235101e-05
1.757358727586527039e+02,2.465514746205973609e+02,1.007715148925781250e+02,2.264096076777745350e-03,3.394233252163930768e-03,1.133333891630172729e-03,5.100353927622791161e+00,7.180192949088336718e+00,2.863134765625005684e+00,6.651351065743976027e-05,9.965601694112693684e-05,3.333333879709235101e-05
1.808362266862754950e+02,2.537316675696856976e+02,1.036346496582031307e+02,2.330609587435185110e-03,3.493889269105057704e-03,1.166667230427265081e-03,5.090201684695671247e+00,7.167113923230459704e+00,2.848776245117178973e+00,6.650908690435542586e-05,9.964608660902344803e-05,3.333333879709256785e-05
1.859264283709711663e+02,2.608987814929161573e+02,1.064834259033203097e+02,2.397118674339540536e-03,3.593535355714081152e-03,1.200000569224357648e-03,5.079594506881164762e+00,7.155231376263827769e+00,2.835787963867190342e+00,6.650466373989399188e-05,9.963652941138122221e-05,3.333333879709235101e-05
1.910060228778523310e+02,2.680540128691799850e+02,1.093192138671875000e+02,2.463623338079434528e-03,3.693171885125462375e-03,1.233333908021449999e-03,5.066990291324799500e+00,7.138516809235738947e+00,2.819989013671872158e+00,6.650024116393662976e-05,9.962623184377097235e-05,3.333343192934989929e-05
1.960730131691771305e+02,2.751925296784157240e+02,1.121392028808593722e+02,2.530123579243371158e-03,3.792798116969233347e-03,1.266667339950799899e-03,5.051556271105994256e+00,7.116821640599141574e+00,2.798504638671872158e+00,6.649581917570141290e-05,9.961667852832105721e-05,3.333333879709256785e-05
2.011245694402831248e+02,2.823093513190148656e+02,1.149377075195312443e+02,2.596619398419072570e-03,3.892414795497554404e-03,1.300000678747892466e-03,5.030550027625338316e+00,7.087863889589073096e+00,2.771276855468755684e+00,6.649139777595855852e-05,9.960638498917890465e-05,3.333333879709235101e-05
2.061551194679084631e+02,2.893972152086039387e+02,1.177089843750000000e+02,2.663110796195031129e-03,3.992021180486733309e-03,1.333334017544984818e-03,4.997409226946729177e+00,7.039653660279327596e+00,2.727514648437491473e+00,6.648697696370322804e-05,9.959683555314444159e-05,3.333333879709235101e-05
2.111525286948551923e+02,2.964368688688832663e+02,1.204364990234374915e+02,2.729597773158734357e-03,4.091618016039877750e-03,1.366667356342077169e-03,4.963184456566921199e+00,6.982283697015418511e+00,2.682360839843752842e+00,6.648255673948272673e-05,9.958654604051968978e-05,3.333333879709256785e-05
2.161157131514221135e+02,3.034191525658986848e+02,1.231188598632812443e+02,2.796080329898217084e-03,4.191204562080397440e-03,1.400000695139169736e-03,4.932331527001508675e+00,6.927176671122083462e+00,2.643261718750011369e+00,6.647813710318082811e-05,9.957700048201113124e-05,3.333333879709235101e-05
2.210480446784236221e+02,3.103463292370207682e+02,1.257621215820312557e+02,2.862558467001397912e-03,4.290781562562408571e-03,1.433334033936262087e-03,4.899880744274184963e+00,6.866069300371350437e+00,2.603015136718738631e+00,6.647371805401560557e-05,9.956671499307227780e-05,3.333333879709256785e-05
2.259479254226978071e+02,3.172123985373921187e+02,1.283651367187499943e+02,2.929032185055413517e-03,4.390348277555480849e-03,1.466667372733354655e-03,4.872516719338591429e+00,6.812864728296403882e+00,2.569207763671869316e+00,6.646929959275467426e-05,9.955717330953697819e-05,3.333333879709235101e-05
2.308204421420363985e+02,3.240252632656885226e+02,1.309343444824218636e+02,2.995501484648168192e-03,4.489905450865017827e-03,1.500000711530447006e-03,4.849506138394588106e+00,6.767320374950827500e+00,2.539843750000017053e+00,6.646488171839623135e-05,9.954689184211475139e-05,3.333343192934989929e-05
2.356699482804309866e+02,3.307925836406393501e+02,1.334741882324218807e+02,3.061966366366564423e-03,4.589452342707132579e-03,1.533334143459796906e-03,4.826637828680446773e+00,6.721541376098514320e+00,2.512322998046869316e+00,6.646065011424234434e-05,9.953698324480144549e-05,3.333333879709235101e-05
2.404965861091114334e+02,3.375141250167378644e+02,1.359865112304687500e+02,3.128427016480806767e-03,4.688989325951934024e-03,1.566667482256889257e-03,4.802711533456431425e+00,6.675871091304259153e+00,2.480761718749988631e+00,6.645586204915556947e-05,9.952744736913595597e-05,3.333333879709256785e-05
2.452992976425678648e+02,3.441899961080421235e+02,1.384672729492187386e+02,3.194882878529962337e-03,4.788516773321069980e-03,1.600000821053981824e-03,4.778878496441109291e+00,6.627144342825317835e+00,2.447827148437511369e+00,6.645181727696260893e-05,9.951717192973382614e-05,3.333333879709235101e-05
2.500781761390089741e+02,3.508171404508674414e+02,1.409151000976562500e+02,3.261334695806924946e-03,4.888033945250803806e-03,1.633334159851074175e-03,4.755187370220880894e+00,6.579507036565757971e+00,2.416070556640619316e+00,6.644703043510091431e-05,9.950763992344451025e-05,3.333333879709256785e-05
2.548333635092298550e+02,3.573966474874331993e+02,1.433311706542968693e+02,3.327781726242025860e-03,4.987541585174248317e-03,1.666667498648166743e-03,4.727596548704354973e+00,6.529450075692523114e+00,2.381506347656255684e+00,6.644298678719698370e-05,9.949736849937558525e-05,3.333333879709235101e-05
2.595609600579342100e+02,3.639260975631257224e+02,1.457126770019531250e+02,3.394224713029222844e-03,5.087038953673623902e-03,1.700000837445259094e-03,4.693997730286810111e+00,6.472555650236245128e+00,2.345312499999977263e+00,6.643820116785737265e-05,9.948784035969555906e-05,3.333333879709235101e-05
2.642549577882210201e+02,3.703986532133619676e+02,1.480579895019531023e+02,3.460662914197080216e-03,5.186526794033319461e-03,1.733334176242351445e-03,4.661715302627442270e+00,6.422712102534489986e+00,2.316052246093761369e+00,6.643415864423032891e-05,9.947757294902128539e-05,3.333333879709256785e-05
2.689166730908484624e+02,3.768213653158964576e+02,1.503740417480468636e+02,3.527097072841310545e-03,5.286004366982340746e-03,1.766667515039444013e-03,4.634473521742904722e+00,6.386746553897808099e+00,2.293914794921875000e+00,6.642937424693271670e-05,9.946804867407097600e-05,3.333333879709235101e-05
2.735511466125913671e+02,3.832081118697942657e+02,1.526679565429687386e+02,3.593526447088243262e-03,5.385472415656411722e-03,1.800000853836536364e-03,4.601884609926287339e+00,6.352733479987534793e+00,2.261376953125022737e+00,6.642533284646453054e-05,9.945778527396722385e-05,3.333333879709256785e-05
2.781530312225176544e+02,3.895608453497818005e+02,1.549293334960937614e+02,3.659951779934707793e-03,5.484930200930378946e-03,1.833334192633628932e-03,4.542774241973404514e+00,6.303611437013728391e+00,2.190771484374977263e+00,6.642054967139106314e-05,9.944826486120526138e-05,3.333333879709235101e-05
2.826958054644910590e+02,3.958644567867955288e+02,1.571201049804687386e+02,3.726372329606098856e-03,5.584378465791584208e-03,1.866667531430721283e-03,4.519579203935506939e+00,6.278413465861035547e+00,2.177014160156261369e+00,6.641650939362810438e-05,9.943800546951576946e-05,3.333333879709235101e-05
2.872153846684265659e+02,4.021428702526565644e+02,1.592971191406250000e+02,3.792788838999726960e-03,5.683816471261099977e-03,1.900000870227813634e-03,4.493291146815863613e+00,6.253723419812331485e+00,2.157128906249994316e+00,6.641172743985634258e-05,9.942811853571372621e-05,3.333333879709256785e-05
2.917086758152424295e+02,4.083965936724688959e+02,1.614542480468749943e+02,3.859200566439583303e-03,5.783244589796813703e-03,1.933334209024906202e-03,4.453468377921637966e+00,6.217655390123411507e+00,2.114666748046857947e+00,6.640768828456529091e-05,9.941860391166155303e-05,3.333352506160723074e-05
2.961621441931640675e+02,4.146142490625923074e+02,1.635689147949218523e+02,3.925608254724148594e-03,5.882663193708475256e-03,1.966667734086513433e-03,4.434472299877256773e+00,6.194764943809389024e+00,2.105090332031267053e+00,6.640290755161558367e-05,9.940835052835682306e-05,3.333333879709235101e-05
3.005966164930413242e+02,4.208090140064016964e+02,1.656740051269531193e+02,3.992011162275764177e-03,5.982071544236832079e-03,2.000001072883605784e-03,4.419272110550195976e+00,6.176632834212171019e+00,2.103344726562511369e+00,6.639886951834237522e-05,9.939883976092106499e-05,3.333333879709278469e-05
3.050158886035915202e+02,4.269856468406138674e+02,1.677773498535156307e+02,4.058410031794106552e-03,6.081470383997753144e-03,2.033334411680698568e-03,4.395463796231922515e+00,6.158642031782619597e+00,2.104815673828113631e+00,6.639409000551432793e-05,9.938859037987232692e-05,3.333333879709235101e-05
3.094113523998234427e+02,4.331442888723964870e+02,1.698821655273437443e+02,4.124804121799620880e-03,6.180858974377625471e-03,2.066667750477790919e-03,4.383173654094775884e+00,6.139220883750567737e+00,2.108142089843767053e+00,6.639005309424725332e-05,9.937908346629650835e-05,3.333333879709235101e-05
3.137945260539182186e+02,4.392835097561470548e+02,1.719903076171875114e+02,4.191194174893868134e-03,6.280238057843921980e-03,2.100001089274883270e-03,4.367227501184913763e+00,6.120579675262490582e+00,2.109289550781227263e+00,6.638527480106164863e-05,9.936920824566916610e-05,3.333333879709235101e-05
3.181617535551031324e+02,4.454040894314095453e+02,1.740995971679687386e+02,4.257579449694929782e-03,6.379607266089591146e-03,2.133334428071975621e-03,4.336958695495013671e+00,6.095199279999121700e+00,2.094451904296875000e+00,6.638123901068441329e-05,9.935859474057701091e-05,3.333333879709235101e-05
3.224987122505981461e+02,4.514992887114086670e+02,1.761940490722656136e+02,4.323960688705614196e-03,6.478965860830168157e-03,2.166667766869067972e-03,4.320783484180935829e+00,6.073940256709533969e+00,2.076141357421875000e+00,6.637683283449921645e-05,9.934946376409861668e-05,3.333333879709278469e-05
3.268194957347790819e+02,4.575732289681182010e+02,1.782701904296874886e+02,4.390337521540113412e-03,6.578315324594266773e-03,2.200001105666160757e-03,4.303084382174745315e+00,6.054738730813426173e+00,2.067443847656250000e+00,6.637205637021002108e-05,9.933959442865424039e-05,3.333333879709235101e-05
3.311225801169538272e+02,4.636279676989316272e+02,1.803376342773437386e+02,4.456709577910323433e-03,6.677654919022921014e-03,2.233334444463253108e-03,4.285038540149741948e+00,6.031450832833172626e+00,2.056011962890636369e+00,6.636802226065319915e-05,9.932972705362433374e-05,3.333333879709235101e-05
3.354076186571035691e+02,4.696594185317647998e+02,1.823936462402343750e+02,4.523077600170976632e-03,6.776984646076545347e-03,2.266667783260345459e-03,4.257349882699941190e+00,5.997928959821820172e+00,2.034686279296863631e+00,6.636324701547128418e-05,9.931912168674623953e-05,3.333333879709235101e-05
3.396649685398035103e+02,4.756573474915866200e+02,1.844283325195312386e+02,4.589440847186447917e-03,6.876303767763291587e-03,2.300001122057437810e-03,4.225167227605027165e+00,5.959529622276249938e+00,2.018377685546880684e+00,6.635921402567239447e-05,9.930999825706263162e-05,3.333333879709235101e-05
3.438901357674085375e+02,4.816168771138628699e+02,1.864467102050781193e+02,4.655800061212120311e-03,6.975613766020354219e-03,2.333334460854530161e-03,4.189592712658566143e+00,5.929035288711190788e+00,2.023394775390642053e+00,6.635443999867662174e-05,9.930013676086660301e-05,3.333333879709278469e-05
3.480797284800671036e+02,4.875459124025740607e+02,1.884701049804687614e+02,4.722154501210796933e-03,7.074913902781220822e-03,2.366667799651622946e-03,4.177046105391923447e+00,5.910039203387952966e+00,2.034338378906227263e+00,6.635040812840494601e-05,9.928953749058569422e-05,3.333333879709235101e-05
3.522567745854590271e+02,4.934559516059620137e+02,1.905044433593749886e+02,4.788504909339201879e-03,7.174203440271806516e-03,2.400001138448715297e-03,4.149531575898777191e+00,5.892119898469218242e+00,2.031774902343784106e+00,6.634563531911826656e-05,9.928041971579183722e-05,3.333333879709235101e-05
3.564063061613578043e+02,4.993480715044312319e+02,1.925362182617187727e+02,4.854850544658320145e-03,7.273483859987598353e-03,2.433334477245807648e-03,4.095710733941700710e+00,5.868537762145990655e+00,2.002026367187454525e+00,6.634160456792104199e-05,9.927056409229483708e-05,3.333333879709235101e-05
3.605020168952995050e+02,5.052166092665772226e+02,1.945382446289062273e+02,4.921192149226241187e-03,7.372754424079893190e-03,2.466667816042899999e-03,4.045632834217315121e+00,5.831469009593149622e+00,1.956475830078147737e+00,6.633683297564176018e-05,9.926071042579056453e-05,3.333352506160744758e-05
3.645476497295168201e+02,5.110480782761703722e+02,1.964947204589843750e+02,4.987528982201882947e-03,7.472015134505683755e-03,2.500001341104507446e-03,4.027174302816206364e+00,5.811657418785102891e+00,1.946386718750005684e+00,6.633280334351118052e-05,9.925011927653173971e-05,3.333333879709235101e-05
3.685748240323330265e+02,5.168597356949554751e+02,1.984411071777343807e+02,5.053861785545394128e-03,7.571265253782215494e-03,2.533334679901599797e-03,4.039827663999631113e+00,5.803600128130483427e+00,1.963403320312494316e+00,6.632803296776224738e-05,9.924100903304765992e-05,3.333333879709235101e-05
3.726146516963326576e+02,5.226633358230859585e+02,2.004045104980468750e+02,5.120189818513156375e-03,7.670506262815263154e-03,2.566668018698692148e-03,4.040090499270775126e+00,5.791701419504647674e+00,1.966473388671886369e+00,6.632400445358201807e-05,9.923116123247179010e-05,3.333333879709278469e-05
3.766547421956034327e+02,5.284550372425906062e+02,2.023709838867187614e+02,5.186513822966738393e-03,7.769737424047734944e-03,2.600001357495784933e-03,4.016890236524602642e+00,5.768331997975792547e+00,1.936694335937488631e+00,6.631923529454991639e-05,9.922131538589971933e-05,3.333333879709235101e-05
3.806716324321280354e+02,5.342233692405663987e+02,2.043076782226562500e+02,5.252833058261288310e-03,7.868958739433634664e-03,2.633334696292877284e-03,3.993219191624177711e+00,5.752485351144741799e+00,1.913079833984397737e+00,6.631520789786727460e-05,9.921073234855047607e-05,3.333333879709235101e-05
3.846648516237522131e+02,5.399758545917111405e+02,2.062207580566406477e+02,5.319148266159155584e-03,7.968169471782185140e-03,2.666668035089969635e-03,3.978723214572084999e+00,5.735846866507586128e+00,1.891094970703079525e+00,6.631043995463346830e-05,9.920162962685774577e-05,3.333333879709235101e-05
3.886435748383242981e+02,5.457117014582187267e+02,2.081118530273437273e+02,5.385458706113789053e-03,8.067371101409042886e-03,2.700001373887061986e-03,3.948563214383398190e+00,5.715658245740655730e+00,1.858020019531267053e+00,6.630641367521943053e-05,9.919178963989187803e-05,3.333333879709235101e-05
3.925921380527076963e+02,5.514273597039593824e+02,2.099698730468749943e+02,5.451765119789008483e-03,8.166562891048934764e-03,2.733334712684154337e-03,3.921539112863740684e+00,5.696546005280424652e+00,1.833361816406267053e+00,6.630164694730513592e-05,9.918121267944723929e-05,3.333333879709278469e-05
3.965136771655714369e+02,5.571239057092398070e+02,2.118032348632812614e+02,5.518066766736313619e-03,8.265744103728382003e-03,2.766668051481247122e-03,3.917636660810330795e+00,5.690181278334307535e+00,1.829913330078113631e+00,6.629762178470954143e-05,9.917211559391098108e-05,3.333333879709235101e-05
4.004313138263817677e+02,5.628140869875741146e+02,2.136331481933593750e+02,5.584364388521023161e-03,8.364916219322292984e-03,2.800001390278339473e-03,3.905483425354987048e+00,5.676919874347959194e+00,1.812915039062488631e+00,6.629285627141653231e-05,9.916228146044335501e-05,3.333333879709235101e-05
4.043367972517367548e+02,5.684910068619220738e+02,2.154460632324218636e+02,5.650657244792439693e-03,8.464078500782736339e-03,2.833334729075431824e-03,3.895685155959199619e+00,5.664639153946950501e+00,1.794055175781267053e+00,6.628883222562984012e-05,9.915244927757339843e-05,3.333333879709235101e-05
4.082324824076959544e+02,5.741556460158690243e+02,2.172401184082031307e+02,5.716946077018069533e-03,8.563230950060309737e-03,2.866668067872524175e-03,3.873434965937633478e+00,5.648758557031783312e+00,1.768640136718744316e+00,6.628443830739797621e-05,9.914188041192095735e-05,3.333333879709235101e-05
4.121059173736335879e+02,5.798044045729008076e+02,2.190087585449218750e+02,5.783230515325467509e-03,8.662372830472230695e-03,2.900001406669616526e-03,3.790278013051647577e+00,5.619278602552526536e+00,1.700781250000005684e+00,6.627967461547701333e-05,9.913279083276042847e-05,3.333333879709278469e-05
4.158961953866852355e+02,5.854236831754533341e+02,2.207095397949218807e+02,5.849510189940944523e-03,8.761505621304991123e-03,2.933334745466709310e-03,3.495578762523678051e+00,5.538506661415226517e+00,1.503668212890630684e+00,6.627565224339836830e-05,9.912296449664584341e-05,3.333333879709235101e-05
4.193917741492089135e+02,5.909621898368685606e+02,2.222132080078125114e+02,5.915785842184342891e-03,8.860628585801636967e-03,2.966668084263801661e-03,3.349411817827387949e+00,5.481950022971318504e+00,1.384906005859363631e+00,6.627088976490867062e-05,9.911314010815040765e-05,3.333333879709235101e-05
4.227411859670363015e+02,5.964441398598398791e+02,2.235981140136718750e+02,5.982056731949251561e-03,8.959741725909787374e-03,3.000001423060894012e-03,3.231708156618594785e+00,5.431978311201760334e+00,1.282550048828113631e+00,6.626686850785129534e-05,9.910257932822449933e-05,3.333333879709235101e-05
4.259728941236548962e+02,6.018761181710416395e+02,2.248806640624999886e+02,6.048323600457102857e-03,9.058844305238011874e-03,3.033334761857986363e-03,3.197350237886780633e+00,5.418802484249795270e+00,1.257202148437500000e+00,6.626210724297847826e-05,9.909349724595770126e-05,3.333352506160744758e-05
4.291702443615416769e+02,6.072949206552914347e+02,2.261378662109374886e+02,6.114585707700081335e-03,9.157937802483969575e-03,3.066668286919593811e-03,1.176182929831668389e+00,4.651308223539103892e+00,-2.469238281249772626e-01,6.625808710049221201e-05,9.908367869792579496e-05,3.333333879709235101e-05
4.303464272913733453e+02,6.119462288788305386e+02,2.258909423828125114e+02,6.180843794800573547e-03,9.257021481181895370e-03,3.100001625716686162e-03,7.676865949500779607e-01,4.457139157040160171e+00,-5.908325195312613687e-01,6.625369725724635644e-05,9.907312397528997283e-05,3.333333879709235101e-05
4.311141138863234232e+02,6.164033680358706988e+02,2.253001098632812500e+02,6.247097492057819904e-03,9.356094605157185343e-03,3.133334964513778513e-03,-2.729616999840175140e+00,3.067779376329099250e+00,-3.013183593750000000e+00,6.624893781124845116e-05,9.906404751053483893e-05,3.333315253257768812e-05
4.283844968864832481e+02,6.194711474121997981e+02,2.222869262695312500e+02,6.313346429869068355e-03,9.455158652667720182e-03,3.166668117046356201e-03,-1.931496437705163771e+00,3.317127092400482979e+00,-2.542285156249988631e+00,6.624454918022736061e-05,9.905423479688452160e-05,3.333352506160744758e-05
4.264530004487780843e+02,6.227882745046002810e+02,2.197446411132812614e+02,6.379590979049295715e-03,9.554212887464604703e-03,3.200001642107963649e-03,-3.803686268074670807e-01,8.656657167788353036e-01,-5.719665527344091061e-01,1.656082179345586686e-05,2.476165671300503690e-05,8.333474397659301758e-06
4.260726318219706172e+02,6.236539402213791163e+02,2.191726745605468523e+02,6.396151800842751582e-03,9.578974544177609740e-03,3.208335116505622951e-03,-2.233229459388604710e+01,-9.532214256349789139e+00,-1.911851806640623863e+01,4.967933933693827880e-05,7.428276731445866699e-05,2.499967813491795268e-05
4.037403372280845701e+02,6.141217259650293272e+02,2.000541564941406136e+02,6.445831140179689861e-03,9.653257311492068407e-03,3.233334794640540903e-03,-3.720457774924972227e+01,-1.837846380499934185e+01,-3.882667846679686363e+01,6.802636896923765220e-05,1.017114492486547589e-04,3.423467278480547132e-05
3.665357594788348479e+02,5.957432621600299854e+02,1.612274780273437500e+02,6.513857509148927513e-03,9.754968760740723166e-03,3.267569467425346375e-03,-3.854849759042423329e+01,-1.838468905859667757e+01,-3.774266357421875284e+01,6.527052497964491024e-05,9.758666295802201351e-05,3.284960985183715820e-05
3.279872618884106146e+02,5.773585731014333078e+02,1.234848144531249972e+02,6.579128034128572423e-03,9.852555423698745179e-03,3.300419077277183533e-03,-1.002446302504966980e+01,-2.776468642583949986e+00,-1.169586791992186647e+01,6.713063565985319392e-05,1.003655725101970653e-04,3.378801047801980109e-05
3.179627988633609448e+02,5.745821044588493578e+02,1.117889465332031307e+02,6.646258669788425617e-03,9.952920996208942245e-03,3.334207087755203334e-03,-1.391420814095073410e+01,-5.788762489669579736e+00,-1.503046875000001137e+01,6.526188394042394675e-05,9.756808592135957081e-05,3.284960985183715820e-05
3.040485907224102107e+02,5.687933419691797781e+02,9.675847778320311932e+01,6.711520553728849564e-03,1.005048908213030182e-02,3.367056697607040492e-03,-1.066233192793993112e+01,-3.084808874850295979e+00,-1.152987976074217613e+01,6.712174895262459223e-05,1.003457097477570420e-04,3.378801047801980109e-05
2.933862587944702796e+02,5.657085330943294821e+02,8.522859802246094318e+01,6.778642302681474156e-03,1.015083479187805886e-02,3.400844708085060293e-03,-7.206856419971074956e+00,-1.470137113098417103e+00,-8.837313842773454553e+00,6.711724392582593679e-05,1.003356414963681859e-04,3.378801047801936741e-05
2.861794023744992046e+02,5.642383959812310650e+02,7.639128417968748863e+01,6.845759546607300093e-03,1.025117043337442704e-02,3.434632718563079661e-03,-1.063844248968518968e+01,-3.817908961106468269e+00,-1.173200073242186647e+01,6.711273950371719060e-05,1.003255752656268679e-04,3.378838300704956055e-05
2.755409598848140149e+02,5.604204870201245967e+02,6.465928344726562216e+01,6.912872286111017284e-03,1.035149600864005391e-02,3.468421101570129221e-03,-5.967837546848329566e+00,-3.131276747939182314e-01,-7.215518188476558237e+00,7.025344224057591264e-05,1.050173348435233522e-04,3.537200391292606716e-05
2.695731223379656853e+02,5.601073593453306785e+02,5.744376525878906392e+01,6.983125728351593196e-03,1.045651334348357726e-02,3.503793105483055288e-03,-5.692371612086958521e+00,-3.544135357503819250e-02,-6.610066223144535513e+00,6.605519068867381216e-05,9.873761658043926637e-05,3.326013684272748766e-05
2.638807507258787268e+02,5.600719179917556403e+02,5.083369903564452841e+01,7.049180919040267009e-03,1.055525096006401653e-02,3.537053242325782776e-03,-4.270682696004655554e+00,4.738888984232971779e-01,-5.444828796386715908e+00,6.133326746975836796e-05,9.167614840875464022e-05,3.088451921939849854e-05
2.596100680298740713e+02,5.605458068901789375e+02,4.538887023925781250e+01,7.110514186510025376e-03,1.064692710847277117e-02,3.567937761545181274e-03,-4.605928667090608997e+00,3.408679111699939313e-01,-6.220318603515622158e+00,7.076402548407065285e-05,1.057698422132612864e-04,3.563575446605691047e-05
2.550041393627834623e+02,5.608866748013489314e+02,3.916855163574219034e+01,7.181278211994096029e-03,1.075269695068603246e-02,3.603573516011238185e-03,-2.808988674764378857e+00,1.244462991045338640e+00,-4.434726715087890625e+00,6.368326779755857647e-05,9.518322012721201764e-05,3.207214176654789653e-05
2.521951506880190834e+02,5.621311377923942700e+02,3.473382492065429972e+01,7.244961479791654606e-03,1.084788017081324447e-02,3.635645657777786081e-03,-3.578843565602426224e+00,7.109515591749868690e-01,-4.902192687988286224e+00,6.367921249699360492e-05,9.517489809332882467e-05,3.207251429557808967e-05
2.486163071224166572e+02,5.628420893515692569e+02,2.983163223266601349e+01,7.308640692288648211e-03,1.094305506890657330e-02,3.667718172073364171e-03,-3.721434325736595383e+00,2.322399870327558347e+00,-5.898584747314451704e+00,9.551158596819188384e-05,1.427442597890932197e-04,4.810839891433715820e-05
2.448948727966800618e+02,5.651644892218968153e+02,2.393304748535156179e+01,7.404152278256840095e-03,1.108579932869566652e-02,3.715826570987701329e-03,-1.394615080183655209e+00,9.325202732167099384e-01,-2.232106781005857243e+00,3.656105371413996552e-05,5.463918213935957391e-05,1.841671764850642476e-05
2.435002577164964066e+02,5.660970094951135252e+02,2.170094070434570455e+01,7.440713331970980060e-03,1.114043851083502609e-02,3.734243288636207754e-03,-6.082208767298112662e+00,-6.436240856102131147e-01,-7.038968086242677558e+00,7.050550846622333917e-05,1.053662408819697194e-04,3.551766276359540758e-05
2.374180489491982939e+02,5.654533854095033121e+02,1.466197261810302699e+01,7.511218840437203399e-03,1.124580475171699581e-02,3.769760951399803162e-03,-3.707697847435923677e+00,4.640707838049138445e-01,-4.751877975463866477e+00,6.042944232594656823e-05,9.030529575095556927e-05,3.044344484806052117e-05
2.337103511017623703e+02,5.659174561933082259e+02,9.910094642639160512e+00,7.571648282763149967e-03,1.133611004746795138e-02,3.800204396247863683e-03,-2.149395143221369153e+00,2.414329134342551697e+00,-3.739914703369141336e+00,7.647641319707704916e-05,1.142818008239756405e-04,3.853030502796181769e-05
2.315609559585410011e+02,5.683317853276507776e+02,6.170179939270019176e+00,7.648124695960227017e-03,1.145039184829192702e-02,3.838734701275825500e-03,-1.573129246462542596e+00,3.789551122643842973e+00,-3.721550559997558238e+00,9.558710774979634062e-05,1.428331509189580822e-04,4.816278815269461541e-05
2.299878267120784585e+02,5.721213364502946206e+02,2.448629379272460938e+00,7.743711803710023357e-03,1.159322499921088510e-02,3.886897489428520116e-03,-1.370566435355215162e+00,2.607197121754438740e+00,-2.866077423095703125e+00,6.614986613660139847e-05,9.884195057207126323e-05,3.333315253257725444e-05
2.286172602767232434e+02,5.747285335720490593e+02,-4.174480438232421875e-01,7.809861669846624756e-03,1.169206694978295637e-02,3.920230641961097370e-03,-1.641009624350431295e+00,2.250091994850095034e+00,-3.112455558776855202e+00,6.614549062102913907e-05,9.883291813135401671e-05,3.333352506160788126e-05
2.269762506523728121e+02,5.769786255668991544e+02,-3.529903602600097390e+00,7.876007160467653895e-03,1.179089986791431038e-02,3.953564167022705252e-03,-1.363248441970796421e+00,2.412350279375345963e+00,-2.830382633209228782e+00,6.614111568470013025e-05,9.882315115071829692e-05,3.333352506160701390e-05
2.256130022104020156e+02,5.793909758462745003e+02,-6.360286235809326172e+00,7.942148276152354025e-03,1.188972301906502868e-02,3.986897692084312265e-03,-1.282880874037545027e+00,2.511006980106571973e+00,-2.767962121963501332e+00,6.613748044204635634e-05,9.881264992154907556e-05,3.333315253257768812e-05
2.243301213363644706e+02,5.819019828263810723e+02,-9.128248357772827504e+00,8.008285756594400381e-03,1.198853566898657776e-02,4.020230844616889954e-03,-1.287409022230804112e+00,2.531705870593555119e+00,-2.885835123062134855e+00,6.613236749845527451e-05,9.880362305270118384e-05,3.333352506160701390e-05
2.230427123141336665e+02,5.844336886969746274e+02,-1.201408348083496236e+01,8.074418124092855656e-03,1.208733929203927894e-02,4.053564369678496968e-03,-6.811928673305089887e-01,1.269026445020699612e+00,-1.538113212585447087e+00,3.306454376287952523e-05,4.939815095910370102e-05,1.666657626628927774e-05
2.223615194468031575e+02,5.857027151419953270e+02,-1.355219669342040945e+01,8.107482667855735181e-03,1.213673744299838264e-02,4.070230945944786245e-03,-2.276111565404278281e+00,2.235073247996979262e+00,-3.756895637512208452e+00,6.612580791432592919e-05,9.878898198890061211e-05,3.333315253257768812e-05
2.200854078813988792e+02,5.879377883899923063e+02,-1.730909233093261790e+01,8.173608475770061110e-03,1.223552642498728325e-02,4.103564098477363933e-03,-2.263490927643175610e+00,2.240397372794404873e+00,-3.736700820922852273e+00,6.612217452491887804e-05,9.877922368972148759e-05,3.333352506160701390e-05
2.178219169537557036e+02,5.901781857627867112e+02,-2.104579315185547017e+01,8.239730650294979988e-03,1.233430564867700474e-02,4.136897623538970947e-03,-1.113432465304072139e+00,2.791035100078261166e+00,-2.808123779296874289e+00,6.611706377694474834e-05,9.876946731862852602e-05,3.333315253257768812e-05
2.167084844884516315e+02,5.929692208628649723e+02,-2.385391693115234446e+01,8.305847714071924737e-03,1.243307511599563327e-02,4.170230776071548635e-03,-6.118399783790380297e-01,2.923985609992200807e+00,-2.402751159667968039e+00,6.611269259982829882e-05,9.875971287438833901e-05,3.333352506160701390e-05
2.160966445100725934e+02,5.958932064728571731e+02,-2.625666809082031250e+01,8.371960406671753036e-03,1.253183482887002161e-02,4.203564301133155649e-03,-1.003214042334064970e+00,3.154639149191211800e+00,-3.202728271484375000e+00,8.263508905489991285e-05,1.234355589961426414e-04,4.166662693023698988e-05
2.150934304677385285e+02,5.990478456220483849e+02,-2.945939636230468750e+01,8.454595495726652948e-03,1.265527038786616425e-02,4.245230928063392639e-03,-6.860068244305352891e-01,1.767723699772204782e+00,-1.965970611572263493e+00,4.957792367362746921e-05,7.405313985683024958e-05,2.500005066394771214e-05
2.144074236433079932e+02,6.008155693218205897e+02,-3.142536697387695099e+01,8.504173419400280418e-03,1.272932352772299450e-02,4.270230978727340351e-03,-1.504784751622167960e+00,2.311737097317859480e+00,-3.219605255126960941e+00,7.436190777343303082e-05,1.110716352062200013e-04,3.749988973140733900e-05
2.129026388916858252e+02,6.031273064191384492e+02,-3.464497222900391193e+01,8.578535327173713448e-03,1.284039516292921450e-02,4.307730868458747690e-03,-1.772802555207221076e+00,1.500854338271437882e+00,-3.143211364746086645e+00,6.196415579366038040e-05,9.254880193957336354e-05,3.125034272670728502e-05
2.111298363364786042e+02,6.046281607574098871e+02,-3.778818359374999858e+01,8.640499482967373829e-03,1.293294396486878786e-02,4.338981211185454975e-03,-1.124579045108248465e+00,1.636496616148633620e+00,-2.466969299316410513e+00,5.576416214042416442e-05,8.328718740162333045e-05,2.812482416629860649e-05
2.100052572913703557e+02,6.062646573735585207e+02,-4.025515289306640909e+01,8.696263645107797993e-03,1.301623115227041119e-02,4.367106035351753582e-03,-4.075957764213455903e-01,2.696540672219043699e+00,-2.092735290527343750e+00,6.608688704205258058e-05,9.870214018239432952e-05,3.333352506160701390e-05
2.095976615149490101e+02,6.089611980457775644e+02,-4.234788818359375284e+01,8.762350532149850574e-03,1.311493329245280552e-02,4.400439560413360596e-03,-3.752130420209311978e-01,2.772910307571919475e+00,-2.037196350097651987e+00,6.608251985380612925e-05,9.869239903138524173e-05,3.333315253257768812e-05
2.092224484729280789e+02,6.117341083533494839e+02,-4.438508453369140483e+01,8.828433052003656703e-03,1.321362569148419076e-02,4.433772712945938284e-03,-5.068001600928653261e-01,2.640337860986164742e+00,-2.172354125976561079e+00,6.607889170362479803e-05,9.868265980271691273e-05,3.333352506160701390e-05
2.087156483128352136e+02,6.143744462143356486e+02,-4.655743865966796591e+01,8.894511943707281501e-03,1.331230835128690768e-02,4.467106238007545298e-03,-4.150835407688759915e-01,2.740762029430243274e+00,-2.163333129882815342e+00,6.607378716052235423e-05,9.867292249648822178e-05,3.333315253257768812e-05
2.083005647720663376e+02,6.171152082437658919e+02,-4.872077178955078125e+01,8.960585730867803855e-03,1.341098127378339590e-02,4.500439390540122986e-03,-2.788569736230499529e-01,2.853143405756327411e+00,-2.078417968750002842e+00,6.606942170339288878e-05,9.866318711124373586e-05,3.333352506160701390e-05
2.080217077984432876e+02,6.199683516495222193e+02,-5.079918975830078409e+01,9.026655152571196744e-03,1.350964446089463963e-02,4.533772915601730000e-03,-3.200888115464408656e-01,2.762421648095028104e+00,-2.111032104492181816e+00,6.606505682351174191e-05,9.865345364729917466e-05,3.333315253257768812e-05
2.077016189868968468e+02,6.227307732976172474e+02,-5.291022186279296591e+01,9.092720209394708486e-03,1.360829791454193881e-02,4.567106068134307688e-03,-2.417324462127794504e-01,2.792258873168748323e+00,-2.022381591796879263e+00,6.606143078545165248e-05,9.864225227276465779e-05,3.333352506160788126e-05
2.074598865406840673e+02,6.255230321707859957e+02,-5.493260345458984517e+01,9.158781640180160138e-03,1.370694016681470347e-02,4.600439593195915569e-03,-1.674757837894276236e-01,2.864880566468627876e+00,-1.957119750976566763e+00,6.605632874429230583e-05,9.863399262424223102e-05,3.333315253257682076e-05
2.072924107568946397e+02,6.283879127372546236e+02,-5.688972320556641193e+01,9.224837968924452444e-03,1.380557415943894570e-02,4.633772745728492390e-03,-3.197130311201021868e-01,2.773886230444873036e+00,-2.146136474609370737e+00,6.605196559415771329e-05,9.862426491899500824e-05,3.333352506160788126e-05
2.069726977257745375e+02,6.311617989676994966e+02,-5.903585968017578267e+01,9.290889934518610158e-03,1.390419842435794071e-02,4.667106270790100271e-03,-3.868738515948280110e-01,2.484600080328732474e+00,-2.349067687988274145e+00,6.604760302015427742e-05,9.861453913277522243e-05,3.333315253257768812e-05
2.065858238741797095e+02,6.336463990480282291e+02,-6.138492736816405682e+01,9.356937537538764435e-03,1.400281296349071593e-02,4.700439423322677959e-03,-3.249069541315918741e-01,2.310712443663419435e+00,-2.324929809570321027e+00,6.604397909248937992e-05,9.860481526435468935e-05,3.333352506160701390e-05
2.062609169200481176e+02,6.359571114916916486e+02,-6.370985717773437784e+01,9.422981516631253815e-03,1.410141777875507062e-02,4.733772948384284973e-03,-3.364988633356915670e-01,2.333442688232935325e+00,-2.300384521484360789e+00,6.603887955200331283e-05,9.859509331316441971e-05,3.333315253257768812e-05
2.059244180567124261e+02,6.382905541799245839e+02,-6.601024169921873863e+01,9.489020396183257128e-03,1.420001287206823504e-02,4.767106100916862661e-03,-3.176274132348169132e-01,2.335079184818823705e+00,-2.262075805664068184e+00,6.603451870637426502e-05,9.858537327929808858e-05,3.333352506160701390e-05
2.056067906434776091e+02,6.406256333647434076e+02,-6.827231750488280682e+01,9.555054914889631393e-03,1.429859824534753313e-02,4.800439625978469675e-03,-2.872527990355422389e-01,2.342312678814778337e+00,-2.222344970703133527e+00,6.603089636054298994e-05,9.857418634504240551e-05,3.333315253257768812e-05
2.053195378444420669e+02,6.429679460435581859e+02,-7.049466247558594034e+01,9.621085811250174383e-03,1.439717243169257553e-02,4.833772778511047363e-03,-2.608906919930973345e-01,2.365799539219779035e+00,-2.193939208984360789e+00,6.602579869396767165e-05,9.856593910428056160e-05,3.333352506160701390e-05
2.050586471524489696e+02,6.453337455827779650e+02,-7.268860168457030113e+01,9.687111609944142054e-03,1.449573837079685609e-02,4.867106303572654377e-03,-2.476880878811869025e-01,2.143692934167006570e+00,-2.210107421875022737e+00,6.602143957568605559e-05,9.855622481719922279e-05,3.333315253257768812e-05
2.048109590645677827e+02,6.474774385169449715e+02,-7.489870910644532387e+01,9.753133049519828110e-03,1.459429459561405532e-02,4.900439456105232065e-03,-7.963202874518628960e-01,6.295813390125886144e-01,-3.048083496093738631e+00,6.601708103273935813e-05,9.854651244517627362e-05,3.333352506160788126e-05
2.040146387771159198e+02,6.481070198559575601e+02,-7.794679260253906250e+01,9.819150130552567468e-03,1.469284110805923159e-02,4.933772981166839947e-03,-3.078840558590050591e+01,-9.636982539358666600e+01,-5.233893737792968182e+01,6.549778786624736726e-05,9.776744526430319882e-05,3.307312726974487305e-05
1.732262331912154139e+02,5.517371944623708941e+02,-1.302857299804687443e+02,9.884647918418814835e-03,1.479060855332353479e-02,4.966846108436584820e-03,-8.986942556329893250e-01,-1.045089940512650628e+01,-5.701464843750017053e+00,6.961786631624888866e-05,1.039150594519897691e-04,3.515593707561440878e-05
1.723275389355824245e+02,5.412862950572443879e+02,-1.359871948242187614e+02,9.954265784735063724e-03,1.489452361277552456e-02,5.002002045512199228e-03,1.039620268436181050e-01,-3.235967187714550164e+00,-2.990686035156215894e+00,6.265274746579223286e-05,9.351417502717618291e-05,3.164075314998626709e-05
1.724315009624260426e+02,5.380503278695298377e+02,-1.389778808593749773e+02,1.001691853220085596e-02,1.498803778780270074e-02,5.033642798662185495e-03,4.254059295752199432e-01,-2.106109270083265983e+00,-2.787792968750011369e+00,7.439407152809614232e-05,1.110353498668358030e-04,3.757327795028686523e-05
1.728569068920012626e+02,5.359442185994465717e+02,-1.417656738281249886e+02,1.009131260372895210e-02,1.509907313766953654e-02,5.071216076612472361e-03,3.702643690249942665e-01,-8.535774398567355092e+00,-5.552178955078147737e+00,1.188476113613036456e-04,1.773764508903128562e-04,6.003007292747480211e-05
1.732271712610262568e+02,5.274084442008792166e+02,-1.473178527832031364e+02,1.021016021509025574e-02,1.527644958855984940e-02,5.131246149539947163e-03,5.737973395301310120e-02,-1.110420981373295035e+00,-7.231994628906193157e-01,1.649676880927271327e-05,2.462037101704298014e-05,8.333474397659301758e-06
1.732845509949792699e+02,5.262980232195059216e+02,-1.480410522460937557e+02,1.022665698389952846e-02,1.530106995957689238e-02,5.139579623937606465e-03,-4.995040075437549376e+01,-2.627948264652009698e+02,5.670234375000001137e+01,5.397304192564580938e-05,8.054871087481707548e-05,2.726465463638323011e-05
1.233341502406037762e+02,2.635031967543049518e+02,-9.133870849609374432e+01,1.028063002582517427e-02,1.538161867045170945e-02,5.166844278573989695e-03,-2.125140396508697904e-01,-1.471635888784874169e+00,9.027801513671818157e-01,8.463877199568065057e-05,1.263091962175819094e-04,4.275850951671652384e-05
1.231216362009529064e+02,2.620315608655200776e+02,-9.043592834472656250e+01,1.036526879782085492e-02,1.550792786666929136e-02,5.209602788090706219e-03,-2.129760116024073113e-01,-1.536298648857041371e+00,8.135162353515568157e-01,7.626233608149998733e-05,1.138060581449881065e-04,3.853030502796138401e-05
1.229086601893504991e+02,2.604952622166630363e+02,-8.962241210937500568e+01,1.044153113390235491e-02,1.562173392481427947e-02,5.248133093118667603e-03,-2.624785000074041363e-01,-1.305844715996897776e+00,6.712951660156250000e-01,3.812972446360328449e-05,5.689817250877776678e-05,1.926496624946559544e-05
1.226461816893430949e+02,2.591894175006661385e+02,-8.895111694335938068e+01,1.047966085836595819e-02,1.567863209732305724e-02,5.267398059368133198e-03,-3.101892683271927353e-01,-1.856527007715044419e+00,8.989898681640653422e-01,7.625361310748327015e-05,1.137851669642461760e-04,3.853030502796225137e-05
1.223359924210159022e+02,2.573328904929510941e+02,-8.805212707519531534e+01,1.055591447147344146e-02,1.579241726428730341e-02,5.305928364396095449e-03,-4.204365554812881101e-01,-1.989243553886439031e+00,1.092327880859372158e+00,7.624853611572050827e-05,1.137736879742792806e-04,3.853030502796138401e-05
1.219155558655346141e+02,2.553436469390646550e+02,-8.695979919433594318e+01,1.063216300758916197e-02,1.590619095226158269e-02,5.344458669424056833e-03,-1.432818525890979799e-01,-9.847428054682723086e-01,5.866668701171988687e-01,7.624198559730288594e-05,1.137592785603429302e-04,3.853030502796225137e-05
1.217722740129455161e+02,2.543589041335963827e+02,-8.637313232421874432e+01,1.070840499318646485e-02,1.601995023082192562e-02,5.382988974452019085e-03,-5.663318270960360223e-02,-4.365737793765163133e-01,2.592864990234318157e-01,3.811881309441315924e-05,5.687551988364791811e-05,1.926496624946559544e-05
1.217156408302359125e+02,2.539223303542198664e+02,-8.611384582519531250e+01,1.074652380628087801e-02,1.607682575070557354e-02,5.402253940701484680e-03,-8.389907732376400418e-02,-7.994344906163632913e-01,4.518188476562556843e-01,7.623400437192437429e-05,1.137413362130440531e-04,3.853030502796138401e-05
1.216317417529121485e+02,2.531228958636035031e+02,-8.566202697753905682e+01,1.082275781065280239e-02,1.619056708691861760e-02,5.440784245729446064e-03,-2.133313759002959387e-01,-1.253620641206595110e+00,6.826416015624943157e-01,7.622745620977817993e-05,1.137269345748391502e-04,3.853030502796225137e-05
1.214184103770118526e+02,2.518692752223969080e+02,-8.497938537597656250e+01,1.089898526686258057e-02,1.630429402149345675e-02,5.479314550757408316e-03,-7.943898392364729943e-01,-2.884169953784919471e+00,1.787756347656255684e+00,7.622238295293057297e-05,1.137154680811817975e-04,3.852993249893205824e-05
1.206240205377753796e+02,2.489851052686119885e+02,-8.319162902832030682e+01,1.097520764981551114e-02,1.641800948957463854e-02,5.517844483256340374e-03,-3.202131452322873884e-01,-1.215978522188123634e+00,7.560729980468750000e-01,3.810864444416667274e-05,5.685288520540857093e-05,1.926533877849578857e-05
1.203038073925430922e+02,2.477691267464238649e+02,-8.243555603027343182e+01,1.101331629425967781e-02,1.647486237478004711e-02,5.537109822034836162e-03,-2.021333241900151734e-01,-1.043462520423190654e+00,6.710479736328096578e-01,7.621366920000822998e-05,1.136946089763807288e-04,3.853030502796138401e-05
1.201016740683530770e+02,2.467256642260006743e+02,-8.176450805664062216e+01,1.108952996345968604e-02,1.658855698375642784e-02,5.575640127062797546e-03,-1.230399671678412687e-01,-7.556335492629955297e-01,5.008789062499943157e-01,7.620712433412286935e-05,1.136831494164235179e-04,3.853030502796138401e-05
1.199786341011852357e+02,2.459700306767376787e+02,-8.126362915039062784e+01,1.116573708779380891e-02,1.670224013317285136e-02,5.614170432090758930e-03,-5.759570624366006086e-02,-3.380119616612660138e-01,2.274444580078096578e-01,3.810212121261626061e-05,5.683672862845726148e-05,1.926496624946646280e-05
1.199210383949415757e+02,2.456320187150764127e+02,-8.103618469238281818e+01,1.120383920900642517e-02,1.675907686180130862e-02,5.633435398340225393e-03,-1.149835818415851918e-01,-7.678396199590622473e-01,4.237396240234403422e-01,7.619841398474186400e-05,1.136623017492927046e-04,3.853030502796138401e-05
1.198060548130999905e+02,2.448641790951173505e+02,-8.061244506835937784e+01,1.128003762299116704e-02,1.687273916355060133e-02,5.671965703368186777e-03,-1.051746367064367860e-01,-8.649158274472483754e-01,4.051330566406221578e-01,7.619334487387989518e-05,1.136508491165755252e-04,3.853030502796225137e-05
1.197008801763935537e+02,2.439992632676701021e+02,-8.020731201171875568e+01,1.135623096786504693e-02,1.698639001266717685e-02,5.710496008396149029e-03,1.231794828824206434e-02,-5.547540746718766513e-01,1.903228759765625000e-01,7.618680330167063031e-05,1.136379340690822637e-04,3.852993249893119088e-05
1.197131981246817958e+02,2.434445091929982254e+02,-8.001698913574219318e+01,1.143241777116671756e-02,1.710002794673625912e-02,5.749025940895080219e-03,-4.809115833569421739e-02,-4.947964726911777689e-01,2.022308349609431843e-01,3.809122510029135100e-05,5.681266004033819206e-05,1.926533877849578857e-05
1.196651069663461016e+02,2.429497127203070477e+02,-7.981475830078125000e+01,1.147050899626700891e-02,1.715684060677659731e-02,5.768291279673576008e-03,-1.169772902820511717e-01,-1.143720004795596878e+00,4.474426269531193157e-01,7.617883415759335586e-05,1.136185671666359309e-04,3.853030502796225137e-05
1.195481296760640504e+02,2.418059927155114508e+02,-7.936731567382813068e+01,1.154668783042460227e-02,1.727045917394323324e-02,5.806821584701538259e-03,8.947870753935660559e-02,-3.798901197561406207e-01,7.713928222656818434e-02,7.617229493642359295e-05,1.136056594543757847e-04,3.853030502796138401e-05
1.196376083836034070e+02,2.414261025957553102e+02,-7.929017639160156250e+01,1.162286012536102586e-02,1.738406483339760902e-02,5.845351889729499643e-03,6.583948675630324487e-02,-4.148654197359178397e-01,1.413665771484318157e-01,7.616722955219173974e-05,1.135912904050573324e-04,3.852993249893205824e-05
1.197034478703597102e+02,2.410112371760193923e+02,-7.914880981445313068e+01,1.169902735491321760e-02,1.749765612380266636e-02,5.883881822228431702e-03,-5.223206822499548707e-02,-4.278828185689746988e-01,2.370391845703068157e-01,3.808107116161536798e-05,5.679153904422640231e-05,1.926533877849578857e-05
1.196512158021347147e+02,2.405833543574504176e+02,-7.891177062988282387e+01,1.173710842607483297e-02,1.755444766284689276e-02,5.903147161006927490e-03,-9.638640425824007707e-02,-7.988373848272658506e-01,4.233032226562585265e-01,7.615852840405640256e-05,1.135734031670436461e-04,3.853030502796138401e-05
1.195548293978764747e+02,2.397845169726231518e+02,-7.848846740722656534e+01,1.181326695447888937e-02,1.766802106601393640e-02,5.941677466034888874e-03,-1.086691216741542121e-01,-7.165165259227421757e-01,3.579925537109431843e-01,7.615199247213919054e-05,1.135590418605524066e-04,3.852993249893205824e-05
1.194461602762023205e+02,2.390680004467004096e+02,-7.813047485351562216e+01,1.188941894695102856e-02,1.778158010787448881e-02,5.980207398533820932e-03,-9.596237872402468838e-02,-6.378453818787761520e-01,3.211578369140539735e-01,7.614692998385991229e-05,1.135476113561899314e-04,3.853030502796225137e-05
1.193501978974782958e+02,2.384301550648216335e+02,-7.780931701660156818e+01,1.196556587693488848e-02,1.789512771923067874e-02,6.018737703561783184e-03,-1.759530318997803988e-02,-2.351766560370265324e-01,1.002502441406250000e-01,3.807092263494529782e-05,5.676750754213602534e-05,1.926533877849578857e-05
1.193326025942883177e+02,2.381949784087846069e+02,-7.770906677246094318e+01,1.200363679956983377e-02,1.795189522677281477e-02,6.038003042340278972e-03,-3.293974983222369701e-03,-3.972769337981105764e-01,1.218078613281363687e-01,7.613823347278440845e-05,1.135282752254204719e-04,3.853030502796138401e-05
1.193293086193050954e+02,2.377977014749864964e+02,-7.758725891113280682e+01,1.207977503304261818e-02,1.806542350199823524e-02,6.076533347368240356e-03,-6.785774262321808692e-02,-5.480863709685763752e-01,2.170043945312443157e-01,7.613170082754194823e-05,1.135153880194167408e-04,3.852993249893205824e-05
1.192614508766818773e+02,2.372496151040179200e+02,-7.737025451660156250e+01,1.215590673387016013e-02,1.817893889001765198e-02,6.115063279867172415e-03,-2.616628119956487808e-01,-1.014262103868901477e+00,6.056732177734431843e-01,3.806367701062948750e-05,5.675139903250914220e-05,1.926533877849578857e-05
1.189997880646862285e+02,2.362353530001490185e+02,-7.676458129882811932e+01,1.219397041088078962e-02,1.823569028905016112e-02,6.134328618645668203e-03,-2.999214030048307222e-01,-1.159750880136385831e+00,7.468231201171704470e-01,7.612374373817953899e-05,1.134960628610577615e-04,3.853030502796138401e-05
1.186998666616813978e+02,2.350756021200126327e+02,-7.601775817871094887e+01,1.227009415461896916e-02,1.834918635191121888e-02,6.172858923673629587e-03,-1.933749490776506264e-01,-8.173502820383760081e-01,4.983184814453238687e-01,7.611721343920262173e-05,1.134831829665734759e-04,3.853030502796225137e-05
1.185064917126037471e+02,2.342582518379742567e+02,-7.551943969726562500e+01,1.234621136805817178e-02,1.846266953487779236e-02,6.211389228701591839e-03,-1.846303468080066068e-01,-7.627495592859645512e-01,4.383819580078096578e-01,7.611215590990969004e-05,1.134688433039078570e-04,3.852993249893119088e-05
1.183218613657957405e+02,2.334955022786882921e+02,-7.508105773925781534e+01,1.242232352396808147e-02,1.857613837818170022e-02,6.249919161200523030e-03,-8.662818371765013126e-02,-3.571157588363575996e-01,2.057525634765653422e-01,3.805427358353000167e-05,5.673032512945597183e-05,1.926533877849578857e-05
1.182352331820780904e+02,2.331383865198519345e+02,-7.487530517578125000e+01,1.246037779755161147e-02,1.863286870331115619e-02,6.269184499979018818e-03,-1.475787716499752378e-01,-6.627397685878406719e-01,4.155487060546931843e-01,7.610273150731802771e-05,1.134509961819019086e-04,3.852993249893205824e-05
1.180876544104281152e+02,2.324756467512640938e+02,-7.445975646972655682e+01,1.253648052905892950e-02,1.874631969949305810e-02,6.307714432477950876e-03,-4.423182286296878374e-02,-4.147545770713634283e-01,2.137969970703039735e-01,7.609694032251722307e-05,1.134366642374928791e-04,3.853067755699157715e-05
1.180434225875651464e+02,2.320608921741927304e+02,-7.424595947265625284e+01,1.261257746938144672e-02,1.885975636373055098e-02,6.346245110034942453e-03,-3.331111042901113706e-02,-4.156505270393893170e-01,1.988372802734517109e-01,7.609115001881196216e-05,1.134252599305149434e-04,3.852993249893205824e-05
1.180101114771361352e+02,2.316452416471533411e+02,-7.404712219238280113e+01,1.268866861940025868e-02,1.897318162366106592e-02,6.384775042533874512e-03,7.345706016309350161e-03,-2.396510303384786766e-01,5.019836425779544697e-02,3.804487519279246832e-05,5.670780584633716703e-05,1.926496624946559544e-05
1.180174571831524446e+02,2.314055906168148624e+02,-7.399692382812500568e+01,1.272671349459305115e-02,1.902988942950740309e-02,6.404040008783340107e-03,3.227377983812118600e-02,-4.220512227493031787e-01,6.166992187500852651e-02,7.608246610312820180e-05,1.134045034170381994e-04,3.853067755699157715e-05
1.180497309629905658e+02,2.309835393940655592e+02,-7.393525390624999716e+01,1.280279596069617935e-02,1.914329393292444129e-02,6.442570686340331684e-03,5.676054062075763795e-02,-2.969621334402177126e-01,-1.654968261719602651e-02,7.607667800207072728e-05,1.133931059899805083e-04,3.852993249893205824e-05
1.181064915036113234e+02,2.306865772606253415e+02,-7.395180358886719318e+01,1.287887263869825008e-02,1.925668703891442179e-02,6.481100618839263743e-03,5.851828309033635378e-02,1.205784347462213191e-03,-9.590148925781250000e-02,3.803616873825424460e-05,5.669173161089099966e-05,1.926496624946646280e-05
1.181650097867016598e+02,2.306877830449728037e+02,-7.404770507812500568e+01,1.291690880743650433e-02,1.931337877052531279e-02,6.500365585088730205e-03,1.028328347072005045e-01,-5.907771078361179207e-02,-3.422393798828125000e-01,1.228570764491652284e-04,1.831043525017915508e-04,6.223097443580627441e-05
1.182678426214088603e+02,2.306287053341891919e+02,-7.438994445800781818e+01,1.303976588388566955e-02,1.949648312302710434e-02,6.562596559524536480e-03,-7.655549417988538607e-02,-2.205031665880881064e-01,-1.533538818359261313e-01,6.580047041968364874e-05,9.806462466627544061e-05,3.333389759063720703e-05
1.181912871272289749e+02,2.304082021676011038e+02,-7.454329833984374432e+01,1.310556635430535320e-02,1.959454774769337979e-02,6.595930457115173687e-03,-1.258936782761566064e-01,-3.333460536128711738e-01,-1.126770019531306843e-01,6.579614100287248246e-05,9.805500893862381662e-05,3.333315253257682076e-05
1.180653934489528183e+02,2.300748561139882327e+02,-7.465597534179687500e+01,1.317136249530822568e-02,1.969260275663200360e-02,6.629263609647750508e-03,-1.639975487900926510e-01,-3.530386653681603093e-01,-1.352020263671818157e-01,6.579181215552246109e-05,9.804539509630436078e-05,3.333315253257768812e-05
1.179013959001627256e+02,2.297218174486200724e+02,-7.479117736816405682e+01,1.323715430746374815e-02,1.979064815172830796e-02,6.662596762180328196e-03,-2.048899891126154671e-02,-4.242089713744690016e-02,-1.761474609375568434e-02,8.039307079387575383e-06,1.197943663099401701e-05,4.073232412338777253e-06
