Sigma_1,Sigma_2,Sigma_12,Epsilon_1,Epsilon_2,Epsilon_12,dSigma_1,dSigma_2,dSigma_12,dEpsilon_1,dEpsilon_2,dEpsilon_12
-0.000000000000000000e+00,-0.000000000000000000e+00,-0.000000000000000000e+00,0.000000000000000000e+00,0.000000000000000000e+00,0.000000000000000000e+00,3.747991561889648438e+00,1.252339574947807321e+01,1.061594009399414062e+01,0.000000000000000000e+00,1.999800121638574792e-04,1.333329943008720821e-04
3.747991561889648438e+00,1.252339574947807321e+01,1.061594009399414062e+01,0.000000000000000000e+00,1.999800121638574792e-04,1.333329943008720821e-04,1.872450637817382635e+00,6.259225567251800015e+00,5.303770446777344105e+00,0.000000000000000000e+00,9.997499944099476950e-05,6.666650297120215135e-05
5.620442199707031072e+00,1.878262131672987323e+01,1.591971054077148473e+01,0.000000000000000000e+00,2.999550116048522487e-04,1.999994972720742334e-04,1.871527862548828303e+00,6.257916101348222071e+00,5.301870727539059303e+00,0.000000000000000000e+00,9.996502871346707886e-05,6.666649132966993071e-05
7.491970062255859375e+00,2.504053741807809530e+01,2.122158126831054403e+01,0.000000000000000000e+00,3.999200403183193276e-04,2.666659886017441641e-04,1.870604705810546164e+00,6.256606629118696361e+00,5.299968719482425428e+00,0.000000000000000000e+00,9.995499016253158245e-05,6.666651461273431778e-05
9.362574768066405539e+00,3.129714404719679166e+01,2.652154998779296946e+01,0.000000000000000000e+00,4.998750304808509100e-04,3.333325032144784819e-04,1.869681549072266691e+00,6.255299445430583916e+00,5.298066711425779118e+00,0.000000000000000000e+00,9.994504669895497122e-05,6.666649132966998492e-05
1.123225631713867223e+01,3.755244349262737558e+01,3.181961669921874858e+01,0.000000000000000000e+00,5.998200771798058812e-04,3.999989945441484668e-04,1.868758392333983664e+00,6.253993020769641475e+00,5.296165466308593750e+00,0.000000000000000000e+00,9.993505868506125708e-05,6.666649132966993071e-05
1.310101470947265589e+01,4.380643651339701705e+01,3.711578216552734233e+01,0.000000000000000000e+00,6.997551358648671383e-04,4.666654858738183975e-04,1.867837524414062145e+00,6.252682775612981914e+00,5.294265747070312500e+00,0.000000000000000000e+00,9.992507266705201192e-05,6.666649132966993071e-05
1.496885223388671804e+01,5.005911928900999897e+01,4.241004791259765483e+01,0.000000000000000000e+00,7.996802085319191502e-04,5.333319772034883282e-04,1.866914367675782671e+00,6.251377867013445666e+00,5.292367553710938921e+00,0.000000000000000000e+00,9.991499559590334614e-05,6.666653789579870485e-05
1.683576660156250071e+01,5.631049715602344463e+01,4.770241546630859375e+01,0.000000000000000000e+00,8.995952041278224964e-04,5.999985150992870331e-04,1.865992736816405539e+00,6.250066093312035775e+00,5.290467834472650566e+00,0.000000000000000000e+00,9.990510662625400919e-05,6.666649132966993071e-05
1.870175933837890625e+01,6.256056324933548041e+01,5.299288330078124432e+01,0.000000000000000000e+00,9.995003107540765055e-04,6.666650064289569638e-04,1.865071105957031961e+00,6.248759657969678472e+00,5.288568115234383527e+00,0.000000000000000000e+00,9.989512659297180089e-05,6.666649132966993071e-05
2.056683044433593821e+01,6.880932290730515888e+01,5.828145141601562784e+01,0.000000000000000000e+00,1.099395437347048306e-03,7.333314977586268945e-04,1.864151000976562500e+00,6.247452457246339463e+00,5.286676025390626421e+00,0.000000000000000000e+00,9.988514855340403092e-05,6.666649132967003913e-05
2.243098144531250071e+01,7.505677536455149834e+01,6.356812744140625426e+01,0.000000000000000000e+00,1.199280585900452337e-03,7.999979890882969336e-04,1.863229370117185368e+00,6.246150602592209111e+00,5.284774780273430395e+00,0.000000000000000000e+00,9.987517250695308706e-05,6.666649132966993071e-05
2.429421081542968608e+01,8.130292596714370745e+01,6.885290222167968466e+01,0.000000000000000000e+00,1.299155758407405424e-03,8.666644804179668643e-04,1.862307739257815342e+00,6.244841872327597798e+00,5.282879638671872158e+00,0.000000000000000000e+00,9.986519845280017980e-05,6.666649132966993071e-05
2.615651855468750142e+01,8.754776783947130525e+01,7.413578186035155682e+01,0.000000000000000000e+00,1.399020956860205604e-03,9.333309717476367950e-04,1.861389160156250000e+00,6.243538480630988374e+00,5.280987548828136369e+00,0.000000000000000000e+00,9.985513339833408490e-05,6.666649132967003913e-05
2.801790771484375142e+01,9.379130632010229363e+01,7.941676940917969318e+01,0.000000000000000000e+00,1.498876090258539689e-03,9.999974630773068342e-04,1.860470581054684658e+00,6.242228238268950236e+00,5.279089355468741473e+00,0.000000000000000000e+00,9.984534931301090703e-05,6.666649132966982229e-05
2.987837829589843608e+01,1.000335345583712439e+02,8.469585876464843466e+01,0.000000000000000000e+00,1.598721439571550596e-03,1.066663954406976656e-03,1.859548950195314632e+00,6.240929432143389022e+00,5.277197265625005684e+00,0.000000000000000000e+00,9.983528824037877190e-05,6.666658446192737057e-05
3.173792724609375071e+01,1.062744639905146329e+02,8.997305603027344034e+01,0.000000000000000000e+00,1.698556727811929368e-03,1.133330538868904027e-03,1.858630371093749289e+00,6.239611508595260148e+00,5.275308227539056816e+00,0.000000000000000000e+00,9.982513622067449785e-05,6.666649132967003913e-05
3.359655761718750000e+01,1.125140754991098930e+02,9.524836425781249716e+01,0.000000000000000000e+00,1.798381864032603866e-03,1.199997030198574066e-03,1.857711791992187500e+00,6.238323434078424157e+00,5.273413085937505684e+00,0.000000000000000000e+00,9.981535806883657692e-05,6.666649132967003913e-05
3.545426940917968750e+01,1.187523989331883172e+02,1.005217773437500028e+02,0.000000000000000000e+00,1.898197222101440443e-03,1.266663521528244105e-03,1.856790161132813921e+00,6.237010118852552409e+00,5.271520996093741473e+00,0.000000000000000000e+00,9.980539595727186408e-05,6.666649132966982229e-05
3.731105957031250142e+01,1.249894090520408696e+02,1.057932983398437443e+02,0.000000000000000000e+00,1.998002618058712307e-03,1.333330012857913928e-03,1.855346679687500000e+00,6.235157800941081518e+00,5.268463134765625000e+00,0.000000000000000000e+00,9.979543583449714331e-05,6.666649132967003913e-05
3.916640625000000142e+01,1.312245668529819511e+02,1.110617614746093693e+02,0.000000000000000000e+00,2.097798053893209450e-03,1.399996504187583967e-03,1.852365112304688921e+00,6.231689683468971452e+00,5.262109374999994316e+00,0.000000000000000000e+00,9.978547769925192115e-05,6.666649132966982229e-05
4.101877136230469034e+01,1.374562565364509226e+02,1.163238708496093636e+02,0.000000000000000000e+00,2.197583531592461371e-03,1.466662995517253789e-03,1.850796508789059658e+00,6.229211199785652298e+00,5.258282470703136369e+00,0.000000000000000000e+00,9.977552155116279839e-05,6.666649132967003913e-05
4.286956787109375000e+01,1.436854677362365749e+02,1.215821533203125000e+02,0.000000000000000000e+00,2.297359053143624170e-03,1.533329486846923828e-03,1.849285888671872158e+00,6.226829493445848129e+00,5.254730224609375000e+00,0.000000000000000000e+00,9.976556738963563223e-05,6.666649132967003913e-05
4.471885375976562216e+01,1.499122972296824230e+02,1.268368835449218750e+02,0.000000000000000000e+00,2.397124620533259802e-03,1.599995978176593867e-03,1.846231079101563921e+00,6.221644304439820417e+00,5.246527099609352263e+00,0.000000000000000000e+00,9.975561521385336791e-05,6.666649132966982229e-05
4.656508483886718608e+01,1.561339415341222434e+02,1.320834106445312273e+02,0.000000000000000000e+00,2.496880235747113170e-03,1.666662469506263690e-03,1.843521118164062500e+00,6.215979880814302305e+00,5.238146972656267053e+00,0.000000000000000000e+00,9.974566502388756278e-05,6.666649132967003913e-05
4.840860595703124858e+01,1.623499214149365457e+02,1.373215576171874943e+02,0.000000000000000000e+00,2.596625900771000733e-03,1.733328960835933729e-03,1.841763305664066763e+00,6.212553309971781346e+00,5.233367919921875000e+00,0.000000000000000000e+00,9.973571681847880760e-05,6.666649132966982229e-05
5.025036926269531534e+01,1.685624747249083271e+02,1.425549255371093693e+02,0.000000000000000000e+00,2.696361617589479540e-03,1.799995452165603551e-03,1.839144897460933237e+00,6.207619674919925501e+00,5.226617431640619316e+00,0.000000000000000000e+00,9.972577059725457049e-05,6.666649132967003913e-05
5.208951416015624858e+01,1.747700943998282526e+02,1.477815429687499886e+02,0.000000000000000000e+00,2.796087388186734111e-03,1.866661943495273590e-03,1.836944580078125000e+00,6.203602342926302526e+00,5.221484374999988631e+00,0.000000000000000000e+00,9.971564063366786246e-05,6.666649132967003913e-05
5.392645874023437358e+01,1.809736967427545551e+02,1.530030273437499773e+02,0.000000000000000000e+00,2.895803028820401973e-03,1.933328434824943629e-03,1.834436035156251421e+00,6.199179465435207703e+00,5.215942382812528422e+00,0.000000000000000000e+00,9.970588412350385454e-05,6.666649132967003913e-05
5.576089477539062500e+01,1.871728762081897628e+02,1.582189697265625057e+02,0.000000000000000000e+00,2.995508912943905828e-03,1.999994926154613668e-03,1.830603027343748579e+00,6.192171195373958881e+00,5.207037353515630684e+00,0.000000000000000000e+00,9.969594385104973977e-05,6.666649132966960545e-05
5.759149780273437358e+01,1.933650474035637217e+02,1.634260070800781364e+02,0.000000000000000000e+00,3.095204856794955568e-03,2.066661417484283274e-03,1.827069091796879263e+00,6.185956493857133864e+00,5.199346923828102263e+00,0.000000000000000000e+00,9.968619123126333526e-05,6.666649132967003913e-05
5.941856689453125284e+01,1.995510038974208555e+02,1.686253540039062386e+02,0.000000000000000000e+00,3.194891048026218903e-03,2.133327908813953313e-03,1.822210693359373579e+00,6.178061572545317404e+00,5.189703369140630684e+00,0.000000000000000000e+00,9.967588358123337725e-05,6.666667759418513570e-05
6.124077758789062642e+01,2.057290654699661729e+02,1.738150573730468693e+02,0.000000000000000000e+00,3.294566931607452280e-03,2.199994586408138449e-03,1.817999267578123579e+00,6.171303187218995845e+00,5.181311035156255684e+00,0.000000000000000000e+00,9.966632055647848751e-05,6.666649132966960545e-05
6.305877685546875000e+01,2.119003686571851688e+02,1.789963684082031250e+02,0.000000000000000000e+00,3.394233252163930768e-03,2.266661077737808054e-03,1.813708496093752842e+00,6.164076768416208552e+00,5.172259521484363631e+00,0.000000000000000000e+00,9.965601694112693684e-05,6.666649132967003913e-05
6.487248535156250284e+01,2.180644454256013773e+02,1.841686279296874886e+02,0.000000000000000000e+00,3.493889269105057704e-03,2.333327569067478093e-03,1.810113525390619316e+00,6.156602879619043733e+00,5.164160156250005684e+00,0.000000000000000000e+00,9.964608660902344803e-05,6.666649132967003913e-05
6.668259887695312216e+01,2.242210483052204211e+02,1.893327880859374943e+02,0.000000000000000000e+00,3.593535355714081152e-03,2.399994060397148132e-03,1.805523681640622158e+00,6.146308470860589068e+00,5.153521728515642053e+00,0.000000000000000000e+00,9.963652941138122221e-05,6.666649132967003913e-05
6.848812255859374432e+01,2.303673567760810101e+02,1.944863098144531364e+02,0.000000000000000000e+00,3.693171885125462375e-03,2.466660551726818171e-03,1.799328613281261369e+00,6.135936930481733498e+00,5.141082763671875000e+00,0.000000000000000000e+00,9.962623184377097235e-05,6.666649132967003913e-05
7.028745117187500568e+01,2.365032937065627436e+02,1.996273925781250114e+02,0.000000000000000000e+00,3.792798116969233347e-03,2.533327043056488211e-03,1.793780517578113631e+00,6.126027775287241184e+00,5.129785156249994316e+00,0.000000000000000000e+00,9.961667852832105721e-05,6.666649132966960545e-05
7.208123168945311932e+01,2.426293214818499848e+02,2.047571777343750057e+02,0.000000000000000000e+00,3.892414795497554404e-03,2.599993534386157816e-03,1.788409423828127842e+00,6.114619902249188499e+00,5.117639160156244316e+00,0.000000000000000000e+00,9.960638498917890465e-05,6.666649132967003913e-05
7.386964111328124716e+01,2.487439413840991733e+02,2.098748168945312500e+02,0.000000000000000000e+00,3.992021180486733309e-03,2.666660025715827855e-03,1.782043457031250000e+00,6.097447611928600963e+00,5.102612304687511369e+00,0.000000000000000000e+00,9.959683555314444159e-05,6.666649132967003913e-05
7.565168457031249716e+01,2.548413889960277743e+02,2.149774291992187614e+02,0.000000000000000000e+00,4.091618016039877750e-03,2.733326517045497894e-03,1.774310302734377842e+00,6.078553479493905343e+00,5.084606933593761369e+00,0.000000000000000000e+00,9.958654604051968978e-05,6.666649132967003913e-05
7.742599487304687500e+01,2.609199424755216796e+02,2.200620361328125227e+02,0.000000000000000000e+00,4.191204562080397440e-03,2.799993008375167933e-03,1.764691162109372158e+00,6.055828561833379808e+00,5.063122558593704525e+00,0.000000000000000000e+00,9.957700048201113124e-05,6.666649132967003913e-05
7.919068603515624716e+01,2.669757710373550594e+02,2.251251586914062273e+02,0.000000000000000000e+00,4.290781562562408571e-03,2.866659499704837973e-03,1.752270507812497158e+00,6.023680049914617030e+00,5.036352539062534106e+00,0.000000000000000000e+00,9.956671499307227780e-05,6.666649132966960545e-05
8.094295654296874432e+01,2.729994510872696765e+02,2.301615112304687614e+02,0.000000000000000000e+00,4.390348277555480849e-03,2.933325991034507578e-03,1.735974121093761369e+00,5.980338867177522388e+00,5.000061035156250000e+00,0.000000000000000000e+00,9.955717330953697819e-05,6.666649132967003913e-05
8.267893066406250568e+01,2.789797899544471989e+02,2.351615722656250114e+02,0.000000000000000000e+00,4.489905450865017827e-03,2.999992482364177617e-03,1.719653320312488631e+00,5.933427855705645015e+00,4.960522460937482947e+00,0.000000000000000000e+00,9.954689184211475139e-05,6.666649132967003913e-05
8.439858398437499432e+01,2.849132178101528439e+02,2.401220947265624943e+02,0.000000000000000000e+00,4.589452342707132579e-03,3.066658973693847656e-03,1.702691650390633527e+00,5.886772399614585538e+00,4.918811035156267053e+00,0.000000000000000000e+00,9.953698324480144549e-05,6.666667759418470202e-05
8.610127563476562784e+01,2.907999902097674294e+02,2.450409057617187614e+02,0.000000000000000000e+00,4.688989325951934024e-03,3.133325651288032358e-03,1.685247802734366473e+00,5.833700115049907708e+00,4.871240234374994316e+00,0.000000000000000000e+00,9.952744736913595597e-05,6.666630506515537624e-05
8.778652343749999432e+01,2.966336903248173371e+02,2.499121459960937557e+02,0.000000000000000000e+00,4.788516773321069980e-03,3.199991956353187735e-03,1.669055175781252842e+00,5.780660486226565808e+00,4.823217773437505684e+00,0.000000000000000000e+00,9.951717192973382614e-05,6.666667759418470202e-05
8.945557861328124716e+01,3.024143508110439029e+02,2.547353637695312614e+02,0.000000000000000000e+00,4.888033945250803806e-03,3.266658633947372437e-03,1.647332763671883527e+00,5.705056194220446741e+00,4.754016113281238631e+00,0.000000000000000000e+00,9.950763992344451025e-05,6.666630506515494256e-05
9.110291137695313068e+01,3.081194070052643497e+02,2.594893798828125000e+02,0.000000000000000000e+00,4.987541585174248317e-03,3.333324939012527379e-03,1.628851318359366473e+00,5.630091307251177568e+00,4.689685058593795475e+00,0.000000000000000000e+00,9.949736849937558525e-05,6.666667759418513570e-05
9.273176269531249716e+01,3.137494983125155272e+02,2.641790649414062955e+02,0.000000000000000000e+00,5.087038953673623902e-03,3.399991616606712515e-03,1.616711425781247158e+00,5.569951252816451870e+00,4.641174316406250000e+00,0.000000000000000000e+00,9.948784035969555906e-05,6.666630506515494256e-05
9.434847412109374432e+01,3.193194495653319791e+02,2.688202392578125455e+02,0.000000000000000000e+00,5.186526794033319461e-03,3.466657921671867457e-03,1.607342529296886369e+00,5.514431395890767362e+00,4.599865722656204525e+00,0.000000000000000000e+00,9.947757294902128539e-05,6.666667759418470202e-05
9.595581665039063068e+01,3.248338809612227465e+02,2.734201049804687500e+02,0.000000000000000000e+00,5.286004366982340746e-03,3.533324599266052159e-03,1.599298095703119316e+00,5.460293996902748859e+00,4.558898925781250000e+00,0.000000000000000000e+00,9.946804867407097600e-05,6.666630506515494256e-05
9.755511474609375000e+01,3.302941749581254953e+02,2.779790039062500000e+02,0.000000000000000000e+00,5.385472415656411722e-03,3.599990904331207102e-03,1.589581298828122158e+00,5.405722553897248872e+00,4.516320800781272737e+00,0.000000000000000000e+00,9.945778527396722385e-05,6.666667759418513570e-05
9.914469604492187216e+01,3.356998975120227442e+02,2.824953247070312727e+02,0.000000000000000000e+00,5.484930200930378946e-03,3.666657581925392238e-03,1.582983398437505684e+00,5.341658152067964238e+00,4.472973632812454525e+00,0.000000000000000000e+00,9.944826486120526138e-05,6.666630506515494256e-05
1.007276794433593778e+02,3.410415556640907084e+02,2.869682983398437273e+02,0.000000000000000000e+00,5.584378465791584208e-03,3.733323886990547180e-03,1.576898193359369316e+00,5.254616805197201757e+00,4.420080566406227263e+00,0.000000000000000000e+00,9.943800546951576946e-05,6.666667759418470202e-05
1.023045776367187472e+02,3.462961724692879102e+02,2.913883789062499545e+02,0.000000000000000000e+00,5.683816471261099977e-03,3.799990564584731882e-03,1.568029785156255684e+00,5.185204825906225778e+00,4.370434570312568212e+00,0.000000000000000000e+00,9.942811853571372621e-05,6.666630506515537624e-05
1.038726074218750028e+02,3.514813772951941360e+02,2.957588134765625227e+02,0.000000000000000000e+00,5.783244589796813703e-03,3.866656869649887258e-03,1.550634765624991473e+00,5.108453650100898358e+00,4.304504394531250000e+00,0.000000000000000000e+00,9.941860391166155303e-05,6.666667759418470202e-05
1.054232421874999943e+02,3.565898309452950343e+02,3.000633178710937727e+02,0.000000000000000000e+00,5.882663193708475256e-03,3.933323547244071960e-03,1.525402832031261369e+00,5.066947961570406278e+00,4.233203124999988631e+00,0.000000000000000000e+00,9.940835052835682306e-05,6.666630506515537624e-05
1.069486450195312557e+02,3.616567789068654406e+02,3.042965209960937614e+02,0.000000000000000000e+00,5.982071544236832079e-03,3.999989852309227337e-03,1.492846679687488631e+00,5.033339143019418316e+00,4.152539062500011369e+00,0.000000000000000000e+00,9.939883976092106499e-05,6.666667759418470202e-05
1.084414916992187443e+02,3.666901180498848589e+02,3.084490600585937727e+02,0.000000000000000000e+00,6.081470383997753144e-03,4.066656529903412039e-03,1.485571289062505684e+00,4.978519769132162764e+00,4.114782714843727263e+00,0.000000000000000000e+00,9.938859037987232692e-05,6.666630506515450888e-05
1.099270629882812500e+02,3.716686378190170217e+02,3.125638427734375000e+02,0.000000000000000000e+00,6.180858974377625471e-03,4.133322834968566548e-03,1.482446289062494316e+00,4.914643051421990094e+00,4.076391601562477263e+00,0.000000000000000000e+00,9.937908346629650835e-05,6.666667759418556938e-05
1.114095092773437443e+02,3.765832808704390118e+02,3.166402343749999773e+02,0.000000000000000000e+00,6.280238057843921980e-03,4.199989512562752117e-03,3.727050781250085265e-01,1.194760182024424466e+00,1.004272460937500000e+00,0.000000000000000000e+00,2.484285759913468228e-05,1.666657626628841038e-05
1.117822143554687528e+02,3.777780410524634362e+02,3.176445068359374773e+02,0.000000000000000000e+00,6.305080915443056662e-03,4.216656088829040527e-03,1.387316894531252842e+00,4.579828292520858213e+00,3.797900390625045475e+00,0.000000000000000000e+00,9.315633019412773719e-05,6.249994039535505114e-05
1.131695312500000057e+02,3.823578693449842945e+02,3.214424072265625227e+02,0.000000000000000000e+00,6.398237245637184399e-03,4.279156029224395578e-03,1.245983886718747158e+00,4.119721644084904710e+00,3.408166503906215894e+00,0.000000000000000000e+00,8.383394426230393603e-05,5.624964833259634561e-05
1.144155151367187528e+02,3.864775909890691992e+02,3.248505737304687386e+02,0.000000000000000000e+00,6.482071189899488335e-03,4.335405677556991924e-03,1.465930175781252842e+00,4.915163890341602837e+00,4.032531738281250000e+00,0.000000000000000000e+00,9.934841509654825098e-05,6.666667759418470202e-05
1.158814453125000057e+02,3.913927548794108020e+02,3.288831054687499886e+02,0.000000000000000000e+00,6.581419604996036586e-03,4.402072355151176626e-03,1.461560058593747158e+00,4.928053324281506775e+00,4.026794433593806843e+00,0.000000000000000000e+00,9.933928606627173696e-05,6.666630506515450888e-05
1.173430053710937528e+02,3.963208082036923088e+02,3.329098999023437955e+02,0.000000000000000000e+00,6.680758891062308323e-03,4.468738660216331135e-03,1.460864257812502842e+00,4.945911215580395037e+00,4.033947753906204525e+00,0.000000000000000000e+00,9.932941875294074019e-05,6.666667759418556938e-05
1.188038696289062557e+02,4.012667194192727038e+02,3.369438476562500000e+02,0.000000000000000000e+00,6.780088309815249063e-03,4.535405337810516704e-03,1.457604980468744316e+00,4.965249094377782058e+00,4.032592773437500000e+00,0.000000000000000000e+00,9.931955339942226402e-05,6.666630506515450888e-05
1.202614746093750000e+02,4.062319685136504859e+02,3.409764404296875000e+02,0.000000000000000000e+00,6.879407863214671327e-03,4.602071642875671213e-03,1.455200195312500000e+00,4.977831254890645596e+00,4.030834960937454525e+00,0.000000000000000000e+00,9.930895012856717774e-05,6.666667759418470202e-05
1.217166748046875000e+02,4.112097997685411315e+02,3.450072753906249545e+02,0.000000000000000000e+00,6.978716813343238505e-03,4.668738320469855915e-03,1.451428222656247158e+00,4.979795686497766383e+00,4.020275878906318212e+00,0.000000000000000000e+00,9.929982864361960870e-05,6.666667759418556938e-05
1.231681030273437472e+02,4.161895954550388979e+02,3.490275512695312727e+02,0.000000000000000000e+00,7.078016641986858114e-03,4.735404998064041485e-03,1.449560546875005684e+00,4.989899374018932576e+00,4.017285156249954525e+00,0.000000000000000000e+00,9.928996916646649906e-05,6.666630506515450888e-05
1.246176635742187528e+02,4.211794948290578304e+02,3.530448364257812273e+02,0.000000000000000000e+00,7.177306611153324613e-03,4.802071303129195994e-03,1.438879394531241473e+00,4.992947455870591966e+00,3.986938476562500000e+00,0.000000000000000000e+00,9.927937199124148987e-05,6.666667759418470202e-05
1.260565429687499943e+02,4.261724422849284224e+02,3.570317749023437273e+02,0.000000000000000000e+00,7.276585983144566103e-03,4.868737980723380696e-03,1.423937988281252842e+00,4.992405938519823394e+00,3.962963867187511369e+00,0.000000000000000000e+00,9.927025615854082052e-05,6.666630506515537624e-05
1.274804809570312472e+02,4.311648482234482458e+02,3.609947387695312386e+02,0.000000000000000000e+00,7.375856239303106923e-03,4.935404285788536072e-03,1.514831542968764211e+00,5.364141755739865403e+00,4.214843750000056843e+00,0.000000000000000000e+00,1.066392004018508824e-04,7.162243127822875977e-05
1.289953125000000114e+02,4.365289899791881112e+02,3.652095825195312955e+02,0.000000000000000000e+00,7.482495439704957806e-03,5.007026717066764832e-03,1.404504394531244316e+00,5.000348506786849612e+00,3.928649902343693157e+00,0.000000000000000000e+00,9.936147260400981368e-05,6.674192845821345921e-05
1.303998168945312557e+02,4.415293384859749608e+02,3.691382324218749886e+02,0.000000000000000000e+00,7.581856912308967619e-03,5.073768645524978291e-03,1.239050292968755684e+00,4.490586761978931918e+00,3.501354980468761369e+00,0.000000000000000000e+00,8.941681102958218275e-05,6.006769835948961439e-05
1.316388671875000114e+02,4.460199252479538927e+02,3.726395874023437500e+02,0.000000000000000000e+00,7.671273723338549802e-03,5.133836343884467905e-03,1.370129394531232947e+00,4.987110675543135585e+00,3.899121093750011369e+00,0.000000000000000000e+00,9.923108508006015654e-05,6.666630506515537624e-05
1.330089965820312443e+02,4.510070359234970283e+02,3.765387084960937614e+02,0.000000000000000000e+00,7.770504808418609959e-03,5.200502648949623281e-03,1.362487792968750000e+00,4.990158579508545245e+00,3.898937988281261369e+00,0.000000000000000000e+00,9.922123924903988174e-05,6.666667759418470202e-05
1.343714843749999943e+02,4.559971945030055736e+02,3.804376464843750227e+02,0.000000000000000000e+00,7.869726047667649840e-03,5.267169326543807983e-03,1.358471679687511369e+00,4.992862567194777057e+00,3.898620605468750000e+00,0.000000000000000000e+00,9.921139537121329011e-05,6.666630506515537624e-05
1.357299560546875057e+02,4.609900570702003506e+02,3.843362670898437727e+02,0.000000000000000000e+00,7.968937443038863130e-03,5.333835631608963360e-03,1.333129882812500000e+00,4.971201006246133147e+00,3.811633300781181788e+00,0.000000000000000000e+00,9.920081437591633799e-05,6.666667759418470202e-05
1.370630859375000057e+02,4.659612580764464838e+02,3.881479003906249545e+02,0.000000000000000000e+00,8.068138257414779468e-03,5.400502309203148062e-03,1.315100097656255684e+00,4.934518683349153889e+00,3.702807617187545475e+00,0.000000000000000000e+00,9.919171354789806105e-05,6.666630506515450888e-05
1.383781860351562614e+02,4.708957767597956376e+02,3.918507080078125000e+02,0.000000000000000000e+00,8.167329970962677529e-03,5.467168614268302571e-03,1.325769042968744316e+00,4.977729555593441546e+00,3.722070312500022737e+00,0.000000000000000000e+00,1.007313988261367838e-04,6.770826876163500013e-05
1.397039550781250057e+02,4.758735063153890792e+02,3.955727783203125227e+02,0.000000000000000000e+00,8.268061369788814313e-03,5.534876883029937571e-03,1.494653320312494316e+00,5.641726479441729225e+00,4.179614257812488631e+00,0.000000000000000000e+00,1.150533402968414304e-04,7.734373211860674086e-05
1.411986083984375000e+02,4.815152327948308084e+02,3.997523925781250114e+02,0.000000000000000000e+00,8.383114710085655744e-03,5.612220615148544312e-03,1.069396972656250000e+00,4.020902574318938605e+00,2.996459960937500000e+00,0.000000000000000000e+00,8.109603202965248725e-05,5.452074110507982435e-05
1.422680053710937500e+02,4.855361353691497470e+02,4.027488525390625114e+02,0.000000000000000000e+00,8.464210742115308231e-03,5.666741356253624136e-03,1.340014648437488631e+00,5.120333679725320053e+00,3.760620117187443157e+00,0.000000000000000000e+00,1.048419266389492149e-04,7.049217820167489462e-05
1.436080200195312386e+02,4.906564690488750671e+02,4.065094726562499545e+02,0.000000000000000000e+00,8.569052668754257446e-03,5.737233534455299030e-03,1.489355468750005684e+00,5.761138461598420690e+00,4.257275390625068212e+00,0.000000000000000000e+00,1.181024342176862502e-04,7.941722869873098917e-05
1.450973754882812443e+02,4.964176075104734878e+02,4.107667480468750227e+02,0.000000000000000000e+00,8.687155102971943696e-03,5.816650763154030020e-03,1.263610839843750000e+00,5.144064180660677721e+00,3.424865722656250000e+00,0.000000000000000000e+00,1.143330736784187174e-04,7.689110934734361830e-05
1.463609863281249943e+02,5.015616716911341655e+02,4.141916137695312727e+02,0.000000000000000000e+00,8.801488176650362413e-03,5.893541872501373638e-03,4.820312500000056843e-01,2.508949286243591814e+00,1.314599609374965894e+00,0.000000000000000000e+00,6.547881043855383054e-05,4.403963685035636177e-05
1.468430175781250000e+02,5.040706209773777573e+02,4.155062133789062386e+02,0.000000000000000000e+00,8.866966987088916244e-03,5.937581509351730000e-03,-5.697153930664062216e+01,-1.262377591570760842e+02,-1.372505493164061932e+02,0.000000000000000000e+00,9.375830358523094821e-05,6.306543946266174316e-05
8.987147827148437784e+01,3.778328618203016731e+02,2.782556640625000455e+02,0.000000000000000000e+00,8.960725290674147192e-03,6.000646948814391743e-03,-6.831408691406252842e+00,-1.766303078458832942e+01,-1.388452148437500000e+01,0.000000000000000000e+00,1.030208363216201378e-04,6.930232048034737358e-05
8.304006958007812500e+01,3.601698310357133437e+02,2.643711425781250455e+02,0.000000000000000000e+00,9.063746126995767330e-03,6.069949269294739116e-03,-1.950354003906255684e+00,-3.124010240610289202e+00,-2.678540039062568212e+00,0.000000000000000000e+00,1.273894704794439198e-04,8.570477366447431383e-05
8.108971557617186932e+01,3.570458207951030545e+02,2.616926025390624773e+02,0.000000000000000000e+00,9.191135597475211250e-03,6.155654042959213430e-03,-3.872857666015619316e+00,-8.818163558177730010e+00,-7.079956054687500000e+00,0.000000000000000000e+00,6.634208679360403815e-05,4.463754594326036634e-05
7.721685791015625000e+01,3.482276572369253245e+02,2.546126464843749773e+02,0.000000000000000000e+00,9.257477684268815288e-03,6.200291588902473797e-03,-2.701953125000002842e+00,-4.701344383449225006e+00,-4.032739257812465894e+00,0.000000000000000000e+00,9.952259339252207682e-05,6.696842610836011705e-05
7.451490478515624716e+01,3.435263128534760995e+02,2.505799072265625114e+02,0.000000000000000000e+00,9.357000277661337365e-03,6.267260015010833914e-03,-2.969305419921866473e+00,-5.065607525867108052e+00,-4.328210449218772737e+00,0.000000000000000000e+00,1.008566697973962284e-04,6.787329912185616904e-05
7.154559936523438068e+01,3.384607053276089914e+02,2.462516967773437386e+02,0.000000000000000000e+00,9.457856947458733593e-03,6.335133314132690083e-03,-1.833843994140636369e+00,-2.288003423775194278e+00,-1.970654296875011369e+00,0.000000000000000000e+00,1.123639333408567309e-04,7.562488317489676065e-05
6.971175537109374432e+01,3.361727019038337971e+02,2.442810424804687273e+02,0.000000000000000000e+00,9.570220880799590324e-03,6.410758197307586843e-03,-4.092864990234375000e+00,-1.148800904384250998e+01,-7.279797363281204525e+00,0.000000000000000000e+00,1.103826465449764260e-04,7.430016994476335707e-05
6.561889038085936932e+01,3.246846928599912872e+02,2.370012451171875227e+02,0.000000000000000000e+00,9.680603527344566750e-03,6.485058367252350200e-03,-1.020892333984363631e+00,-1.549017749460688265e+00,-1.018151855468772737e+00,0.000000000000000000e+00,7.358166253967554638e-05,4.953369498252816611e-05
6.459799804687500568e+01,3.231356751105305989e+02,2.359830932617187500e+02,0.000000000000000000e+00,9.754185189884242296e-03,6.534592062234878367e-03,-2.527764892578133527e+00,-5.984341800385664101e+00,-3.629296874999994316e+00,0.000000000000000000e+00,1.103623430657799109e-04,7.429942488670383816e-05
6.207023315429687216e+01,3.171513333101449348e+02,2.323537963867187557e+02,0.000000000000000000e+00,9.864547532950022207e-03,6.608891487121582205e-03,-3.231390380859373579e+00,-9.370264625055597207e+00,-5.454211425781267053e+00,0.000000000000000000e+00,1.103501645630475952e-04,7.430016994476335707e-05
5.883884277343749858e+01,3.077810686850893376e+02,2.268995849609374886e+02,0.000000000000000000e+00,9.974897697513069802e-03,6.683191657066345562e-03,-2.079241943359370737e+00,-5.254579953165546158e+00,-2.857543945312500000e+00,0.000000000000000000e+00,1.103379887478200122e-04,7.430016994476248970e-05
5.675960083007812784e+01,3.025264887319237914e+02,2.240420410156249886e+02,0.000000000000000000e+00,1.008523568626088981e-02,6.757491827011108051e-03,-1.368066406250001421e+00,-3.086769067784757681e+00,-1.659814453124994316e+00,0.000000000000000000e+00,8.274513403804494016e-05,5.572512745857273464e-05
5.539153442382812642e+01,2.994397196641390337e+02,2.223822265624999943e+02,0.000000000000000000e+00,1.016798082029893475e-02,6.813216954469680786e-03,-1.462072753906248579e+00,-3.264851536673972987e+00,-1.801989746093738631e+00,0.000000000000000000e+00,8.273902530696666813e-05,5.572512745857273464e-05
5.392946166992187784e+01,2.961748681274650608e+02,2.205802368164062557e+02,0.000000000000000000e+00,1.025071984560590142e-02,6.868942081928253521e-03,-2.576428222656254263e+00,-5.524097418906649182e+00,-2.841723632812517053e+00,0.000000000000000000e+00,1.654567788689897262e-04,1.114495098590850830e-04
5.135303344726562358e+01,2.906507707085584116e+02,2.177385131835937386e+02,0.000000000000000000e+00,1.041617662447489115e-02,6.980391591787338604e-03,-1.209887695312495737e+00,-2.455441351271474559e+00,-1.220629882812488631e+00,0.000000000000000000e+00,8.271849322544558292e-05,5.572512745857186728e-05
5.014314575195312784e+01,2.881953293572869370e+02,2.165178833007812500e+02,0.000000000000000000e+00,1.049889511770033673e-02,7.036116719245910471e-03,-1.166677856445318184e+00,-2.375119154386595710e+00,-1.139587402343750000e+00,0.000000000000000000e+00,8.271091422659346271e-05,5.572512745857273464e-05
4.897646789550780966e+01,2.858202102029003413e+02,2.153782958984375000e+02,0.000000000000000000e+00,1.058160603192693019e-02,7.091841846704483206e-03,-1.557183837890619316e+00,-4.645616709955675105e+00,-2.072973632812505684e+00,0.000000000000000000e+00,8.270481085174627434e-05,5.572512745857186728e-05
4.741928405761719034e+01,2.811745934929446662e+02,2.133053222656249943e+02,0.000000000000000000e+00,1.066431084277867647e-02,7.147566974163055073e-03,-1.513717651367187500e+00,-4.632791723354102942e+00,-1.989172363281255684e+00,0.000000000000000000e+00,8.269723423792035844e-05,5.572512745857273464e-05
4.590556640625000284e+01,2.765418017695905633e+02,2.113161499023437386e+02,0.000000000000000000e+00,1.074700807701659683e-02,7.203292101621627808e-03,-2.445199584960938921e+00,-9.230253452556496541e+00,-3.506311035156244316e+00,0.000000000000000000e+00,1.653746917771592440e-04,1.114495098590850830e-04
4.346036682128906392e+01,2.673115483170340667e+02,2.078098388671874943e+02,0.000000000000000000e+00,1.091238276879375607e-02,7.314741611480712891e-03,-1.149124145507812500e+00,-5.060206042465608789e+00,-1.764721679687482947e+00,0.000000000000000000e+00,8.267745967896998616e-05,5.572512745857273464e-05
4.231124267578125142e+01,2.622513422745684579e+02,2.060451171875000114e+02,0.000000000000000000e+00,1.099506022847272606e-02,7.370466738939285625e-03,-1.130624389648438921e+00,-4.785451871917757671e+00,-1.593701171875011369e+00,0.000000000000000000e+00,8.266988783171662358e-05,5.572512745857186728e-05
4.118061828613281250e+01,2.574658904026507003e+02,2.044514160156250000e+02,0.000000000000000000e+00,1.107773011630444268e-02,7.426191866397857493e-03,-8.960601806640653422e-01,-3.558163648052214967e+00,-9.920410156249772626e-01,0.000000000000000000e+00,8.266379087540527693e-05,5.572512745857273464e-05
4.028455810546874716e+01,2.539077267545984853e+02,2.034593750000000227e+02,0.000000000000000000e+00,1.116039390717984796e-02,7.481916993856430227e-03,-9.235412597656207367e-01,-4.936611302899848397e+00,-1.318743896484392053e+00,0.000000000000000000e+00,8.265622140969479392e-05,5.572438240051234837e-05
3.936101684570312642e+01,2.489711154516986369e+02,2.021406311035156307e+02,0.000000000000000000e+00,1.124305012858954275e-02,7.537641376256942576e-03,-1.537744140625001421e+00,-7.089881005540490833e+00,-1.512713623046892053e+00,0.000000000000000000e+00,1.652926860961443506e-04,1.114502549171446019e-04
3.782327270507812500e+01,2.418812344461581461e+02,2.006279174804687386e+02,0.000000000000000000e+00,1.140834281468568710e-02,7.649091631174087177e-03,-6.738647460937485789e-01,-2.793305791836701246e+00,-4.812927246093750000e-01,0.000000000000000000e+00,8.263646682271814925e-05,5.572512745857273464e-05
3.714940795898437642e+01,2.390879286543214448e+02,2.001466247558593636e+02,0.000000000000000000e+00,1.149097928150840525e-02,7.704816758632659912e-03,-1.265829467773436079e+00,-6.280152977167148265e+00,-1.946319580078125000e+00,0.000000000000000000e+00,8.262890211661183537e-05,5.572512745857273464e-05
3.588357849121094034e+01,2.328077756771542965e+02,1.982003051757812386e+02,0.000000000000000000e+00,1.157360818362501709e-02,7.760541886091232647e-03,-9.903045654296889211e-01,-3.524318906836157339e+00,-9.437072753906079470e-01,0.000000000000000000e+00,8.262281156911320534e-05,5.572512745857273464e-05
3.489327392578125142e+01,2.292834567703181392e+02,1.972565979003906307e+02,0.000000000000000000e+00,1.165623099519413029e-02,7.816267013549805381e-03,-1.014764404296876421e+00,-3.427503262797387151e+00,-9.299743652343579470e-01,0.000000000000000000e+00,8.261524924085307531e-05,5.572438240051234837e-05
3.387850952148437500e+01,2.258559535075207521e+02,1.963266235351562727e+02,0.000000000000000000e+00,1.173884624443498337e-02,7.871991395950317730e-03,-8.752410888671846578e-01,-6.284859104699279442e+00,-1.312322998046909106e+00,0.000000000000000000e+00,9.882829513373561636e-05,6.666705012321402779e-05
3.300326843261719034e+01,2.195710944028214726e+02,1.950143005371093636e+02,0.000000000000000000e+00,1.183767453956871898e-02,7.938658446073531758e-03,-6.257232666015681843e-01,-4.640406724012137829e+00,-7.065124511718750000e-01,0.000000000000000000e+00,9.881852906697304040e-05,6.666630506515537624e-05
3.237754516601562216e+01,2.149306876788093348e+02,1.943077880859374886e+02,0.000000000000000000e+00,1.193649306863569202e-02,8.005324751138687134e-03,-5.767761230468728684e-01,-4.158105963306212516e+00,-5.436523437500113687e-01,0.000000000000000000e+00,9.880802878517273846e-05,6.666630506515537624e-05
3.180076904296874929e+01,2.107725817155031223e+02,1.937641357421874773e+02,0.000000000000000000e+00,1.203530109742086476e-02,8.071991056203842510e-03,-5.938873291015625000e-01,-4.523818332975821477e+00,-5.265991210937386313e-01,0.000000000000000000e+00,9.879900279543933628e-05,6.666630506515537624e-05
3.120688171386718679e+01,2.062487633825273008e+02,1.932375366210937386e+02,0.000000000000000000e+00,1.213410010021630410e-02,8.138657361268997886e-03,-6.385101318359360789e-01,-4.719083889019032085e+00,-5.683227539062158939e-01,0.000000000000000000e+00,9.878924251656429067e-05,6.666705012321402779e-05
3.056837158203125071e+01,2.015296794935082687e+02,1.926692138671875227e+02,0.000000000000000000e+00,1.223288934273286839e-02,8.205324411392211914e-03,-1.060382080078124289e+00,-8.938333443649781884e+00,-1.919677734375028422e+00,0.000000000000000000e+00,9.877948416635827511e-05,6.666630506515537624e-05
2.950798950195312642e+01,1.925913460498584868e+02,1.907495361328124943e+02,0.000000000000000000e+00,1.233166882689922667e-02,8.271990716457367290e-03,-9.995666503906264211e-01,-7.621098993271459676e+00,-1.475524902343721578e+00,0.000000000000000000e+00,9.876899188943251418e-05,6.666630506515537624e-05
2.850842285156250000e+01,1.849702470565870271e+02,1.892740112304687727e+02,0.000000000000000000e+00,1.243043781878865918e-02,8.338657021522522667e-03,-8.051177978515617895e-01,-6.298343663090435030e+00,-9.172424316406591061e-01,0.000000000000000000e+00,9.875997332058419897e-05,6.666630506515364152e-05
2.770330505371093821e+01,1.786719033934965921e+02,1.883567687988281136e+02,0.000000000000000000e+00,1.252919779210924338e-02,8.405323326587676308e-03,-3.453460693359389211e-01,-3.390132551469321243e+00,5.908203125000000000e-02,0.000000000000000000e+00,9.875022075118977671e-05,6.666705012321576251e-05
2.735795898437499929e+01,1.752817708420272709e+02,1.884158508300781136e+02,0.000000000000000000e+00,1.262794801286043316e-02,8.471990376710892071e-03,-2.739746093749992895e-01,-2.893253726495771616e+00,2.142272949218977374e-01,0.000000000000000000e+00,9.874047010818148840e-05,6.666630506515537624e-05
2.708398437500000000e+01,1.723885171155314993e+02,1.886300781250000114e+02,0.000000000000000000e+00,1.272668848296861464e-02,8.538656681776047447e-03,-4.705078124999992895e-01,-3.769835647013877633e+00,-8.289184570313068434e-02,0.000000000000000000e+00,9.873072139032941508e-05,6.666630506515364152e-05
2.661347656250000071e+01,1.686186814685176216e+02,1.885471862792968807e+02,0.000000000000000000e+00,1.282541920435894406e-02,8.605322986841201088e-03,-1.160682678222656250e+00,-6.443455714425880387e+00,-1.131695556640607947e+00,0.000000000000000000e+00,9.871950361558558262e-05,6.666705012321576251e-05
2.545279388427734446e+01,1.621752257540917412e+02,1.874154907226562727e+02,0.000000000000000000e+00,1.292413870797452964e-02,8.671990036964416851e-03,-9.525070190429687500e-01,-4.851831255721890557e+00,-6.756103515625113687e-01,0.000000000000000000e+00,9.871122987344972677e-05,6.666630506515537624e-05
2.450028686523437571e+01,1.573233944983698507e+02,1.867398803710937614e+02,0.000000000000000000e+00,1.302284993784797937e-02,8.738656342029572227e-03,-5.284408569335958816e-01,-2.519668036669685307e+00,1.202087402343750000e-01,0.000000000000000000e+00,9.870148692849543826e-05,6.666630506515364152e-05
2.397184600830077983e+01,1.548037264617001654e+02,1.868600891113281364e+02,0.000000000000000000e+00,1.312155142477647481e-02,8.805322647094725869e-03,-9.905746459960909078e-01,-4.702887372059194604e+00,-7.329101562500000000e-01,0.000000000000000000e+00,9.869174590641793809e-05,6.666630506515537624e-05
2.298127136230468892e+01,1.501008390896409708e+02,1.861271789550781364e+02,0.000000000000000000e+00,1.322024317068289274e-02,8.871988952159881245e-03,-8.540405273437521316e-01,-5.062494786659982537e+00,-6.186523437500000000e-01,0.000000000000000000e+00,9.868200680664997171e-05,6.666705012321576251e-05
2.212723083496093679e+01,1.450383443029809882e+02,1.855085266113281364e+02,0.000000000000000000e+00,1.331892517748954272e-02,8.938656002283097007e-03,-8.216079711914048289e-01,-4.334332727909185223e+00,-4.632568359375000000e-01,0.000000000000000000e+00,9.867226962927827527e-05,6.666630506515364152e-05
2.130562286376953196e+01,1.407040115750718030e+02,1.850452697753906364e+02,0.000000000000000000e+00,1.341759744711882099e-02,9.005322307348250649e-03,-6.450012207031257105e-01,-3.561683723080903974e+00,-1.694091796875056843e-01,0.000000000000000000e+00,9.866253437285782413e-05,6.666630506515537624e-05
2.066062164306640625e+01,1.371423278519908990e+02,1.848758605957031307e+02,0.000000000000000000e+00,1.351625998149167882e-02,9.071988612413406025e-03,-4.385223388671875000e-01,-2.615985393128795522e+00,1.543090820312329470e-01,0.000000000000000000e+00,9.865280103769566433e-05,6.666630506515537624e-05
2.022209930419921875e+01,1.345263424588621035e+02,1.850301696777343636e+02,0.000000000000000000e+00,1.361491278252937448e-02,9.138654917478561401e-03,-4.341537475585930395e-01,-2.486610227456537814e+00,1.768554687500056843e-01,0.000000000000000000e+00,9.864159980162504060e-05,6.666705012321402779e-05
1.978794555664062571e+01,1.320397322314055657e+02,1.852070251464843693e+02,0.000000000000000000e+00,1.371355438233099952e-02,9.205321967601775429e-03,-3.725433349609375000e-01,-1.609587591952788443e+00,3.868164062500056843e-01,0.000000000000000000e+00,9.863334027208729704e-05,6.666630506515537624e-05
1.941540222167968821e+01,1.304301446394527773e+02,1.855938415527343750e+02,0.000000000000000000e+00,1.381218772260308682e-02,9.271988272666930805e-03,-4.758697509765639211e-01,-1.255982721669170132e+00,3.481384277343977374e-01,0.000000000000000000e+00,9.862361269551145337e-05,6.666630506515537624e-05
1.893953247070312429e+01,1.291741619177836071e+02,1.859419799804687727e+02,0.000000000000000000e+00,1.391081133529859827e-02,9.338654577732086182e-03,-5.855255126953125000e-01,-1.207941538403659365e+00,2.691406249999772626e-01,0.000000000000000000e+00,9.861388703791967858e-05,6.666630506515537624e-05
1.835400695800781179e+01,1.279662203793799478e+02,1.862111206054687500e+02,0.000000000000000000e+00,1.400942522233651795e-02,9.405320882797241558e-03,-6.753280639648444605e-01,-1.382325955043810950e+00,1.687622070312500000e-01,0.000000000000000000e+00,9.860416329809072733e-05,6.666705012321402779e-05
1.767867889404296733e+01,1.265838944243361368e+02,1.863798828125000000e+02,0.000000000000000000e+00,1.410802938563460868e-02,9.471987932920455586e-03,-7.458694458007784078e-01,-2.187274665913903959e+00,3.182983398437500000e-02,0.000000000000000000e+00,9.859444147545734505e-05,6.666630506515537624e-05
1.693280944824218892e+01,1.243966197584222328e+02,1.864117126464843750e+02,0.000000000000000000e+00,1.420662382711006602e-02,9.538654237985610962e-03,-7.769958496093778422e-01,-1.273973455541536737e+00,1.389160156250000000e-01,0.000000000000000000e+00,9.858472157010626791e-05,6.666630506515537624e-05
1.615581359863281108e+01,1.231226463028806961e+02,1.865506286621093750e+02,0.000000000000000000e+00,1.430520854868017229e-02,9.605320543050766338e-03,-8.198791503906228684e-01,-9.524751197161549499e-01,1.482055664062613687e-01,0.000000000000000000e+00,9.857353477403692221e-05,6.666630506515537624e-05
1.533593444824218821e+01,1.221701711831645412e+02,1.866988342285156364e+02,0.000000000000000000e+00,1.440378208345420921e-02,9.671986848115921714e-03,-8.252960205078139211e-01,-8.541272441701579510e-01,1.529235839843750000e-01,0.000000000000000000e+00,9.856528765200649189e-05,6.666705012321402779e-05
1.451063842773437429e+01,1.213160439389943832e+02,1.868517578125000114e+02,0.000000000000000000e+00,1.450234737110621570e-02,9.738653898239135742e-03,-8.148498535156250000e-01,-8.850166839900026616e-01,1.583068847656363687e-01,0.000000000000000000e+00,9.855557349332938477e-05,6.666630506515537624e-05
1.369578857421874929e+01,1.204310272550043805e+02,1.870100646972656477e+02,0.000000000000000000e+00,1.460090294459954509e-02,9.805320203304291118e-03,-8.062255859374989342e-01,-1.069263697590869810e+00,1.493896484374772626e-01,0.000000000000000000e+00,9.854586124966903393e-05,6.666630506515537624e-05
1.288956298828125036e+01,1.193617635574135107e+02,1.871594543457031250e+02,0.000000000000000000e+00,1.469944880584921412e-02,9.871986508369446495e-03,-7.983764648437503553e-01,-1.205941757222603883e+00,1.551330566406363687e-01,0.000000000000000000e+00,9.853615091958388417e-05,6.666630506515364152e-05
1.209118652343750000e+01,1.181558218001909069e+02,1.873145874023437614e+02,0.000000000000000000e+00,1.479798495676879801e-02,9.938652813434600136e-03,-7.890640258789058947e-01,-1.049172668393012486e+00,2.108581542968579470e-01,0.000000000000000000e+00,9.852644250338792042e-05,6.666705012321576251e-05
1.130212249755859411e+01,1.171066491317978944e+02,1.875254455566406193e+02,0.000000000000000000e+00,1.489651139927218593e-02,1.000531986355781590e-02,-7.842483520507812500e-01,-1.002802214248177393e+00,2.315429687500056843e-01,0.000000000000000000e+00,9.851673599985642793e-05,6.666630506515537624e-05
1.051787414550781286e+01,1.161038469175497170e+02,1.877569885253906250e+02,0.000000000000000000e+00,1.499502813527204235e-02,1.007198616862297127e-02,-7.773727416992191053e-01,-9.989126491567077437e-01,2.373046875000000000e-01,0.000000000000000000e+00,9.850556361462418919e-05,6.666630506515364152e-05
9.740501403808593750e+00,1.151049342683930092e+02,1.879942932128906250e+02,0.000000000000000000e+00,1.509353369888666654e-02,1.013865247368812492e-02,-7.766921997070319605e-01,-9.688828080777227569e-01,2.421142578124886313e-01,0.000000000000000000e+00,9.849732887352510846e-05,6.666705012321576251e-05
8.963809204101561789e+00,1.141360514603152865e+02,1.882364074707031136e+02,0.000000000000000000e+00,1.519203102776019165e-02,1.020531952381134068e-02,-7.904403686523426842e-01,-8.175579818498164286e-01,2.523132324218977374e-01,0.000000000000000000e+00,9.848762810544045565e-05,6.666630506515537624e-05
8.173368835449219105e+00,1.133184934784654700e+02,1.884887207031250114e+02,0.000000000000000000e+00,1.529051865586563211e-02,1.027198582887649606e-02,-7.901977539062503553e-01,-8.149816360900103973e-01,2.490661621093863687e-01,0.000000000000000000e+00,9.847792924775992940e-05,6.666630506515364152e-05
7.383171081542968750e+00,1.125035118423754597e+02,1.887377868652343977e+02,0.000000000000000000e+00,1.538899658511339204e-02,1.033865213394164970e-02,-7.908660888671876776e-01,-7.068764604707666876e-01,2.875305175780908939e-01,0.000000000000000000e+00,9.846823229991974458e-05,6.666630506515537624e-05
6.592304992675781072e+00,1.117966353819046930e+02,1.890253173828124886e+02,0.000000000000000000e+00,1.548746481741331178e-02,1.040531843900680507e-02,-7.756313323974604046e-01,-7.215740121777827198e-01,2.958862304687386313e-01,0.000000000000000000e+00,9.845853726201357625e-05,6.666705012321576251e-05
5.816673660278320668e+00,1.110750613697269102e+02,1.893212036132812273e+02,0.000000000000000000e+00,1.558592335467532536e-02,1.047198548913002084e-02,-7.628444671630862928e-01,-7.129886628075894350e-01,2.846923828125227374e-01,0.000000000000000000e+00,9.844884413259813449e-05,6.666630506515364152e-05
5.053829193115234375e+00,1.103620727069193208e+02,1.896058959960937500e+02,0.000000000000000000e+00,1.568437219880792349e-02,1.053865179419517448e-02,-7.551200866699216974e-01,-8.039825392935426862e-01,2.774291992187443157e-01,0.000000000000000000e+00,9.843915291198393480e-05,6.666630506515537624e-05
4.298709106445312678e+00,1.095580901676257781e+02,1.898833251953124943e+02,0.000000000000000000e+00,1.578281135171990743e-02,1.060531809926032985e-02,-7.505203247070313388e-01,-8.166819850667650371e-01,2.826293945312556843e-01,0.000000000000000000e+00,9.842799696067883186e-05,6.666630506515537624e-05
3.548188781738281339e+00,1.087414081825590131e+02,1.901659545898437500e+02,0.000000000000000000e+00,1.588123934868058626e-02,1.067198440432548523e-02,-7.330223083496094638e-01,-8.680098174816919254e-01,2.637451171875113687e-01,0.000000000000000000e+00,9.841977633751400334e-05,6.666705012321402779e-05
2.815166473388671875e+00,1.078733983650773212e+02,1.904296997070312614e+02,0.000000000000000000e+00,1.597965912501810026e-02,1.073865145444869926e-02,-7.274173736572264737e-01,-9.322539951655528512e-01,2.683715820312500000e-01,0.000000000000000000e+00,9.841009083815660530e-05,6.666630506515537624e-05
2.087749099731445401e+00,1.069411443699117683e+02,1.906980712890625114e+02,0.000000000000000000e+00,1.607806921585625687e-02,1.080531775951385463e-02,-7.071080207824707031e-01,-1.084240647115450429e+00,2.525512695312386313e-01,0.000000000000000000e+00,9.840040724535398242e-05,6.666630506515537624e-05
1.380641078948974698e+00,1.058569037227963179e+02,1.909506225585937500e+02,0.000000000000000000e+00,1.617646962310161085e-02,1.087198406457901001e-02,-6.927905559539795366e-01,-1.152435817555272024e+00,2.515075683593863687e-01,0.000000000000000000e+00,9.839072555788141994e-05,6.666630506515537624e-05
6.878505229949951616e-01,1.047044679052410459e+02,1.912021301269531364e+02,0.000000000000000000e+00,1.627486034865949227e-02,1.093865036964416539e-02,-6.819259427487850411e-01,-1.388458012869733693e+00,2.408203124999772626e-01,0.000000000000000000e+00,9.838104577517686744e-05,6.666705012321402779e-05
5.924580246210097920e-03,1.033160098923713122e+02,1.914429504394531136e+02,0.000000000000000000e+00,1.637324139443466914e-02,1.100531741976737941e-02,-6.373287893831730555e-01,-1.586631758031813888e+00,2.298583984375000000e-01,0.000000000000000000e+00,9.837136789734440834e-05,6.666630506515537624e-05
-6.314042091369629350e-01,1.017293781343394983e+02,1.916728088378906136e+02,0.000000000000000000e+00,1.647161276233201355e-02,1.107198372483253479e-02,-6.342739105224608487e-01,-1.849097110229052987e+00,2.073303222656477374e-01,0.000000000000000000e+00,9.836022629464494238e-05,6.666630506515537624e-05
-1.265678119659423784e+00,9.988028102411044529e+01,1.918801391601562614e+02,0.000000000000000000e+00,1.656997298862665849e-02,1.113865002989769017e-02,-6.202849388122559926e-01,-1.247923667028857153e+00,2.780456542968750000e-01,0.000000000000000000e+00,9.835201799640244658e-05,6.666630506515537624e-05
-1.885963058471679776e+00,9.863235735708158813e+01,1.921581848144531364e+02,0.000000000000000000e+00,1.666832500662306094e-02,1.120531633496284554e-02,-6.337081909179684835e-01,-9.636242569452662110e-01,3.033203124999772626e-01,0.000000000000000000e+00,9.834234582800985280e-05,6.666705012321402779e-05
-2.519671249389648260e+00,9.766873310013632192e+01,1.924615051269531136e+02,0.000000000000000000e+00,1.676666735245107079e-02,1.127198338508605957e-02,-6.183673858642579901e-01,-1.010426483893752447e+00,3.027709960937841061e-01,0.000000000000000000e+00,9.833267556223768135e-05,6.666630506515537624e-05
-3.138038635253906250e+00,9.665830661624256948e+01,1.927642761230468977e+02,0.000000000000000000e+00,1.686500002801330847e-02,1.133864969015121495e-02,-6.034839630126951349e-01,-1.008702619033343240e+00,3.040893554687045253e-01,0.000000000000000000e+00,9.832300719763917285e-05,6.666630506515537624e-05
-3.741522598266601385e+00,9.564960399720922624e+01,1.930683654785156023e+02,0.000000000000000000e+00,1.696332303521094764e-02,1.140531599521637032e-02,-6.127445220947267401e-01,-5.613784927858631590e-01,3.306396484375113687e-01,0.000000000000000000e+00,9.831334073454392475e-05,6.666705012321402779e-05
-4.354267120361328125e+00,9.508822550442336308e+01,1.933990051269531136e+02,0.000000000000000000e+00,1.706163637594549157e-02,1.147198304533958435e-02,-6.120544433593746447e-01,-5.829868142838563472e-01,3.319580078124886313e-01,0.000000000000000000e+00,9.830367617172722228e-05,6.666630506515537624e-05
-4.966321563720702770e+00,9.450523869013950673e+01,1.937309631347656023e+02,0.000000000000000000e+00,1.715994005211721879e-02,1.153864935040473973e-02,-6.076248168945319605e-01,-6.191759325905223932e-01,3.459716796875227374e-01,0.000000000000000000e+00,9.829254888872249185e-05,6.666630506515537624e-05
-5.573946380615234730e+00,9.388606275754898434e+01,1.940769348144531250e+02,0.000000000000000000e+00,1.725823260100594128e-02,1.160531565546989510e-02,-6.026847839355466974e-01,-6.216282279225140428e-01,3.480529785156250000e-01,0.000000000000000000e+00,9.828435288906228751e-05,6.666630506515364152e-05
-6.176631164550781428e+00,9.326443452962647029e+01,1.944249877929687500e+02,0.000000000000000000e+00,1.735651695389500357e-02,1.167198196053504874e-02,-5.954368591308591974e-01,-6.171995753645944660e-01,3.488159179687500000e-01,0.000000000000000000e+00,9.827469402456587289e-05,6.666705012321576251e-05
-6.772068023681640625e+00,9.264723495426187583e+01,1.947738037109375000e+02,0.000000000000000000e+00,1.745479164791956944e-02,1.173864901065826451e-02,-5.776374816894529474e-01,-6.149622743052702845e-01,3.559082031250113687e-01,0.000000000000000000e+00,9.826503705811021061e-05,6.666630506515537624e-05
-7.349705505371093572e+00,9.203227267995660554e+01,1.951297119140625114e+02,0.000000000000000000e+00,1.755305668497767965e-02,1.180531531572341988e-02,-5.843986511230472303e-01,-6.097983278827854292e-01,3.556640624999829470e-01,0.000000000000000000e+00,9.825538198912978083e-05,6.666630506515364152e-05
-7.934104156494140803e+00,9.142247435207382011e+01,1.954853759765624943e+02,0.000000000000000000e+00,1.765131206696680943e-02,1.187198162078857352e-02,-5.935379028320317829e-01,-6.731229232242554872e-01,3.724609374999943157e-01,0.000000000000000000e+00,9.824572881772519750e-05,6.666630506515537624e-05
-8.527642059326172586e+00,9.074935142884956463e+01,1.958578369140624886e+02,0.000000000000000000e+00,1.774955779578453463e-02,1.193864792585372890e-02,-5.628005981445305395e-01,-6.761896824331188327e-01,3.950378417968636313e-01,0.000000000000000000e+00,9.823607754246704848e-05,6.666705012321576251e-05
-9.090442657470703125e+00,9.007316174641644579e+01,1.962528747558593523e+02,0.000000000000000000e+00,1.784779387332700168e-02,1.200531497597694466e-02,-5.788070678710930395e-01,-6.631070206347260410e-01,3.841918945312841061e-01,0.000000000000000000e+00,9.822642816366411456e-05,6.666630506515364152e-05
-9.669249725341796164e+00,8.941005472578171975e+01,1.966370666503906364e+02,0.000000000000000000e+00,1.794602030149066579e-02,1.207198128104209831e-02,-5.856994628906253553e-01,-6.751464181115807150e-01,3.732971191406022626e-01,0.000000000000000000e+00,9.821531721072515597e-05,6.666630506515537624e-05
-1.025494918823242152e+01,8.873490830767013904e+01,1.970103637695312386e+02,0.000000000000000000e+00,1.804423561870139095e-02,1.213864758610725368e-02,-5.795196533203128553e-01,-6.955610168821522166e-01,3.657043457031363687e-01,0.000000000000000000e+00,9.820713523516280685e-05,6.666630506515537624e-05
-1.083446884155273438e+01,8.803934729078798682e+01,1.973760681152343750e+02,0.000000000000000000e+00,1.814244275393655376e-02,1.220531389117240906e-02,-5.774932861328121447e-01,-6.983908112988643779e-01,3.625610351562613687e-01,0.000000000000000000e+00,9.819749154060461449e-05,6.666705012321402779e-05
-1.141196212768554652e+01,8.734095647948912244e+01,1.977386291503906364e+02,0.000000000000000000e+00,1.824064024547715837e-02,1.227198094129562309e-02,-6.077766418457031250e-01,-7.840497727053445942e-01,2.712585449218636313e-01,0.000000000000000000e+00,9.818784974027425227e-05,6.666630506515537624e-05
-1.201973876953124964e+01,8.655690670678377785e+01,1.980098876953125000e+02,0.000000000000000000e+00,1.833882809521743262e-02,1.233864724636077846e-02,-6.479354858398433947e-01,-7.471266930953959218e-01,2.565429687500113687e-01,0.000000000000000000e+00,9.817820983294700543e-05,6.666630506515537624e-05
-1.266767425537109304e+01,8.580978001368838193e+01,1.982664306640625114e+02,0.000000000000000000e+00,1.843700630505037963e-02,1.240531355142593384e-02,-6.623703002929701711e-01,-6.857820016677891317e-01,2.709655761718750000e-01,0.000000000000000000e+00,9.816857181808164023e-05,6.666630506515537624e-05
-1.333004455566406321e+01,8.512399801202059280e+01,1.985373962402343864e+02,0.000000000000000000e+00,1.853517487686846127e-02,1.247197985649108921e-02,-6.527999877929673289e-01,-6.868137301821519713e-01,2.825073242187272626e-01,0.000000000000000000e+00,9.815893569576142341e-05,6.666630506515537624e-05
-1.398284454345703054e+01,8.443718428183844082e+01,1.988199035644531136e+02,0.000000000000000000e+00,1.863333381256422269e-02,1.253864616155624459e-02,-6.376464843750007105e-01,-7.053085750129639564e-01,2.829406738281363687e-01,0.000000000000000000e+00,9.814783900082696411e-05,6.666630506515364152e-05
-1.462049102783203125e+01,8.373187570682547687e+01,1.991028442382812500e+02,0.000000000000000000e+00,1.873148165156504966e-02,1.260531246662139823e-02,-6.043533325195316053e-01,-9.627132174116042052e-01,2.443603515624772626e-01,0.000000000000000000e+00,9.813966926832187743e-05,6.666779518127441406e-05
-1.522484436035156286e+01,8.276916248941387266e+01,1.993472045898437273e+02,0.000000000000000000e+00,1.882962132083337153e-02,1.267198026180267265e-02,-1.045913696289060724e+00,-4.809713097772373658e+00,-8.483337402343522626e-01,0.000000000000000000e+00,9.813003881854395760e-05,6.666630506515537624e-05
-1.627075805664062358e+01,7.795944939164149901e+01,1.984988708496093750e+02,0.000000000000000000e+00,1.892775135965191549e-02,1.273864656686782802e-02,-7.543258666992187500e-01,-2.163479769911788253e+00,-2.326782226562613687e-01,0.000000000000000000e+00,9.812041025908727065e-05,6.666630506515537624e-05
-1.702508392333984233e+01,7.579596962172971075e+01,1.982661926269531136e+02,0.000000000000000000e+00,1.902587176991100276e-02,1.280531287193298340e-02,-7.110336303710944605e-01,-1.390391382141174859e+00,-9.939575195312500000e-02,0.000000000000000000e+00,9.811078358852240444e-05,6.666630506515537624e-05
-1.773611755371093679e+01,7.440557823958853589e+01,1.981667968749999886e+02,0.000000000000000000e+00,1.912398255349952517e-02,1.287197917699813877e-02,-6.435287475585944605e-01,-1.073313931968655766e+00,3.018798828128410605e-02,0.000000000000000000e+00,9.810115880717201753e-05,6.666630506515537624e-05
-1.837964630126953125e+01,7.333226430761988013e+01,1.981969848632812727e+02,0.000000000000000000e+00,1.922208371230669718e-02,1.293864548206329415e-02,-6.224304199218764211e-01,-1.053868800393928495e+00,2.515869140620452526e-02,0.000000000000000000e+00,9.809153591382180348e-05,6.666630506515364152e-05
-1.900207672119140767e+01,7.227839550722595163e+01,1.982221435546874773e+02,0.000000000000000000e+00,1.932017524822051899e-02,1.300531178712844779e-02,-6.040481567382798289e-01,-1.021828468258490830e+00,3.835449218752273737e-02,0.000000000000000000e+00,9.808045344821339495e-05,6.666630506515537624e-05
-1.960612487792968750e+01,7.125656703896746080e+01,1.982604980468750000e+02,0.000000000000000000e+00,1.941825570166873238e-02,1.307197809219360317e-02,-5.677780151367173289e-01,-9.605452313409443832e-01,8.143920898436363132e-02,0.000000000000000000e+00,9.807229593266145184e-05,6.666779518127441406e-05
-2.017390289306640483e+01,7.029602180762651642e+01,1.983419372558593636e+02,0.000000000000000000e+00,1.951632799760139383e-02,1.313864588737487758e-02,-5.220397949218771316e-01,-7.813909532484331066e-01,1.893249511718977374e-01,0.000000000000000000e+00,9.806267870082763238e-05,6.666630506515537624e-05
-2.069594268798828196e+01,6.951463085437808331e+01,1.985312622070312614e+02,0.000000000000000000e+00,1.961439067630222147e-02,1.320531219244003296e-02,-5.251876831054680395e-01,-7.689398736406900525e-01,1.978698730468408939e-01,0.000000000000000000e+00,9.805306335477007029e-05,6.666630506515537624e-05
-2.122113037109375000e+01,6.874569098073739326e+01,1.987291320800781023e+02,0.000000000000000000e+00,1.971244373965699154e-02,1.327197849750518834e-02,-4.938568115234360789e-01,-7.167710389857404607e-01,1.737792968750113687e-01,0.000000000000000000e+00,9.018384870231044292e-05,6.132125854492118111e-05
