Sigma_1,Sigma_2,Sigma_12,Epsilon_1,Epsilon_2,Epsilon_12,dSigma_1,dSigma_2,dSigma_12,dEpsilon_1,dEpsilon_2,dEpsilon_12
-0.000000000000000000e+00,-0.000000000000000000e+00,-0.000000000000000000e+00,0.000000000000000000e+00,0.000000000000000000e+00,0.000000000000000000e+00,1.516243133544921839e+01,5.439603154574598420e+01,2.909494781494140980e+00,0.000000000000000000e+00,8.995952041278224964e-04,-1.061434305861655556e-36
1.516243133544921839e+01,5.439603154574598420e+01,2.909494781494140980e+00,0.000000000000000000e+00,8.995952041278224964e-04,-1.061434305861655556e-36,1.345670928955078161e+01,4.830657469297437956e+01,2.577974128723144354e+00,0.000000000000000000e+00,7.989615236841068717e-04,-9.413246693380973733e-37
2.861914062500000000e+01,1.027026062387203638e+02,5.487468910217285334e+00,0.000000000000000000e+00,1.698556727811929368e-03,-2.002758975199752929e-36,1.343742065429687216e+01,4.826551104594233266e+01,2.570727729797362748e+00,0.000000000000000000e+00,7.983235079351838018e-04,-9.396066998416105768e-37
4.205656127929687216e+01,1.509681172846626964e+02,8.058196640014648082e+00,0.000000000000000000e+00,2.496880235747113170e-03,-2.942365675041363506e-36,1.341816406250000426e+01,4.822448297790046468e+01,2.563502883911132457e+00,0.000000000000000000e+00,7.976866958603391101e-04,-9.378918154438223701e-37
5.547472534179687642e+01,1.991926002625631611e+02,1.062169952392578054e+01,0.000000000000000000e+00,3.294566931607452280e-03,-3.880257490485185876e-36,1.172500610351561789e+01,4.214184073157082366e+01,2.239216613769531961e+00,0.000000000000000000e+00,6.974542488792810288e-04,-8.200444889709316698e-37
6.719973144531249432e+01,2.413344409941339848e+02,1.286091613769531250e+01,0.000000000000000000e+00,3.992021180486733309e-03,-4.700301979456117546e-36,1.501869506835937784e+01,5.392605713959957825e+01,2.879330062866209516e+00,0.000000000000000000e+00,8.960127647640704976e-04,-1.056094430492475101e-36
8.221842651367187216e+01,2.952604981337335630e+02,1.574024620056152202e+01,0.000000000000000000e+00,4.888033945250803806e-03,-5.756396409948592647e-36,1.147151489257812784e+01,4.115996217800034174e+01,2.217109298706056109e+00,0.000000000000000000e+00,6.963445205407804012e-04,-8.145343592014528653e-37
9.368994140625000000e+01,3.364204603117339047e+02,1.795735549926757812e+01,0.000000000000000000e+00,5.584378465791584208e-03,-6.570930769150045512e-36,1.423078613281249716e+01,5.074920164489361696e+01,2.744455718994139204e+00,0.000000000000000000e+00,8.945873950385839490e-04,-1.004084545187098619e-36
1.079207275390624972e+02,3.871696619566275217e+02,2.070181121826171733e+01,0.000000000000000000e+00,6.478965860830168157e-03,-7.575015314337144131e-36,1.084353027343750853e+01,3.825076572495851224e+01,2.014874267578125711e+00,0.000000000000000000e+00,6.952375794416383592e-04,-7.265685812628174048e-37
1.187642578125000057e+02,4.254204276815860339e+02,2.271668548583984304e+01,0.000000000000000000e+00,7.174203440271806516e-03,-8.301583895599961536e-36,1.327216796874998295e+01,4.272271885551418791e+01,2.116938781738280539e+00,0.000000000000000000e+00,8.403115602431893497e-04,-7.188853940655002669e-37
1.320364257812499886e+02,4.681431465371002218e+02,2.483362426757812358e+01,0.000000000000000000e+00,8.014515000514995866e-03,-9.020469289665461803e-36,1.246970214843750568e+01,3.479766937572014740e+01,1.869699859619142757e+00,0.000000000000000000e+00,7.541007005300789934e-04,-6.194545284033932638e-37
1.445061279296874943e+02,5.029408159128203692e+02,2.670332412719726634e+01,0.000000000000000000e+00,8.768615701045074859e-03,-9.639923818068855067e-36,1.405466308593750568e+01,4.106624760911955718e+01,2.408457946777343039e+00,0.000000000000000000e+00,8.777178667867379519e-04,-8.551549210676845387e-37
1.585607910156250000e+02,5.440070635219399264e+02,2.911178207397460938e+01,0.000000000000000000e+00,9.646333567831812811e-03,-1.049507873913653961e-35,1.255429687500000568e+01,3.744141973081059405e+01,2.244442749023438211e+00,0.000000000000000000e+00,7.920064444034737028e-04,-8.166161551049827249e-37
1.711150878906250057e+02,5.814484832527505205e+02,3.135622482299804759e+01,0.000000000000000000e+00,1.043834001223528651e-02,-1.131169489424152233e-35,1.244971923828123295e+01,3.729978696257785487e+01,2.333564758300777697e+00,0.000000000000000000e+00,7.913789298365937058e-04,-8.567987764489133832e-37
1.835648071289062386e+02,6.187482702153283753e+02,3.368978958129882528e+01,0.000000000000000000e+00,1.122971894207188022e-02,-1.216849367069043571e-35,1.226755371093750568e+01,3.681145314434411375e+01,2.410881805419926138e+00,0.000000000000000000e+00,7.907538805824367717e-04,-8.895576458721689523e-37
1.958323608398437443e+02,6.555597233596724891e+02,3.610067138671875142e+01,0.000000000000000000e+00,1.202047282265431699e-02,-1.305805131656260467e-35,1.203116455078125568e+01,3.630312768832311576e+01,2.476513671874997158e+00,0.000000000000000000e+00,7.901290829116520281e-04,-9.173516587843871307e-37
2.078635253906250000e+02,6.918628510479956049e+02,3.857718505859374858e+01,0.000000000000000000e+00,1.281060190556596902e-02,-1.397540297534699180e-35,1.175908203124998863e+01,3.554221632801454689e+01,2.486669921874998579e+00,0.000000000000000000e+00,7.895052718026405320e-04,-9.185305969663148083e-37
2.196226074218749886e+02,7.274050673760101517e+02,4.106385498046874716e+01,0.000000000000000000e+00,1.360010717736860955e-02,-1.489393357231330660e-35,1.140012207031250568e+01,3.442736828159161178e+01,2.562463378906251421e+00,0.000000000000000000e+00,7.888824449214359297e-04,-9.536461948097240251e-37
2.310227294921874943e+02,7.618324356576017635e+02,4.362631835937499858e+01,0.000000000000000000e+00,1.438898962229004548e-02,-1.584757976712303063e-35,1.091970214843749432e+01,3.275272908942019967e+01,2.528570556640623579e+00,0.000000000000000000e+00,7.882605999396767593e-04,-9.334286103305454672e-37
2.419424316406249886e+02,7.945851647470219632e+02,4.615488891601562216e+01,0.000000000000000000e+00,1.517725022222972224e-02,-1.678100837745357610e-35,1.025092773437501137e+01,2.973130366992916152e+01,2.612602233886718750e+00,0.000000000000000000e+00,7.876397345378729348e-04,-9.753652896510916194e-37
2.521933593750000000e+02,8.243164684169511247e+02,4.876749114990234091e+01,0.000000000000000000e+00,1.596488995676759517e-02,-1.775637366710466772e-35,9.189965820312522737e+00,2.433248669984629942e+01,3.353039550781254263e+00,0.000000000000000000e+00,7.870198464031696872e-04,-1.354034034790442172e-36
2.613833251953125227e+02,8.486489551167974241e+02,5.212053070068359517e+01,0.000000000000000000e+00,1.675190980317076486e-02,-1.911040770189510989e-35,-2.427575073242187784e+02,-7.973013418724233361e+02,-2.772526931762695312e+01,0.000000000000000000e+00,7.059715807796983211e-04,7.258698279314261444e-36
1.862581787109375142e+01,5.134761324437404539e+01,2.439526138305664205e+01,0.000000000000000000e+00,1.745788138395046318e-02,-1.185170942258084844e-35,-1.465306091308594461e+00,-1.253224168848358744e+01,-2.052429962158203836e+00,0.000000000000000000e+00,8.071805314626492867e-04,1.099402902536881915e-36
1.716051177978515696e+01,3.881537155589045796e+01,2.234283142089843821e+01,0.000000000000000000e+00,1.826506191541311247e-02,-1.075230652004396653e-35,-1.400604248047088163e-02,-3.747830580482286678e+00,-2.951271057128899145e-01,0.000000000000000000e+00,8.250700039791197815e-04,1.919970279864068359e-37
1.714650573730468608e+01,3.506754097540817128e+01,2.204770431518554830e+01,0.000000000000000000e+00,1.909013191939223225e-02,-1.056030949205755969e-35,6.366577148437713163e-02,-2.839628063159800320e+00,-1.314476013183600855e-01,0.000000000000000000e+00,7.124956689670697285e-04,1.026548655491045512e-37
