Sigma_1,Sigma_2,Sigma_12,Epsilon_1,Epsilon_2,Epsilon_12,dSigma_1,dSigma_2,dSigma_12,dEpsilon_1,dEpsilon_2,dEpsilon_12
-0.000000000000000000e+00,-0.000000000000000000e+00,-0.000000000000000000e+00,0.000000000000000000e+00,0.000000000000000000e+00,0.000000000000000000e+00,1.248815081737935095e+01,1.143393398538185579e+01,9.981676816940308061e-01,1.999800121638574792e-04,1.333241062473146973e-04,-2.194993735152189859e-37
1.248815081737935095e+01,1.143393398538185579e+01,9.981676816940308061e-01,1.999800121638574792e-04,1.333241062473146973e-04,-2.194993735152189859e-37,6.241808831564737758e+00,5.715312735429616708e+00,4.982987642288205787e-01,9.997499944099476950e-05,6.665539379159600257e-05,-1.095059549920738025e-37
1.872995964894408871e+01,1.714924672081147250e+01,1.496466445922851385e+00,2.999550116048522487e-04,1.999795000389106999e-04,-3.290053285072927884e-37,6.241168302579950478e+00,5.714587918637413111e+00,4.980489253997804067e-01,9.996502871346707886e-05,6.665093950772614040e-05,-1.094326480247304663e-37
2.497112795152403919e+01,2.286383463944888561e+01,1.994515371322631792e+00,3.999200403183193276e-04,2.666304395466368403e-04,-4.384379765320232547e-37,6.240521099030640784e+00,5.713861279015496564e+00,4.977973461151121715e-01,9.995499016253158245e-05,6.664652073144885841e-05,-1.093587132756751962e-37
3.121164905055467997e+01,2.857769591846438217e+01,2.492312717437743963e+00,4.998750304808509100e-04,3.332769602780856987e-04,-5.477966898076984509e-37,6.239873330011622699e+00,5.713138920118364439e+00,4.975454330444337714e-01,9.994504669895497122e-05,6.664205599510791356e-05,-1.092848502731011992e-37
3.745152238056630267e+01,3.429083483858274661e+01,2.989858150482177734e+00,5.998200771798058812e-04,3.999190162731936123e-04,-6.570815400807996501e-37,6.239223464798428154e+00,5.712410158759404055e+00,4.972942352294920099e-01,9.993505868506125708e-05,6.663761512720566124e-05,-1.092109155240459291e-37
4.369074584536473083e+01,4.000324499734215067e+01,3.487152385711669744e+00,6.997551358648671383e-04,4.665566314003992735e-04,-7.662924556048455792e-37,6.238579139441121413e+00,5.711684152935099235e+00,4.970426559448242188e-01,9.992507266705201192e-05,6.663317485134360616e-05,-1.091371601411940090e-37
4.992932498480585224e+01,4.571492915027724990e+01,3.984195041656493963e+00,7.996802085319191502e-04,5.331898062517428797e-04,-8.754296157460395881e-37,6.237928133137202735e+00,5.710957852263625512e+00,4.967911720275877130e-01,9.991499559590334614e-05,6.662878170556475309e-05,-1.090634765048235291e-37
5.616725311794305497e+01,5.142588700254087541e+01,4.480986213684081676e+00,8.995952041278224964e-04,5.998185879573076328e-04,-9.844930922508631172e-37,6.237282677782623352e+00,5.710231249830748368e+00,4.965404510498050428e-01,9.990510662625400919e-05,6.662429607150047780e-05,-1.089897211219716090e-37
6.240453579572567833e+01,5.713611825237162378e+01,4.977526664733886719e+00,9.995003107540765055e-04,6.664428840288081106e-04,-1.093482813372834726e-36,6.236633595955481724e+00,5.709507406280849295e+00,4.962890625000007105e-01,9.989512659297180089e-05,6.661985757060564020e-05,-1.089161092320824024e-37
6.864116939168116005e+01,6.284562565865247308e+01,5.473815727233887429e+00,1.099395437347048306e-03,7.330627415994137508e-04,-1.202398922604917129e-36,6.235983946501278297e+00,5.708783266100859066e+00,4.960385322570788347e-01,9.988514855340403092e-05,6.661541966061226231e-05,-1.088424973421933628e-37
7.487715333818243835e+01,6.855440892475333214e+01,5.969854259490966264e+00,1.199280585900452337e-03,7.996781612600260131e-04,-1.311241419947110491e-36,6.235339840870224748e+00,5.708058829290806102e+00,4.957871437072753906e-01,9.987517250695308706e-05,6.661098234228991083e-05,-1.087689571987855964e-37
8.111249317905266309e+01,7.426246775404413825e+01,6.465641403198241655e+00,1.299155758407405424e-03,8.662891436023159239e-04,-1.420010377145896088e-36,6.234682945322077785e+00,5.707327986638404127e+00,4.955368041992196382e-01,9.986519845280017980e-05,6.660654561463244614e-05,-1.086956322948219837e-37
8.734717612437474088e+01,7.996979574068254237e+01,6.961178207397461293e+00,1.399020956860205604e-03,9.328956892169483700e-04,-1.528706009440718071e-36,6.234037696955297747e+00,5.706602955754405571e+00,4.952861785888664770e-01,9.985513339833408490e-05,6.660210947818793244e-05,-1.086220204049327770e-37
9.358121382133003863e+01,8.567639869643694794e+01,7.456464385986327770e+00,1.498876090258539689e-03,9.994977986951363025e-04,-1.637328029845650848e-36,6.233391908899605482e+00,5.705883738266336991e+00,4.950361251831054688e-01,9.984534931301090703e-05,6.659767393283775802e-05,-1.085486955009689973e-37
9.981460573022964411e+01,9.138228243470328493e+01,7.951500511169433238e+00,1.598721439571550596e-03,1.066095472627974061e-03,-1.745876725346619846e-36,6.231712281260030295e+00,5.704950369248209086e+00,4.947383880615241480e-01,9.983528824037877190e-05,6.659333200475917904e-05,-1.084852716114349514e-37
1.060463180114896744e+02,9.708723280395149402e+01,8.446238899230957387e+00,1.698556727811929368e-03,1.132688804632733240e-03,-1.854361996958054797e-36,6.228900583341825836e+00,5.703802765168859423e+00,4.943069458007798289e-01,9.982513622067449785e-05,6.658880460742389387e-05,-1.083876963967670857e-37
1.122752185948315002e+02,1.027910355691203534e+02,8.940545845031737215e+00,1.798381864032603866e-03,1.199277609240157133e-03,-1.962749693354821883e-36,6.226265050286158953e+00,5.702612010005637444e+00,4.939790725708022023e-01,9.981535806883657692e-05,6.658437083376296008e-05,-1.083391957753589139e-37
1.185014836451176592e+02,1.084936475791259909e+02,9.434524917602539418e+00,1.898197222101440443e-03,1.265861980073920093e-03,-2.071088889130180797e-36,6.224509000684960824e+00,5.701598103394331929e+00,4.935674667358398438e-01,9.980539595727186408e-05,6.657993765072441235e-05,-1.082203836022041119e-37
1.247259926458026200e+02,1.141952456825203228e+02,9.928092384338379262e+00,1.998002618058712307e-03,1.332441917724644506e-03,-2.179309272732384908e-36,6.221577717929363871e+00,5.700376032722104469e+00,4.933156967163085938e-01,9.979543583449714331e-05,6.657550505752523988e-05,-1.082196661373907116e-37
1.309475703637319839e+02,1.198956217152424273e+02,1.042140808105468786e+01,2.097798053893209450e-03,1.399017422782169746e-03,-2.287528938869775620e-36,6.215170762566202711e+00,5.698224471494469867e+00,4.929903030395497154e-01,9.978547769925192115e-05,6.657107305493435885e-05,-1.082927040554287304e-37
1.371627411262981866e+02,1.255938461867368972e+02,1.091439838409423757e+01,2.197583531592461371e-03,1.465588495837104105e-03,-2.395821642925204351e-36,6.209018455640091361e+00,5.696096780710973917e+00,4.915878295898430395e-01,9.977552155116279839e-05,6.656664164194736437e-05,-1.078177423487366196e-37
1.433717595819382780e+02,1.312899429674478711e+02,1.140598621368408061e+01,2.297359053143624170e-03,1.532155137479051469e-03,-2.503639385273940970e-36,6.205715001252798402e+00,5.694433123130210106e+00,4.915489196777365066e-01,9.976556738963563223e-05,6.656221081911134485e-05,-1.079368415078165144e-37
1.495774745831910764e+02,1.369843760905780812e+02,1.189753513336181712e+01,2.397124620533259802e-03,1.598717348298162814e-03,-2.611576226781757485e-36,6.203266816640677916e+00,5.693135803439901110e+00,4.908315658569328832e-01,9.975561521385336791e-05,6.655778058630812226e-05,-1.076857288230095072e-37
1.557807413998317543e+02,1.426775118940179823e+02,1.238836669921875000e+01,2.496880235747113170e-03,1.665275128884470936e-03,-2.719261955604766992e-36,6.200242307565531519e+00,5.691813617214222631e+00,4.905418395996097303e-01,9.974566502388756278e-05,6.655335094275576999e-05,-1.076650658363740928e-37
1.619809837073972858e+02,1.483693255112322049e+02,1.287890853881835973e+01,2.596625900771000733e-03,1.731828479827226706e-03,-2.826927021441141085e-36,6.195527405423518985e+00,5.689989626792794297e+00,4.903680801391594457e-01,9.973571681847880760e-05,6.654892188922212001e-05,-1.077571883184571769e-37
1.681765111128208048e+02,1.540593151380249992e+02,1.336927661895751918e+01,2.696361617589479540e-03,1.798377401716448826e-03,-2.934684209759598262e-36,6.190737276230578345e+00,5.687639239076901276e+00,4.894750595092780543e-01,9.972577059725457049e-05,6.654449342470385165e-05,-1.074963181121836504e-37
1.743672483890513831e+02,1.597469543771019005e+02,1.385875167846679723e+01,2.796087388186734111e-03,1.864921895141152678e-03,-3.042180527871781912e-36,6.185308705300712973e+00,5.685190386193909262e+00,4.881072998046871447e-01,9.971564063366786246e-05,6.654006554974783647e-05,-1.070167646306840409e-37
1.805525570943520961e+02,1.654321447632958098e+02,1.434685897827148438e+01,2.895803028820401973e-03,1.931461960690900514e-03,-3.149197292502465953e-36,6.179106858007770597e+00,5.682484033313926375e+00,4.882469177246093750e-01,9.970588412350385454e-05,6.653563826423633011e-05,-1.073066204154320325e-37
1.867316639523598667e+02,1.711146287966097361e+02,1.483510589599609375e+01,2.995508912943905828e-03,1.997997598955136844e-03,-3.256503912917897985e-36,6.174592547906712525e+00,5.680119492771154910e+00,4.876152038574215197e-01,9.969594385104973977e-05,6.653121156738718914e-05,-1.071625534808343174e-37
1.929062565002665792e+02,1.767947482893808910e+02,1.532272109985351527e+01,3.095204856794955568e-03,2.064528810522524033e-03,-3.363666466398732303e-36,6.170786830676263435e+00,5.678011224201299001e+00,4.872470855712904836e-01,9.968619123126333526e-05,6.652678545996824552e-05,-1.071249583245950407e-37
1.990770433309428427e+02,1.824727595135821900e+02,1.580996818542480575e+01,3.194891048026218903e-03,2.131055595982492279e-03,-3.470791424723327343e-36,6.166869271600347702e+00,5.675926887085722683e+00,4.871067047119108651e-01,9.967588358123337725e-05,6.652254579665511577e-05,-1.072024445244776776e-37
2.052439126025431904e+02,1.881486864006679127e+02,1.629707489013671662e+01,3.294566931607452280e-03,2.197578141779147395e-03,-3.577993869247805021e-36,6.159875942245861324e+00,5.672826434542884044e+00,4.863883972167997172e-01,9.966632055647848751e-05,6.651793499859795511e-05,-1.070836323513242119e-37
2.114037885447890517e+02,1.938215128352107968e+02,1.678346328735351634e+01,3.394233252163930768e-03,2.264096076777745350e-03,-3.685077501599129233e-36,6.152831001898533714e+00,5.669382652475945861e+00,4.855304718017556809e-01,9.965601694112693684e-05,6.651351065743976027e-05,-1.069005353308584151e-37
2.175566195466875854e+02,1.994908954876867426e+02,1.726899375915527202e+01,3.493889269105057704e-03,2.330609587435185110e-03,-3.791978036929987648e-36,6.142365643379065432e+00,5.664322837705839220e+00,4.838737487792990066e-01,9.964608660902344803e-05,6.650908690435542586e-05,-1.064172510323272536e-37
2.236989851900666508e+02,2.051552183253925818e+02,1.775286750793457102e+01,3.593535355714081152e-03,2.397118674339540536e-03,-3.898395287962314902e-36,6.133563175344420415e+00,5.660730320293197337e+00,4.825702667236306809e-01,9.963652941138122221e-05,6.650466373989399188e-05,-1.060550747943543094e-37
2.298325483654110712e+02,2.108159486456857792e+02,1.823543777465820170e+01,3.693171885125462375e-03,2.463623338079434528e-03,-4.004450362756669211e-36,6.125223173249310094e+00,5.656965604804469194e+00,4.820217132568380691e-01,9.962623184377097235e-05,6.650024116393662976e-05,-1.060481871321420592e-37
2.359577715386603813e+02,2.164729142504902484e+02,1.871745948791503977e+01,3.792798116969233347e-03,2.530123579243371158e-03,-4.110498549888811270e-36,6.116806959746696748e+00,5.652624766274925605e+00,4.818275451660163355e-01,9.961667852832105721e-05,6.649581917570141290e-05,-1.062229615607681371e-37
2.420745784984070781e+02,2.221255390167651740e+02,1.919928703308105611e+01,3.892414795497554404e-03,2.596619398419072570e-03,-4.216721511449579407e-36,6.105250190429813983e+00,5.646814162132784531e+00,4.807292938232414770e-01,9.960638498917890465e-05,6.649139777595855852e-05,-1.060272371595815520e-37
2.481798286888368921e+02,2.277723531788979585e+02,1.968001632690429759e+01,3.992021180486733309e-03,2.663110796195031129e-03,-4.322748748609160959e-36,6.091508026853148294e+00,5.640047498430220685e+00,4.816490173339822434e-01,9.959683555314444159e-05,6.648697696370322804e-05,-1.069008223167841761e-37
2.542713367156900404e+02,2.334124006773281792e+02,2.016166534423827983e+01,4.091618016039877750e-03,2.729597773158734357e-03,-4.429649570925945135e-36,6.073887586035937147e+00,5.630733163850948131e+00,4.790653228759786941e-01,9.958654604051968978e-05,6.648255673948272673e-05,-1.061314130505352387e-37
2.603452243017259775e+02,2.390431338411791273e+02,2.064073066711425852e+01,4.191204562080397440e-03,2.796080329898217084e-03,-4.535780983976480374e-36,6.055795849315074975e+00,5.622077891772306657e+00,4.743869781494147730e-01,9.957700048201113124e-05,6.647813710318082811e-05,-1.042803538311007283e-37
2.664010201510410525e+02,2.446652117329514340e+02,2.111511764526367330e+01,4.290781562562408571e-03,2.862558467001397912e-03,-4.640061337807581102e-36,6.031126395226465320e+00,5.610506949146866873e+00,4.718749999999971578e-01,9.956671499307227780e-05,6.647371805401560557e-05,-1.036481238372385921e-37
2.724321465462675178e+02,2.502757186820983009e+02,2.158699264526367045e+01,4.390348277555480849e-03,2.929032185055413517e-03,-4.743709461644819694e-36,5.994211974975655721e+00,5.595040069057205301e+00,4.634078979492173289e-01,9.955717330953697819e-05,6.646929959275467426e-05,-1.002106064216746500e-37
2.784263585212431735e+02,2.558707587511555062e+02,2.205040054321288778e+01,4.489905450865017827e-03,2.995501484648168192e-03,-4.843920068066494344e-36,5.939479826014235186e+00,5.572933455953887005e+00,4.526927947998089508e-01,9.954689184211475139e-05,6.646488171839623135e-05,-9.583722790307541133e-38
2.843658383472574087e+02,2.614436922071093932e+02,2.250309333801269673e+01,4.589452342707132579e-03,3.061966366366564423e-03,-4.939757295969569756e-36,5.893340690721629471e+00,5.554226524574346513e+00,4.457927703857400559e-01,9.953698324480144549e-05,6.646065011424234434e-05,-9.318203412040762406e-38
2.902591790379790382e+02,2.669979187316837397e+02,2.294888610839843679e+01,4.688989325951934024e-03,3.128427016480806767e-03,-5.032939330089977380e-36,5.845789255566387510e+00,5.533409239413003888e+00,4.347023010253892039e-01,9.952744736913595597e-05,6.645586204915556947e-05,-8.845881975863247311e-38
2.961049682935454257e+02,2.725313279710967436e+02,2.338358840942382599e+01,4.788516773321069980e-03,3.194882878529962337e-03,-5.121398149848609853e-36,5.755264563467619610e+00,5.500659369879485894e+00,4.145938873291044047e-01,9.951717192973382614e-05,6.645181727696260893e-05,-8.055293148313060286e-38
3.018602328570130453e+02,2.780319873409762295e+02,2.379818229675293040e+01,4.888033945250803806e-03,3.261334695806924946e-03,-5.201951081331740456e-36,5.657400954847332741e+00,5.463126009837253605e+00,3.949428558349588059e-01,9.950763992344451025e-05,6.644703043510091431e-05,-7.311081246322819188e-38
3.075176338118603780e+02,2.834951133508134831e+02,2.419312515258788920e+01,4.987541585174248317e-03,3.327781726242025860e-03,-5.275061893794968648e-36,5.582524749740173320e+00,5.423429489182240104e+00,3.775691986083984375e-01,9.949736849937558525e-05,6.644298678719698370e-05,-6.608080523233369736e-38
3.131001585616005514e+02,2.889185428399957232e+02,2.457069435119628764e+01,5.087038953673623902e-03,3.394224713029222844e-03,-5.341142699027302345e-36,5.535308357174073990e+00,5.383406216320224758e+00,3.708427429199225855e-01,9.948784035969555906e-05,6.643820116785737265e-05,-6.354212773541596053e-38
3.186354669187746254e+02,2.943019490563159479e+02,2.494153709411621023e+01,5.186526794033319461e-03,3.460662914197080216e-03,-5.404684826762718306e-36,5.490678915539035643e+00,5.344747058095038028e+00,3.713150024414098027e-01,9.947757294902128539e-05,6.643415864423032891e-05,-6.460397565974273391e-38
3.241261458343136610e+02,2.996466961144109860e+02,2.531285209655762003e+01,5.286004366982340746e-03,3.527097072841310545e-03,-5.469288802422461039e-36,5.449693405938319302e+00,5.305393778045413455e+00,3.757438659667968750e-01,9.946804867407097600e-05,6.642937424693271670e-05,-6.760642241225792545e-38
3.295758392402519803e+02,3.049520898924563994e+02,2.568859596252441690e+01,5.385472415656411722e-03,3.593526447088243262e-03,-5.536895224834718965e-36,5.416771504213613753e+00,5.271399023172250509e+00,3.782112121581988617e-01,9.945778527396722385e-05,6.642533284646453054e-05,-6.953955960638390773e-38
3.349926107444655941e+02,3.102234889156286499e+02,2.606680717468261577e+01,5.484930200930378946e-03,3.659951779934707793e-03,-5.606434784441102873e-36,5.387792380449013763e+00,5.241881579002892977e+00,3.819427490234375000e-01,9.944826486120526138e-05,6.642054967139106314e-05,-7.200706459377906773e-38
3.403804031249146078e+02,3.154653704946315429e+02,2.644874992370605327e+01,5.584378465791584208e-03,3.726372329606098856e-03,-5.678441849034881940e-36,5.358877701305289065e+00,5.216205919769890897e+00,3.830337524414062500e-01,9.943800546951576946e-05,6.641650939362810438e-05,-7.312171792839641879e-38
3.457392808262198969e+02,3.206815764144014338e+02,2.683178367614745952e+01,5.683816471261099977e-03,3.792788838999726960e-03,-5.751563566963278359e-36,5.332630770799994480e+00,5.188343517321641230e+00,3.854328155517592336e-01,9.942811853571372621e-05,6.641172743985634258e-05,-7.486544441169654419e-38
3.510719115970198914e+02,3.258699199317230750e+02,2.721721649169921875e+01,5.783244589796813703e-03,3.859200566439583303e-03,-5.826429011374974903e-36,5.305467177857394745e+00,5.157485435255125594e+00,3.884517669677727270e-01,9.941860391166155303e-05,6.640768828456529091e-05,-7.697823479518119586e-38
3.563773787748772861e+02,3.310274053669782006e+02,2.760566825866699148e+01,5.882663193708475256e-03,3.925608254724148594e-03,-5.903407246170156099e-36,5.280357993316158627e+00,5.132846801768380374e+00,3.915435791015617895e-01,9.940835052835682306e-05,6.640290755161558367e-05,-7.884766111384770538e-38
3.616577367681934447e+02,3.361602521687465810e+02,2.799721183776855327e+01,5.982071544236832079e-03,3.992011162275764177e-03,-5.982254907284003805e-36,5.248756645475680216e+00,5.102418222228379818e+00,3.993492126464843750e-01,9.939883976092106499e-05,6.639886951834237522e-05,-8.334473056633366933e-38
3.669064934136691249e+02,3.412626703909749608e+02,2.839656105041503764e+01,6.081470383997753144e-03,4.058410031794106552e-03,-6.065599637850337474e-36,5.215130928739768024e+00,5.076297830446947046e+00,3.994838714599637797e-01,9.938859037987232692e-05,6.639409000551432793e-05,-8.415919662288565572e-38
3.721216243424088930e+02,3.463389682214219079e+02,2.879604492187500142e+01,6.180858974377625471e-03,4.124804121799620880e-03,-6.149758834473223130e-36,5.167909118433271942e+00,5.046862615689974518e+00,3.966777801513643453e-01,9.937908346629650835e-05,6.639005309424725332e-05,-8.409146794446753354e-38
3.772895334608421649e+02,3.513858308371118824e+02,2.919272270202636577e+01,6.280238057843921980e-03,4.191194174893868134e-03,-6.233850302417690663e-36,5.126987357791961131e+00,5.016759153835891993e+00,4.017135620117215922e-01,9.936920824566916610e-05,6.638527480106164863e-05,-8.778153297446795612e-38
3.824165208186341260e+02,3.564025899909477744e+02,2.959443626403808736e+01,6.379607266089591146e-03,4.257579449694929782e-03,-6.321631835392158619e-36,5.112861682341758751e+00,4.992534592184256326e+00,4.037105560302691742e-01,9.935859474057701091e-05,6.638123901068441329e-05,-8.913208873984034527e-38
3.875293825009758848e+02,3.613951245831320307e+02,2.999814682006835653e+01,6.478965860830168157e-03,4.323960688705614196e-03,-6.410763924131998965e-36,5.086247865934524270e+00,4.964798371895426499e+00,4.050231933593764211e-01,9.934946376409861668e-05,6.637683283449921645e-05,-9.054578140882135338e-38
3.926156303669104091e+02,3.663599229550274572e+02,3.040317001342773295e+01,6.578315324594266773e-03,4.390337521540113412e-03,-6.501309705540820318e-36,5.043748380655074470e+00,4.933206231066947112e+00,4.041847229003892039e-01,9.933959442865424039e-05,6.637205637021002108e-05,-9.137976250830771473e-38
3.976593787475654835e+02,3.712931291860944043e+02,3.080735473632812216e+01,6.677654919022921014e-03,4.456709577910323433e-03,-6.592689468049128033e-36,5.032305150243644221e+00,4.904747109567040297e+00,4.043792724609431843e-01,9.932972705362433374e-05,6.636802226065319915e-05,-9.184869751056419007e-38
4.026916838978091278e+02,3.761978762956614446e+02,3.121173400878906534e+01,6.776984646076545347e-03,4.523077600170976632e-03,-6.684538165559692223e-36,5.020022106418196017e+00,4.866937369183688133e+00,4.016563415527301117e-01,9.931912168674623953e-05,6.636324701547128418e-05,-9.087409330758724106e-38
4.077117060042273238e+02,3.810648136648451327e+02,3.161339035034179545e+01,6.876303767763291587e-03,4.589440847186447917e-03,-6.775412258867279464e-36,5.004047963065204385e+00,4.837901275417721081e+00,4.102798461914076711e-01,9.930999825706263162e-05,6.635921402567239447e-05,-9.567421989739551148e-38
4.127157539672925282e+02,3.859027149402628538e+02,3.202367019653320312e+01,6.975613766020354219e-03,4.655800061212120311e-03,-6.871086478764674975e-36,4.972873453336831062e+00,4.816978293986892368e+00,4.197875976562457367e-01,9.930013676086660301e-05,6.635443999867662174e-05,-1.013869617302724832e-37
4.176886274206293592e+02,3.907196932342497462e+02,3.244345779418944886e+01,7.074913902781220822e-03,4.722154501210796933e-03,-6.972473440494947458e-36,4.862067136839698378e+00,4.774905371281988664e+00,3.639152526855511383e-01,9.928953749058569422e-05,6.635040812840494601e-05,-7.699947175366746406e-38
4.225506945574690576e+02,3.954945986055317348e+02,3.280737304687500000e+01,7.174203440271806516e-03,4.788504909339201879e-03,-7.049472912248614923e-36,4.830366119666450686e+00,4.758779440321632137e+00,3.787322998046889211e-01,9.928041971579183722e-05,6.634563531911826656e-05,-8.537199914402239443e-38
4.273810606771355083e+02,4.002533780458533670e+02,3.318610534667968892e+01,7.273483859987598353e-03,4.854850544658320145e-03,-7.134844911392637317e-36,4.835842293468601838e+00,4.750967666583846949e+00,3.828582763671875000e-01,9.927056409229483708e-05,6.634160456792104199e-05,-8.724142546268689937e-38
4.322169029706041101e+02,4.050043457124372139e+02,3.356896362304687642e+01,7.372754424079893190e-03,4.921192149226241187e-03,-7.222086336855324216e-36,4.793601309056271020e+00,4.731131209717716501e+00,3.630470275878892039e-01,9.926071042579056453e-05,6.633683297564176018e-05,-7.867259969929720282e-38
4.370105042796603811e+02,4.097354769221549304e+02,3.393201065063476562e+01,7.472015134505683755e-03,4.987528982201882947e-03,-7.300758936554621419e-36,4.712725749924629781e+00,4.704052343375110468e+00,3.592231750488252828e-01,9.925011927653173971e-05,6.633280334351118052e-05,-7.920639352071419036e-38
4.417232300295850109e+02,4.144395292655300409e+02,3.429123382568359091e+01,7.571265253782215494e-03,5.053861785545394128e-03,-7.379965330075335610e-36,4.683687603298949398e+00,4.691347740060052729e+00,3.623901367187514211e-01,9.924100903304765992e-05,6.632803296776224738e-05,-8.166356701479197727e-38
4.464069176328839603e+02,4.191308770055900936e+02,3.465362396240234233e+01,7.670506262815263154e-03,5.120189818513156375e-03,-7.461628897090127587e-36,4.686576843446744078e+00,4.687794593046476166e+00,3.575126647949247172e-01,9.923116123247179010e-05,6.632400445358201807e-05,-7.913407306748923773e-38
4.510934944763307044e+02,4.238186715986365698e+02,3.501113662719726705e+01,7.769737424047734944e-03,5.186513822966738393e-03,-7.540762970157616825e-36,4.679673109959196609e+00,4.683553109547233362e+00,3.546066284179687500e-01,9.922131538589971933e-05,6.631923529454991639e-05,-7.788855415084781830e-38
4.557731675862899010e+02,4.285022247081838032e+02,3.536574325561523580e+01,7.868958739433634664e-03,5.252833058261288310e-03,-7.618651524308464643e-36,4.632653425786543266e+00,4.668658761713004424e+00,3.504241943359360789e-01,9.921073234855047607e-05,6.631520789786727460e-05,-7.709360313722887049e-38
4.604058210120764443e+02,4.331708834698968076e+02,3.571616744995117188e+01,7.968169471782185140e-03,5.319148266159155584e-03,-7.695745127445693513e-36,4.624162255757539697e+00,4.661959338613371528e+00,3.453910827636761383e-01,9.920162962685774577e-05,6.631043995463346830e-05,-7.481895269176669478e-38
4.650299832678339840e+02,4.378328428085101791e+02,3.606155853271484801e+01,8.067371101409042886e-03,5.385458706113789053e-03,-7.770564080137460208e-36,4.423135226303145373e+00,4.596835671993005690e+00,1.840042114257798289e-01,9.919178963989187803e-05,6.630641367521943053e-05,-6.658073471454362838e-40
4.694531184941371293e+02,4.424296784805031848e+02,3.624556274414062784e+01,8.166562891048934764e-03,5.451765119789008483e-03,-7.771229887484605644e-36,4.366695483389662513e+00,4.574217736619118568e+00,1.375007629394531250e-01,9.918121267944723929e-05,6.630164694730513592e-05,2.073128928581499401e-38
4.738198139775267919e+02,4.470038962171223034e+02,3.638306350708008097e+01,8.265744103728382003e-03,5.518066766736313619e-03,-7.750498598198790650e-36,4.385327765643182829e+00,4.578404964391836529e+00,1.581970214843693157e-01,9.917211559391098108e-05,6.629762178470954143e-05,1.099902258047267720e-38
4.782051417431699747e+02,4.515823011815141399e+02,3.654126052856445028e+01,8.364916219322292984e-03,5.584364388521023161e-03,-7.739499575618317973e-36,4.400419481255255505e+00,4.579940912038011902e+00,1.728309631347713093e-01,9.916228146044335501e-05,6.629285627141653231e-05,4.165313722615621613e-39
4.826055612244252302e+02,4.561622420935521518e+02,3.671409149169922159e+01,8.464078500782736339e-03,5.650657244792439693e-03,-7.735334261895702352e-36,4.385227881437629094e+00,4.572687036570926011e+00,1.795524597167954539e-01,9.915244927757339843e-05,6.628883222562984012e-05,3.449570824439890414e-40
4.869907891058628593e+02,4.607349291301230778e+02,3.689364395141601705e+01,8.563230950060309737e-03,5.716946077018069533e-03,-7.734989304813258363e-36,4.239412373785910404e+00,4.526142369372223584e+00,4.737625122069744066e-02,9.914188041192095735e-05,6.628443830739797621e-05,6.191950931267405240e-38
4.912302014796487697e+02,4.652610714994953014e+02,3.694102020263671449e+01,8.662372830472230695e-03,5.783230515325467509e-03,-7.673069795500584310e-36,4.216008887557563867e+00,4.514361277692898966e+00,3.355407714843750000e-02,9.913279083276042847e-05,6.627967461547701333e-05,6.806961769600586273e-38
4.954462103672063336e+02,4.697754327771882004e+02,3.697457427978515199e+01,8.761505621304991123e-03,5.849510189940944523e-03,-7.605000177804578447e-36,4.203878991769045115e+00,4.507391619495479063e+00,3.901977539062784217e-02,9.912296449664584341e-05,6.627565224339836830e-05,6.502067922355948540e-38
4.996500893589753787e+02,4.742828243966836794e+02,3.701359405517577983e+01,8.860628585801636967e-03,5.915785842184342891e-03,-7.539979498581018962e-36,4.170116776628788102e+00,4.495802725027033375e+00,8.271789550781250000e-02,9.911314010815040765e-05,6.627088976490867062e-05,4.222079538678493752e-38
5.038202061356041668e+02,4.787786271217107128e+02,3.709631195068359233e+01,8.959741725909787374e-03,5.982056731949251561e-03,-7.497758703194234024e-36,9.765748515255836537e-01,1.101336532333732521e+00,-3.046112060546590783e-02,2.477638099762646817e-05,1.656703624056295177e-05,3.411688682269373509e-38
5.047967809871297504e+02,4.798799636540444453e+02,3.706585083007812642e+01,8.984518106907413842e-03,5.998623768189814513e-03,-7.463641816371540289e-36,3.393795464431832443e+00,4.043813458752765655e+00,-2.881683349609360789e-01,9.290706934166059749e-05,6.212421925589316218e-05,2.069220180276336374e-37
5.081905764515615829e+02,4.839237771127972110e+02,3.677768249511719034e+01,9.077425176249074440e-03,6.060747987445707675e-03,-7.256719798343906652e-36,2.921035983983301776e+00,3.597117449207644313e+00,-3.938064575195312500e-01,8.360890909731022447e-05,5.590857177021398700e-05,2.494309472836140050e-37
5.111116124355448846e+02,4.875208945620048553e+02,3.638387603759765909e+01,9.161034085346384664e-03,6.116656559215921662e-03,-7.007288851060292647e-36,4.539120029712762516e+00,6.751710350083499179e+00,-1.814167404174810372e+00,1.671975879079246052e-04,1.118073968928868372e-04,9.716097918300791626e-37
5.156507324652576472e+02,4.942726049120883545e+02,3.456970863342284872e+01,9.328231673254309270e-03,6.228463956108808500e-03,-6.035679059230213484e-36,1.789492872004075252e+00,3.197537241534007535e+00,-1.217475509643549003e+00,8.358794294541574410e-05,5.589882586313436180e-05,6.270952416837378653e-37
5.174402253372617224e+02,4.974701421536223620e+02,3.335223312377929972e+01,9.411819616199725014e-03,6.284362781971942861e-03,-5.408583817546475619e-36,1.720231014021123883e+00,3.167622185891161735e+00,-1.317309570312502842e+00,8.358095658518235882e-05,5.589570135883670937e-05,6.740326507560114645e-37
5.191604563512828463e+02,5.006377643395135237e+02,3.203492355346679688e+01,9.495400572784907373e-03,6.340258483330779571e-03,-4.734551166790464155e-36,1.514050904912437545e+00,3.092983718938000948e+00,-1.433831405639647727e+00,8.357397139270236752e-05,5.589331751197201131e-05,7.264288191171027637e-37
5.206745072561952838e+02,5.037307480584515247e+02,3.060109214782714915e+01,9.578974544177609740e-03,6.396151800842751582e-03,-4.008122347673361391e-36,1.605604801165327444e+00,3.124385084949096836e+00,-1.359552383422851562e+00,8.356772526143738111e-05,5.588945335706797107e-05,6.921928331353291338e-37
5.222801120573606113e+02,5.068551331434006215e+02,2.924153976440429759e+01,9.662542269439047121e-03,6.452041254199819553e-03,-3.315929514538032257e-36,1.453679820814386403e+00,5.577342909515209612e+00,-3.825069427490234375e+00,1.671130272054132532e-04,1.117702768777774011e-04,1.886239389111158335e-36
5.237337918781749977e+02,5.124324760529158311e+02,2.541647033691406321e+01,9.829655296644460374e-03,6.563811531077596954e-03,-1.429690125426873755e-36,-9.486333256639227329e+00,-9.322451732777494726e-01,-7.223318481445314632e+00,8.354604223285641562e-05,5.588008399365438500e-05,3.308334145033915129e-36
5.142474586215357704e+02,5.115002308796380817e+02,1.819315185546874858e+01,9.913201338877316790e-03,6.619691615071251339e-03,1.878644019607041541e-36,-3.638393829979349903e+00,6.033272872612656101e-01,-3.333977890014645951e+00,6.265532023837401543e-05,4.190819892302324184e-05,1.540883396231267238e-36
5.106090647915564205e+02,5.121035581668993473e+02,1.485917396545410263e+01,9.975856659115690805e-03,6.661599813994274581e-03,3.419527415838308780e-36,-4.808522974980633080e+00,1.978296020553216295e+00,-5.645999145507813566e+00,1.252981270690196186e-04,8.381112932240308844e-05,2.641115975078752106e-36
5.058005418165757874e+02,5.140818541874525636e+02,9.213174819946289062e+00,1.010115478618471042e-02,6.745410943316677670e-03,6.060643390917060886e-36,-3.897796150162662343e+00,3.721066830314612162e-01,-3.564074325561524148e+00,6.264354543038253009e-05,4.190293069395844422e-05,1.652253737351690716e-36
5.019027456664131250e+02,5.144539608704840248e+02,5.649100494384764914e+00,1.016379833161509295e-02,6.787313874010636114e-03,7.712897128268751602e-36,-6.738331585768605692e+00,1.195191735699268065e+00,-6.448078918457030184e+00,1.252745820170403368e-04,8.380059418874180599e-05,2.992760403558061852e-36
4.951644140806445193e+02,5.156491526061832928e+02,-7.989784240722652697e-01,1.028907291363213329e-02,6.871114468199377920e-03,1.070565753182681345e-35,-4.501552449706935022e+00,1.996380890245745832e-01,-3.902639007568359908e+00,6.263177504723521638e-05,4.189766378925093709e-05,1.800526737673575694e-36
4.906628616309375843e+02,5.158487906952078674e+02,-4.701617431640625178e+00,1.035170468867936851e-02,6.913012131988628857e-03,1.250618426950038915e-35,-1.940721930546237672e+01,-3.572169015634358402e+00,-1.330126724243163849e+01,1.252510458122080284e-04,8.378932184011176482e-05,6.048780540700850767e-36
4.712556423254752076e+02,5.122766216795735090e+02,-1.800288467407226278e+01,1.047695573449157654e-02,6.996801453828740622e-03,1.855496481020123991e-35,-1.646055832402436181e+01,-2.744469369328044195e+00,-1.104035835266113708e+01,1.252353599521631444e-04,8.378304157906271005e-05,5.044939359578574299e-36
4.547950840014508458e+02,5.095321523102454648e+02,-2.904324302673339986e+01,1.060219109444373968e-02,7.080584495407803332e-03,2.359990416977981421e-35,-8.936251361023437312e+00,-1.677135999005656686e+00,-5.848244094848631391e+00,6.261216758359292034e-05,4.188888858717119967e-05,2.671223668522297201e-36
4.458588326404274085e+02,5.078550163112398081e+02,-3.489148712158203125e+01,1.066480326202733260e-02,7.122473383994974531e-03,2.627112783830211142e-35,-1.467481778184878749e+01,-2.031821252214626838e+00,-9.700085449218747158e+00,1.252118384817008101e-04,8.377251350530356966e-05,4.438696515241208977e-36
4.311840148585786210e+02,5.058231950590251813e+02,-4.459157257080077841e+01,1.079001510050903341e-02,7.206245897500278101e-03,3.070982435354332039e-35,-1.255574801975325272e+01,-3.213158369475763720e+00,-7.737184143066407671e+00,6.260040898784305363e-05,4.188362521164064323e-05,3.539489254610238029e-36
4.186282668388253683e+02,5.026100366895494176e+02,-5.232875671386718608e+01,1.085261550949687646e-02,7.248129522711918744e-03,3.424931360815355842e-35,-2.917627162146874298e+01,-8.205993399761212004e+00,-1.774830932617187074e+01,1.251883258448771574e-04,8.376198807666032642e-05,8.133484185629416976e-36
3.894519952173566253e+02,4.944040432897882056e+02,-7.007706604003905682e+01,1.097780383534175362e-02,7.331891510788579071e-03,4.238279779378297540e-35,-1.343151956464129171e+01,-3.435841115748360153e+00,-7.691390991210937500e+00,6.258865480780230472e-05,4.187836315885928862e-05,3.519815795445794500e-36
3.760204756527153336e+02,4.909682021740398454e+02,-7.776845703124999432e+01,1.104039249014955593e-02,7.373769873947438359e-03,4.590261358922876990e-35,-2.763187077693191895e+01,-7.480239564573139432e+00,-1.648226928710937500e+01,1.251648220369390441e-04,8.375146529279817870e-05,7.601811764172340517e-36
3.483886048757834146e+02,4.834879626094667060e+02,-9.425072631835936932e+01,1.116555731218649497e-02,7.457521339240236538e-03,5.350442535340111041e-35,-2.649248176031852609e+01,-6.568389255203953780e+00,-1.451197204589843182e+01,1.251498944579518963e-04,8.374445157226500375e-05,6.662481575269946416e-36
3.218961231154648885e+02,4.769195733542627522e+02,-1.087626983642578011e+02,1.129070720664444687e-02,7.541265790812501542e-03,6.016690692867105683e-35,-7.293279964679527438e+00,-8.878659123046190871e-01,-4.232128906250011369e+00,6.256833763594073228e-05,4.186959600812299731e-05,1.956229229634648308e-36
3.146028431507853611e+02,4.760317074419581331e+02,-1.129948272705078125e+02,1.135327554428038760e-02,7.583135386820624539e-03,6.212313615830570514e-35,-1.162586965098017799e+01,-5.914246510110388044e-01,-6.710812377929684658e+00,1.251264052154980183e-04,8.373393319378863442e-05,3.102685196571772580e-36
3.029769734998051831e+02,4.754402827909470943e+02,-1.197056396484374972e+02,1.147840194949588562e-02,7.666869320014413174e-03,6.522582135487747772e-35,-6.618134138257687482e+00,3.316430454681267292e-01,-4.041998291015616473e+00,9.383416208480141463e-05,6.279547934326216996e-05,1.881364933166647458e-36
2.963588393615474956e+02,4.757719258364152211e+02,-1.237476379394531136e+02,1.157223611158068703e-02,7.729664799357675344e-03,6.710718628804412518e-35,-6.082564457304897587e+00,5.627719388197078842e-01,-3.567120361328136369e+00,9.382535806093730835e-05,6.279227559338480119e-05,1.658994462769685400e-36
2.902762749042425980e+02,4.763346977752349289e+02,-1.273147583007812500e+02,1.166606146964162434e-02,7.792457074951060145e-03,6.876618075081381058e-35,-5.270418637478258006e+00,8.615625848971717460e-01,-3.206671142578130684e+00,9.381655568922210586e-05,6.278759374274585359e-05,1.489144712625480654e-36
2.850058562667643400e+02,4.771962603601321007e+02,-1.305214294433593807e+02,1.175987802533084645e-02,7.855244668693805998e-03,7.025532546343929123e-35,-4.180184962102714508e+00,1.264601072474363264e+00,-2.696508789062505684e+00,9.380701869005775295e-05,6.278439089024701047e-05,1.255740207365144505e-36
2.808256713046616255e+02,4.784608614326064639e+02,-1.332179382324218864e+02,1.185368504402090420e-02,7.918029059584053009e-03,7.151106567080443574e-35,-4.398152911175657209e+00,1.202591678278736254e+00,-2.480310058593744316e+00,9.379895596810933212e-05,6.277971012246495730e-05,1.146143726250184964e-36
2.764275183934859683e+02,4.796634531108852002e+02,-1.356982482910156307e+02,1.194748399998901353e-02,7.980808769706517966e-03,7.265720939705462070e-35,-4.627000358751502063e+00,1.300288750492825329e+00,-2.427191162109380684e+00,9.880767898942134642e-05,6.613418458152782453e-05,1.117128301239082608e-36
2.718005180347344663e+02,4.809637418613780255e+02,-1.381254394531250114e+02,1.204629167897843488e-02,8.046942954288045791e-03,7.377433769829370331e-35,-5.387059720539866703e+00,1.067864597624236467e+00,-2.021496582031232947e+00,9.879791699654583148e-05,6.613055017836919069e-05,9.023204839507289883e-37
2.664134583141945996e+02,4.820316064590022620e+02,-1.401469360351562443e+02,1.214508959597498071e-02,8.113073504466414981e-03,7.467665818224443230e-35,-4.318719053129370877e+00,1.478523045377414746e+00,-1.441265869140636369e+00,9.878815693219016036e-05,6.612543822899497048e-05,6.355245922873386818e-37
2.620947392610652287e+02,4.835101295043796767e+02,-1.415882019042968807e+02,1.224387775290717087e-02,8.179198942695409952e-03,7.531218277453177098e-35,-3.950524205888712004e+00,1.624786869132776701e+00,-1.302453613281244316e+00,9.877766287789968569e-05,6.612106594431309270e-05,5.731361479723987994e-37
2.581442150551765167e+02,4.851349163735124534e+02,-1.428906555175781250e+02,1.234265541578507056e-02,8.245320008639723044e-03,7.588531892250416978e-35,-3.855224046337070831e+00,1.654440417049897860e+00,-1.194085693359369316e+00,9.876864266052803876e-05,6.611669423823088310e-05,5.221812229291502049e-37
2.542889910088394458e+02,4.867893567905623513e+02,-1.440847412109374943e+02,1.244142405844559859e-02,8.311436702877953928e-03,7.640750014543331998e-35,-5.350938824277250205e+00,1.165220602682552453e+00,-3.809936523437329470e-01,9.875888837938308351e-05,6.611306195230398641e-05,9.469158008850260003e-38
2.489380521845621956e+02,4.879545773932449038e+02,-1.444657348632812273e+02,1.254018294682498168e-02,8.377549764830257914e-03,7.650219172552182258e-35,-5.479900933756198356e+00,1.140650489819790891e+00,7.891845703122157829e-02,9.874913602425476611e-05,6.610795251059398137e-05,-1.361874490274887908e-37
2.434581512508059973e+02,4.890952278830646947e+02,-1.443868164062500057e+02,1.263893208284923644e-02,8.443657717340851895e-03,7.636600427649433379e-35,-5.346299874879065328e+00,1.176450711500876878e+00,2.684509277343920530e-01,9.873938559544666316e-05,6.610358253831757902e-05,-2.269622452048616185e-37
2.381118513759269320e+02,4.902716785945655715e+02,-1.441183654785156136e+02,1.273767146844468311e-02,8.509761299879169474e-03,7.613904203128947217e-35,-4.991602177626504044e+00,1.301989078145311396e+00,5.624755859374772626e-01,9.872963709173232516e-05,6.609921314330337305e-05,-3.663455694986527798e-37
2.331202491983004279e+02,4.915736676727108829e+02,-1.435558898925781364e+02,1.283640110553641543e-02,8.575860513022472847e-03,7.577269646179081939e-35,-5.140910024550976232e+00,1.258175305104884956e+00,7.408081054687727374e-01,9.871841954721578827e-05,6.609558297331931398e-05,-4.595264556753500098e-37
2.279793391737494517e+02,4.928318429778157679e+02,-1.428150817871093636e+02,1.293511952508363122e-02,8.641956095995792161e-03,7.531317000611546938e-35,-4.828074977351803909e+00,1.357881676681472527e+00,7.592529296874772626e-01,9.871014600293381847e-05,6.609047603777298829e-05,-4.612988807512142076e-37
2.231512641963976478e+02,4.941897246544972404e+02,-1.420558288574218864e+02,1.303382967108656504e-02,8.708046572033565150e-03,7.485187112536425518e-35,-4.482321608373609934e+00,1.482434398581744972e+00,8.073608398437386313e-01,9.870040327192644569e-05,6.608610837518895387e-05,-4.763369432470745775e-37
2.186689425880240378e+02,4.956721590530789854e+02,-1.412484680175781477e+02,1.313253007435849148e-02,8.774132680408754104e-03,7.437553418211718060e-35,-4.509582752850178622e+00,1.472428842363399326e+00,9.932922363281591061e-01,9.869066246373514595e-05,6.608174129029212307e-05,-5.673688788136833659e-37
2.141593598351738592e+02,4.971445878954423847e+02,-1.402551757812499886e+02,1.323122073682222663e-02,8.840214421699046227e-03,7.380816530330349723e-35,-4.077027614794616284e+00,1.624010652142999334e+00,1.010339355468715894e+00,9.868092357778746049e-05,6.607811323407902782e-05,-5.684433541187382777e-37
2.100823322203792429e+02,4.987685985475853840e+02,-1.392448364257812727e+02,1.332990166040001409e-02,8.906292534933125254e-03,7.323972194918475896e-35,-4.390317510796478473e+00,1.530709513524925569e+00,1.291394042968761369e+00,9.867118661417359493e-05,6.607300880232327978e-05,-7.119776428388663654e-37
2.056920147095827645e+02,5.002993080611103096e+02,-1.379534423828125114e+02,1.342857284701418769e-02,8.972365543735448534e-03,7.252774430634589259e-35,-6.377396438768215603e+00,8.861904367532815741e-01,2.428961181640630684e+00,9.866145157144678990e-05,6.606864344848271953e-05,-1.309900191224309131e-36
1.993146182708145489e+02,5.011854984978635912e+02,-1.355244812011718807e+02,1.352723429858563448e-02,9.038434187183931254e-03,7.121784411512158346e-35,-1.078947578420661557e+01,-5.510890455707908586e-01,5.140570068359380684e+00,9.865024850033016213e-05,6.606501697663073880e-05,-2.729952468315337926e-36
1.885251424866079333e+02,5.006344094522928003e+02,-1.303839111328125000e+02,1.362588454708596464e-02,9.104499204160561993e-03,6.848789164680624553e-35,-1.349345092580608707e+01,-1.382239494230702803e+00,7.022155761718750000e+00,9.864198739312733666e-05,6.605991442161680827e-05,-3.708758145241237066e-36
1.750316915608018462e+02,4.992521699580620975e+02,-1.233617553710937500e+02,1.372452653447909197e-02,9.170559118582178801e-03,6.477913350156500847e-35,-1.333722131543120781e+01,-1.308356803895037501e+00,7.189062500000005684e+00,9.863225811137556198e-05,6.605555079780382755e-05,-3.786997396193044093e-36
1.616944702453706384e+02,4.979438131541670600e+02,-1.161726928710937443e+02,1.382315879259046754e-02,9.236614669379982628e-03,6.099213610537196437e-35,-1.553233773286657993e+01,-1.936812504536476354e+00,8.926669311523426131e+00,9.862253074824182952e-05,6.605118775021394384e-05,-4.689855117796295192e-36
1.461621325125040585e+02,4.960070006496305837e+02,-1.072460235595703182e+02,1.392178132333870937e-02,9.302665857130196572e-03,5.630228098757566918e-35,-1.837051855826770463e+01,-2.891578538273108734e+00,1.118661193847657387e+01,9.861280530402971589e-05,6.604756338911277336e-05,-5.854958282228314547e-36
1.277916139542363538e+02,4.931154221113574749e+02,-9.605941162109374432e+01,1.402039412864273908e-02,9.368713420519309346e-03,5.044732270534735463e-35,-2.143376321059763256e+01,-4.282020288604655889e+00,1.418433227539061647e+01,9.860308177751624104e-05,6.604246333516763934e-05,-7.404870542661528364e-36
1.063578507436387213e+02,4.888334018227528190e+02,-8.187507934570312784e+01,1.411899721042025532e-02,9.434755883854476985e-03,4.304245216268582627e-35,-1.037936925304154556e+01,-6.589704552210378097e-01,7.330764770507826711e+00,9.859336016813241566e-05,6.603810201623663834e-05,-3.823093337957941470e-36
9.597848149059717571e+01,4.881744313675317812e+02,-7.454431457519530113e+01,1.421759057058838774e-02,9.500793985870713623e-03,3.921935882472788480e-35,-5.415698877675652056e+00,1.161001834517037423e+00,3.990765380859357947e+00,9.858217154050732955e-05,6.603374127307250208e-05,-2.077082446691153309e-36
9.056278261292152365e+01,4.893354332020488187e+02,-7.055354919433594318e+01,1.431617274212889507e-02,9.566827727143786125e-03,3.714227637803673149e-35,-3.864573878654923078e+00,1.698332259624464768e+00,2.889282226562500000e+00,9.857392284460045340e-05,6.603011902165528690e-05,-1.501889183604808023e-36
8.669820873426660057e+01,4.910337654616732834e+02,-6.766426696777344318e+01,1.441474666497349552e-02,9.632857846165441412e-03,3.564038719443192347e-35,-2.340807830607104734e+00,2.229605366435237102e+00,1.759759521484383527e+00,9.856420698405900238e-05,6.602502146619421142e-05,-9.140547644723131080e-37
8.435740090365949584e+01,4.932633708281085205e+02,-6.590450744628905966e+01,1.451331087195755452e-02,9.698882867631635624e-03,3.472633242995961036e-35,-1.918958500769065267e+00,2.371949718299447341e+00,1.440670776367184658e+00,9.855449303837991726e-05,6.602066245031505687e-05,-7.484845484490739600e-37
8.243844240289043057e+01,4.956353205464079679e+02,-6.446383666992187500e+01,1.461186536499593444e-02,9.764903530081950681e-03,3.397784788151053640e-35,-1.693178139688527040e+00,2.429705356439171737e+00,1.257403564453127842e+00,9.854478100765687310e-05,6.601630401041093388e-05,-6.530973144771681619e-37
8.074526426320190353e+01,4.980650259028471396e+02,-6.320643310546874716e+01,1.471041014600359131e-02,9.830919834092361614e-03,3.332475056703336824e-35,-1.605166405822046727e+00,2.447380643365306696e+00,1.188110351562500000e+00,9.853507089044831468e-05,6.601268386630110285e-05,-6.170381069107361200e-37
7.914009785737985680e+01,5.005124065462124463e+02,-6.201832275390624716e+01,1.480894521689403963e-02,9.896932517958662717e-03,3.270771246012263212e-35,-1.586737658168615894e+00,2.439315142423595262e+00,1.182336425781244316e+00,9.852536268706302280e-05,6.600758880738813450e-05,-6.141338093447396480e-37
7.755336019921124091e+01,5.029517216886360416e+02,-6.083598632812500284e+01,1.490747057958110265e-02,9.962940106766050852e-03,3.209357865077789247e-35,-1.441091295696850239e+00,2.508138670437176643e+00,1.067144775390630684e+00,9.851565639627801740e-05,6.600323209340203112e-05,-5.541216084928931337e-37
7.611226890351439067e+01,5.054598603590732182e+02,-5.976884155273437216e+01,1.500598623597738067e-02,1.002894333885945288e-02,3.153945704228499934e-35,-1.217525477814390911e+00,2.585163470217707982e+00,8.925415039062443157e-01,9.850448423981417179e-05,6.599887595405522223e-05,-4.632090590712940102e-37
7.489474342569999976e+01,5.080450238292909262e+02,-5.887630004882812784e+01,1.510449072021719484e-02,1.009494221481350811e-02,3.107624798321370533e-35,-1.126168601365876043e+00,2.614110208259830870e+00,8.339141845703181843e-01,9.849624969525232199e-05,6.599525791596561053e-05,-4.325337074671188575e-37
7.376857482433412372e+01,5.106591340375507571e+02,-5.804238586425780966e+01,1.520298696991244716e-02,1.016093747272947372e-02,3.064371427574658647e-35,-1.075292459160451131e+00,2.626634952727044947e+00,8.039611816406235789e-01,9.848654913972854086e-05,6.599016535212276491e-05,-4.167678486641967854e-37
7.269328236517367259e+01,5.132857689902778020e+02,-5.723842468261718608e+01,1.530147351905217570e-02,1.022692763808159648e-02,3.022694642708238968e-35,-1.064429434053238310e+00,2.629838489539110924e+00,7.973937988281250000e-01,9.847685049454470152e-05,6.598581093732527880e-05,-4.132826915849999498e-37
7.162885293112043428e+01,5.159156074798169129e+02,-5.644103088378906108e+01,1.539995036954672041e-02,1.029291344901892176e-02,2.981366373549738973e-35,-1.055596358757554754e+00,2.593031025518371280e+00,8.080505371093735789e-01,9.846715375913875357e-05,6.598219447746453414e-05,-4.190017471082356452e-37
7.057325657236287952e+01,5.185086385053352842e+02,-5.563298034667968750e+01,1.549841752330585916e-02,1.035889564349638629e-02,2.939466198838915409e-35,-1.012353622000645714e+00,2.598943724566424862e+00,7.707153320312443157e-01,9.845745893360263734e-05,6.597710378349400107e-05,-3.997323641268894157e-37
6.956090295036223381e+01,5.211075822299017091e+02,-5.486226501464844318e+01,1.559687498223946180e-02,1.042487274727988029e-02,2.899492962426226467e-35,-1.022939441875323041e+00,2.586354256439562960e+00,7.710372924804715922e-01,9.844776601649653236e-05,6.597275109222755507e-05,-4.002259799187386184e-37
6.853796350848691077e+01,5.236939364863412720e+02,-5.409122772216797159e+01,1.569532274825595833e-02,1.049084549837210785e-02,2.859470364434352605e-35,-1.013215005529076507e+00,2.578598169571478138e+00,7.753402709960965922e-01,9.843660824175939905e-05,6.596839897568020084e-05,-4.023014621319070816e-37
6.752474850295783426e+01,5.262725346559127502e+02,-5.331588745117187500e+01,1.579375935649771773e-02,1.055681389734778805e-02,2.819240218221161897e-35,-9.287185002661288991e-01,2.593097531636203712e+00,6.883804321289090922e-01,9.842838605143497399e-05,6.596478461839798413e-05,-3.576005343770048594e-37
6.659603000269170536e+01,5.288656321875489539e+02,-5.262750701904296591e+01,1.589218774254915270e-02,1.062277868196618603e-02,2.783480164783461411e-35,-9.022344582585049011e-01,2.584748555826877237e+00,6.606613159179630657e-01,9.841869885796050710e-05,6.595969641568812103e-05,-3.431984326920321640e-37
6.569379554443320046e+01,5.314503807433758311e+02,-5.196684570312500284e+01,1.599060644140711321e-02,1.068873837838187416e-02,2.749160321514258195e-35,-8.519311091016277260e-01,2.603840235577649764e+00,6.113281250000000000e-01,9.840901357065917621e-05,6.595534602130657953e-05,-3.177163783955903453e-37
6.484186443533157274e+01,5.340542209789534809e+02,-5.135551757812500284e+01,1.608901545497777238e-02,1.075469372440318074e-02,2.717388683674699160e-35,-7.340981015382084252e-01,2.639816522470255222e+00,4.892837524414090922e-01,9.839933018985363988e-05,6.595099620053043732e-05,-2.549697756456428500e-37
6.410776633379336431e+01,5.366940375014237361e+02,-5.086623382568359375e+01,1.618741478516762602e-02,1.082064472060371117e-02,2.691891706110134875e-35,-6.420563901929980943e-01,2.657930996086179221e+00,3.892990112304701711e-01,9.838964871431224446e-05,6.594738394411110705e-05,-2.037163852398647475e-37
6.346570994360036622e+01,5.393519684975099153e+02,-5.047693481445312358e+01,1.628580443388193827e-02,1.088659210454782228e-02,2.671520067586148401e-35,-5.073450373287684556e-01,2.699793169044482966e+00,2.554504394531207367e-01,9.837996914348334787e-05,6.594229823140250468e-05,-1.347731823866642789e-37
6.295836490627159776e+01,5.420517616665543983e+02,-5.022148437500000284e+01,1.638418440302542162e-02,1.095253440277922478e-02,2.658042749347481973e-35,-4.663569934239077952e-01,2.708043585622704086e+00,2.120056152343750000e-01,9.836882572081609433e-05,6.593795013142868255e-05,-1.125306252171923929e-37
6.249200791284768997e+01,5.447598052521771024e+02,-5.000947875976562784e+01,1.648255322874623771e-02,1.101847235291065347e-02,2.646789686825762733e-35,-4.988801290207334205e-01,2.673489722950648684e+00,3.106842041015625000e-01,9.836061585917141303e-05,6.593360260460749689e-05,-1.627715292778265040e-37
6.199312778382695654e+01,5.474332949751277511e+02,-4.969879455566406534e+01,1.658091384460540912e-02,1.108440595551526096e-02,2.630512533897980083e-35,-5.266341739562108160e-01,2.635966824008164622e+00,4.154510498046875000e-01,9.835094199994037778e-05,6.592999244799634118e-05,-2.139767060481195229e-37
6.146649360987074573e+01,5.500692617991359157e+02,-4.928334350585937784e+01,1.667926478660534950e-02,1.115033594796325730e-02,2.609114863293168131e-35,-5.115944103571550272e-01,2.615570096466058203e+00,4.540222167968792633e-01,9.834127004316670084e-05,6.592490922271293519e-05,-2.372501166619573766e-37
6.095489919951359070e+01,5.526848318956019739e+02,-4.882932128906249858e+01,1.677760605664851620e-02,1.121626085718597024e-02,2.585389851626972393e-35,-4.358605052767074994e-01,2.644946859906326608e+00,3.789184570312471578e-01,9.833159998895099618e-05,6.592056341533231167e-05,-1.963557702228049592e-37
6.051903869423688320e+01,5.553297787555083005e+02,-4.845040283203125142e+01,1.687593765663746720e-02,1.128218142060130255e-02,2.565754274604691897e-35,-4.608973598679142469e-01,2.594522579653698813e+00,5.150711059570269867e-01,9.832193183584997387e-05,6.591621818131075672e-05,-2.656295808621827490e-37
6.005814133436896896e+01,5.579243013351619993e+02,-4.793533172607422443e+01,1.697425958847331717e-02,1.134809763878261331e-02,2.539191316518473622e-35,-4.529490044157640227e-01,2.569968321910323539e+00,4.876068115234417633e-01,9.831226558418629247e-05,6.591261012213640857e-05,-2.520907328410919637e-37
5.960519232995320493e+01,5.604942696570723228e+02,-4.744772491455078267e+01,1.707257185405750347e-02,1.141401024890474972e-02,2.513982243234364426e-35,-5.764537436918715230e-01,2.424200601485836160e+00,8.702926635742187500e-01,9.830260123273870665e-05,6.590752938236306424e-05,-4.473789154210549296e-37
5.902873858626133341e+01,5.629184702585581590e+02,-4.657743225097656392e+01,1.717087445529024217e-02,1.147991777828711278e-02,2.469244351692258933e-35,-6.889041996707234716e-01,2.306510247490109577e+00,1.166442871093750000e+00,9.829147417705907941e-05,6.590318586642031351e-05,-5.986227940436581396e-37
5.833983438659060994e+01,5.652249805060482686e+02,-4.541098937988281392e+01,1.726916592946730125e-02,1.154582096415353309e-02,2.409382072287893119e-35,-6.826128664750470421e-01,2.310563639465158303e+00,1.147576904296876421e+00,9.828327837263159394e-05,6.589884292250609843e-05,-5.889020067753288898e-37
5.765722152011556290e+01,5.675355441455134269e+02,-4.426341247558593750e+01,1.736744920783993285e-02,1.161171980707603919e-02,2.350491871610360230e-35,-8.952593895175908756e-01,2.060446635540188254e+00,1.725540161132812500e+00,9.827361971931694584e-05,6.589523695950047499e-05,-8.847523535357036658e-37
5.676196213059797202e+01,5.695959907810536151e+02,-4.253787231445312500e+01,1.746572282755924979e-02,1.167761504403553967e-02,2.262016636256789863e-35,-1.014855708717803395e+00,1.880780111024819234e+00,2.041348266601559658e+00,9.826396296397713059e-05,6.589015870375920791e-05,-1.047741992116905399e-36
5.574710642188016863e+01,5.714767708920784344e+02,-4.049652404785156534e+01,1.756398679052322692e-02,1.174350520273929888e-02,2.157242437045099324e-35,-1.045794579417993475e+00,1.840607120763820603e+00,2.122392272949227277e+00,9.825430810606397558e-05,6.588581747656724330e-05,-1.088934803918571288e-36
5.470131184246217515e+01,5.733173780128422550e+02,-3.837413177490233807e+01,1.766224109862929090e-02,1.180939102021586612e-02,2.048348956653242195e-35,-1.276306601563526044e+00,1.514186157982749137e+00,2.709419250488281250e+00,9.824465514565380864e-05,6.588221308440403434e-05,-1.391601640381273496e-36
5.342500524089864911e+01,5.748315641708250041e+02,-3.566471252441405682e+01,1.776048575377494471e-02,1.187527323330027015e-02,1.909188792615114845e-35,-1.221867236343022967e+00,1.563794950145961593e+00,2.602095031738272723e+00,9.823500408133109540e-05,6.587713669026912244e-05,-1.336377512710365318e-36
5.220313800455562614e+01,5.763953591209709657e+02,-3.306261749267578409e+01,1.785872075785627580e-02,1.194115036999053928e-02,1.775551041344078313e-35,-1.187707099295941759e+00,1.591274693215041225e+00,2.532937622070313921e+00,9.822389131648734395e-05,6.587279717878286034e-05,-1.300883093445304387e-36
5.101543090525968438e+01,5.779866338141860069e+02,-3.052967987060547017e+01,1.795694464917276315e-02,1.200702316716932214e-02,1.645462731999547875e-35,-1.164359603147879341e+00,1.607837742898027500e+00,2.491511535644534092e+00,9.821570778417373915e-05,6.586845823941187006e-05,-1.279644987015065876e-36
4.985107130211180504e+01,5.795944715570840344e+02,-2.803816833496093608e+01,1.805516035695693688e-02,1.207289162540873401e-02,1.517498233298041287e-35,-1.133372814169192111e+00,1.626529704139898058e+00,2.448208618164059658e+00,9.820606240645499141e-05,6.586485593998783750e-05,-1.257324369673864508e-36
4.871769848794261293e+01,5.812210012612239325e+02,-2.558995971679687642e+01,1.815336641936339188e-02,1.213875648134872184e-02,1.391765796330654836e-35,-1.095303092237443821e+00,1.641319674563760600e+00,2.382228851318359375e+00,9.819641892258590410e-05,6.585978202610330567e-05,-1.223523167369213868e-36
4.762239539570516911e+01,5.828623209357876931e+02,-2.320773086547851705e+01,1.825156283828597778e-02,1.220461626337482515e-02,1.269413479593733450e-35,-1.054971699879004632e+00,1.681026156370307945e+00,2.292745208740235796e+00,9.818677733287525800e-05,6.585544480108146415e-05,-1.177785646451430458e-36
4.656742369582616448e+01,5.845433470921580010e+02,-2.091498565673828125e+01,1.834974961561885304e-02,1.227047170817590661e-02,1.151634914948590404e-35,-1.039739464969684946e+00,1.700175807308596632e+00,2.268455505371093750e+00,9.817713763611915501e-05,6.585110814706120197e-05,-1.165019364541766635e-36
4.552768423085647953e+01,5.862435228994665977e+02,-1.864653015136718750e+01,1.844792675325497219e-02,1.233632281632296782e-02,1.035132978494413740e-35,-1.017271418215237588e+00,1.708354512673508907e+00,2.238526916503907671e+00,9.816749983174513638e-05,6.584750793867458207e-05,-1.149568042313184614e-36
4.451041281264124194e+01,5.879518774121401066e+02,-1.640800323486327983e+01,1.854609425308671733e-02,1.240217032426164240e-02,9.201761742630952788e-36,-1.024825308118721523e+00,1.685485150468821303e+00,2.277443313598631391e+00,9.815640132833369780e-05,6.584243650378795998e-05,-1.169630080420749049e-36
4.348558750452252042e+01,5.896373625626089279e+02,-1.413055992126464844e+01,1.864425065441505103e-02,1.246801276076543036e-02,8.032131662210203739e-36,-1.015142197320201944e+00,1.682290363568995417e+00,2.278815841674804332e+00,9.814823004281048036e-05,6.583810156276549697e-05,-1.170202904328033450e-36
4.247044530720231847e+01,5.913196529261779233e+02,-1.185174407958984411e+01,1.874239888445786151e-02,1.253385086232819585e-02,6.861928757882170289e-36,-9.937665043803107778e-01,1.710938922885134161e+00,2.234190750122071023e+00,9.813859791311940750e-05,6.583376719229185048e-05,-1.147143585214614181e-36
4.147667880282200770e+01,5.930305918490630575e+02,-9.617553329467773082e+00,1.884053748237098092e-02,1.259968462952048771e-02,5.714785172667556109e-36,-9.837985441108187956e-01,1.725499707391122683e+00,2.193009757995605824e+00,9.812896767358997296e-05,6.582943339291866258e-05,-1.126269376937902511e-36
4.049288025871118890e+01,5.947560915564541801e+02,-7.424543571472167258e+00,1.893866645004457089e-02,1.266551406291340637e-02,4.588515795729653598e-36,-9.638867216108124580e-01,1.778637246158837115e+00,2.121290397644042258e+00,9.811933932432279071e-05,6.582510016365193672e-05,-1.089254506239572364e-36
3.952899353710037644e+01,5.965347288026130173e+02,-5.303253173828125000e+00,1.903678578936889368e-02,1.273133916307705830e-02,3.499261289490081234e-36,-9.212794248135338648e-01,1.848354209967055795e+00,2.029067611694336026e+00,9.810971286389191803e-05,6.582223867352722524e-05,-1.041228559551900607e-36
3.860771411228684258e+01,5.983830830125800730e+02,-3.274185562133788974e+00,1.913489550223278560e-02,1.279716140175058553e-02,2.458032729938180626e-36,-9.024246164519098556e-01,1.866347707781415011e+00,1.995832037925720170e+00,9.810008829260613572e-05,6.581643532013563280e-05,-1.024016004698563410e-36
3.770528949583493272e+01,6.002494307203614881e+02,-1.278353524208068803e+00,1.923299559052539173e-02,1.286297783707072116e-02,1.434016725239617216e-36,-7.790081123882401926e-01,2.014187308396003573e+00,1.755793881416320756e+00,9.809046560926154568e-05,6.581210380206085897e-05,-9.000356096316679248e-37
3.692628138344669253e+01,6.022636180287574916e+02,4.774403572082519531e-01,1.933108605613465328e-02,1.292878994087278202e-02,5.339811156079492913e-37,-5.928590463523306653e-01,2.210632414970746140e+00,1.343520069122314586e+00,9.807938336954188929e-05,6.580777285386356368e-05,-6.880032870386293687e-37
3.633342233709436186e+01,6.044742504437282378e+02,1.820960426330566539e+00,1.942916543950419517e-02,1.299459771372664559e-02,-1.540221714306801192e-37,-5.209626857822229340e-01,2.281363454621214260e+00,1.184262847900390492e+00,9.807122604792509191e-05,6.580344247608324593e-05,-6.065416863689039328e-37
3.581245965131213893e+01,6.067556138983494520e+02,3.005223274230957031e+00,1.952723666555212026e-02,1.306040115620272883e-02,-7.605638577995840102e-37,-5.194565339655383696e-01,2.280223727968063940e+00,1.178653526306152166e+00,9.806160902590607686e-05,6.579911266773805223e-05,-6.035816955967411681e-37
3.529300311734660056e+01,6.090358376263175160e+02,4.183876800537109197e+00,1.962529827457802634e-02,1.312620026887046688e-02,-1.364145553396325178e-36,-5.260020658540511818e-01,2.265131335842283988e+00,1.169386482238770064e+00,9.805199388961474694e-05,6.579478342958779147e-05,-5.993616393088375855e-37
3.476700105149254938e+01,6.113009689621598000e+02,5.353263282775879262e+00,1.972335026846764108e-02,1.319199505230005467e-02,-1.963507192705162764e-36,-4.019845619596082997e-01,1.860429991277442241e+00,8.995359420776365411e-01,7.927731989166089677e-05,5.319856224308104620e-05,-4.607452849009280636e-37
