Sigma_1,Sigma_2,Sigma_12,Epsilon_1,Epsilon_2,Epsilon_12,dSigma_1,dSigma_2,dSigma_12,dEpsilon_1,dEpsilon_2,dEpsilon_12
-0.000000000000000000e+00,-0.000000000000000000e+00,-0.000000000000000000e+00,0.000000000000000000e+00,0.000000000000000000e+00,0.000000000000000000e+00,1.057457259325780363e+01,1.477083687758169361e+01,1.099099464416503835e+01,1.333241062473146973e-04,1.999800121638574792e-04,1.333329943008720821e-04
1.057457259325780363e+01,1.477083687758169361e+01,1.099099464416503835e+01,1.333241062473146973e-04,1.999800121638574792e-04,1.333329943008720821e-04,5.284485416959476822e+00,7.382328074868635071e+00,5.489547348022462359e+00,6.665539379159600257e-05,9.997499944099476950e-05,6.666650297120215135e-05
1.585905801021728045e+01,2.215316495245032868e+01,1.648054199218750071e+01,1.999795000389106999e-04,2.999550116048522487e-04,1.999994972720742334e-04,5.283207132921416971e+00,7.380659235122280393e+00,5.486463928222658382e+00,6.665093950772614040e-05,9.996502871346707886e-05,6.666649132966993071e-05
2.114226514313869743e+01,2.953382418757260908e+01,2.196700592041015909e+01,2.666304395466368403e-04,3.999200403183193276e-04,2.666659886017441641e-04,5.281923874036586142e+00,7.378989450320734278e+00,5.483378601074214487e+00,6.664652073144885841e-05,9.995499016253158245e-05,6.666651461273431778e-05
2.642418901717528357e+01,3.691281363789334335e+01,2.745038452148437358e+01,3.332769602780856987e-04,4.998750304808509100e-04,3.333325032144784819e-04,5.280638690217472231e+00,7.377321779207619556e+00,5.480291748046873579e+00,6.664205599510791356e-05,9.994504669895497122e-05,6.666649132966998492e-05
3.170482770739275580e+01,4.429013541710096291e+01,3.293067626953124716e+01,3.999190162731936123e-04,5.998200771798058812e-04,3.999989945441484668e-04,5.279354635838462428e+00,7.375650110747976385e+00,5.477207946777348013e+00,6.663761512720566124e-05,9.993505868506125708e-05,6.666649132966993071e-05
3.698418234323121823e+01,5.166578552784893930e+01,3.840788421630859517e+01,4.665566314003992735e-04,6.997551358648671383e-04,4.666654858738183975e-04,5.278073237507051374e+00,7.373980553494220658e+00,5.474125671386715908e+00,6.663317485134360616e-05,9.992507266705201192e-05,6.666649132966993071e-05
4.226225558073826960e+01,5.903976608134315995e+01,4.388200988769531108e+01,5.331898062517428797e-04,7.996802085319191502e-04,5.333319772034883282e-04,5.276791444660560160e+00,7.372313102487510150e+00,5.471043395996098013e+00,6.662878170556475309e-05,9.991499559590334614e-05,6.666653789579870485e-05
4.753904702539882976e+01,6.641207918383067010e+01,4.935305328369140909e+01,5.998185879573076328e-04,8.995952041278224964e-04,5.999985150992870331e-04,5.275509250907155945e+00,7.370644721992505310e+00,5.467961120605465908e+00,6.662429607150047780e-05,9.990510662625400919e-05,6.666649132966993071e-05
5.281455627630598570e+01,7.378272390582317541e+01,5.482101440429687500e+01,6.664428840288081106e-04,9.995003107540765055e-04,6.666650064289569638e-04,5.274226662393246556e+00,7.368975394841115190e+00,5.464886474609372158e+00,6.661985757060564020e-05,9.989512659297180089e-05,6.666649132966993071e-05
5.808878293869923226e+01,8.115169930066429060e+01,6.028590087890624716e+01,7.330627415994137508e-04,1.099395437347048306e-03,7.333314977586268945e-04,5.272943677151836539e+00,7.367311237367303534e+00,5.461807250976562500e+00,6.661541966061226231e-05,9.988514855340403092e-05,6.666649132967003913e-05
6.336172661585106880e+01,8.851901053803159414e+01,6.574770812988280966e+01,7.996781612600260131e-04,1.199280585900452337e-03,7.999979890882969336e-04,5.271660295182982736e+00,7.365646140562304822e+00,5.458734130859383527e+00,6.661098234228991083e-05,9.987517250695308706e-05,6.666649132966993071e-05
6.863338691103405154e+01,9.588465667859389896e+01,7.120644226074219318e+01,8.662891436023159239e-04,1.299155758407405424e-03,8.666644804179668643e-04,5.270382625698871948e+00,7.363973992365487220e+00,5.455654907226545447e+00,6.660654561463244614e-05,9.986519845280017980e-05,6.666649132966993071e-05
7.390376953673292348e+01,1.032486306709593862e+02,7.666209716796873863e+01,9.328956892169483700e-04,1.399020956860205604e-03,9.333309717476367950e-04,5.268670777750074308e+00,7.362105287251722530e+00,5.452029418945329553e+00,6.660210947818793244e-05,9.985513339833408490e-05,6.666649132967003913e-05
7.917244031448299779e+01,1.106107359582111087e+02,8.211412658691406818e+01,9.994977986951363025e-04,1.498876090258539689e-03,9.999974630773068342e-04,5.263921764690394411e+00,7.358731746052271205e+00,5.444567871093738631e+00,6.659767393283775802e-05,9.984534931301090703e-05,6.666649132966982229e-05
8.443636207917339220e+01,1.179694677042633799e+02,8.755869445800780682e+01,1.066095472627974061e-03,1.598721439571550596e-03,1.066663954406976656e-03,5.260607622847956577e+00,7.355809151777847887e+00,5.438674926757812500e+00,6.659333200475917904e-05,9.983528824037877190e-05,6.666658446192737057e-05
8.969696970202134878e+01,1.253252768560412278e+02,9.299736938476561932e+01,1.132688804632733240e-03,1.698556727811929368e-03,1.133330538868904027e-03,5.256388258511520917e+00,7.352665106352816338e+00,5.432324218750011369e+00,6.658880460742389387e-05,9.982513622067449785e-05,6.666649132967003913e-05
9.495335796053286970e+01,1.326779419623940441e+02,9.842969360351563068e+01,1.199277609240157133e-03,1.798381864032603866e-03,1.199997030198574066e-03,5.251648463395341082e+00,7.349360735366104791e+00,5.425323486328125000e+00,6.658437083376296008e-05,9.981535806883657692e-05,6.666649132967003913e-05
1.002050064239282108e+02,1.400273026977601489e+02,1.038550170898437557e+02,1.265861980073920093e-03,1.898197222101440443e-03,1.266663521528244105e-03,5.247689873520371862e+00,7.345895904063326043e+00,5.418835449218747158e+00,6.657993765072441235e-05,9.980539595727186408e-05,6.666649132966982229e-05
1.054526962974485826e+02,1.473731986018234750e+02,1.092738525390625028e+02,1.332441917724644506e-03,1.998002618058712307e-03,1.333330012857913928e-03,5.241034934780230969e+00,7.341316424322968714e+00,5.409680175781247158e+00,6.657550505752523988e-05,9.979543583449714331e-05,6.666649132967003913e-05
1.106937312322288136e+02,1.547145150261464437e+02,1.146835327148437500e+02,1.399017422782169746e-03,2.097798053893209450e-03,1.399996504187583967e-03,5.234763612985943837e+00,7.333774534914311971e+00,5.395837402343744316e+00,6.657107305493435885e-05,9.978547769925192115e-05,6.666649132966982229e-05
1.159284948452147574e+02,1.620482895610607557e+02,1.200793701171874943e+02,1.465588495837104105e-03,2.197583531592461371e-03,1.466662995517253789e-03,5.229187767266822107e+00,7.327172053464209966e+00,5.383911132812500000e+00,6.656664164194736437e-05,9.977552155116279839e-05,6.666649132967003913e-05
1.211576826124815796e+02,1.693754616145249656e+02,1.254632812499999943e+02,1.532155137479051469e-03,2.297359053143624170e-03,1.533329486846923828e-03,5.220786333183454531e+00,7.318670527824224337e+00,5.369036865234392053e+00,6.656221081911134485e-05,9.976556738963563223e-05,6.666649132967003913e-05
1.263784689456650341e+02,1.766941321423491900e+02,1.308323181152343864e+02,1.598717348298162814e-03,2.397124620533259802e-03,1.599995978176593867e-03,5.215305425622588587e+00,7.312405492662293227e+00,5.359558105468750000e+00,6.655778058630812226e-05,9.975561521385336791e-05,6.666649132966982229e-05
1.315937743712876227e+02,1.840065376350114832e+02,1.361918762207031364e+02,1.665275128884470936e-03,2.496880235747113170e-03,1.666662469506263690e-03,5.209542036783602725e+00,7.305538447002021485e+00,5.349511718749994316e+00,6.655335094275576999e-05,9.974566502388756278e-05,6.666649132967003913e-05
1.368033164080712254e+02,1.913120760820135047e+02,1.415413879394531307e+02,1.731828479827226706e-03,2.596625900771000733e-03,1.733328960835933729e-03,5.199191482441477774e+00,7.294078914768675759e+00,5.331787109374971578e+00,6.654892188922212001e-05,9.973571681847880760e-05,6.666649132966982229e-05
1.420025078905127032e+02,1.986061549967821804e+02,1.468731750488281023e+02,1.798377401716448826e-03,2.696361617589479540e-03,1.799995452165603551e-03,5.188202772997499324e+00,7.282297247524923023e+00,5.313604736328159106e+00,6.654449342470385165e-05,9.972577059725457049e-05,6.666649132967003913e-05
1.471907106635102025e+02,2.058884522443071035e+02,1.521867797851562614e+02,1.864921895141152678e-03,2.796087388186734111e-03,1.866661943495273590e-03,5.180318312405120196e+00,7.271307340007666653e+00,5.299719238281227263e+00,6.654006554974783647e-05,9.971564063366786246e-05,6.666649132967003913e-05
1.523710289759153227e+02,2.131597595843147701e+02,1.574864990234374886e+02,1.931461960690900514e-03,2.895803028820401973e-03,1.933328434824943629e-03,5.169459899195629760e+00,7.258330317941442900e+00,5.282604980468761369e+00,6.653563826423633011e-05,9.970588412350385454e-05,6.666649132967003913e-05
1.575404888751109524e+02,2.204180899022562130e+02,1.627691040039062500e+02,1.997997598955136844e-03,2.995508912943905828e-03,1.999994926154613668e-03,5.156152729494522191e+00,7.243977517885781481e+00,5.263250732421880684e+00,6.653121156738718914e-05,9.969594385104973977e-05,6.666649132966960545e-05
1.626966416046054746e+02,2.276620674201419945e+02,1.680323547363281307e+02,2.064528810522524033e-03,3.095204856794955568e-03,2.066661417484283274e-03,5.139026048102721234e+00,7.222321365444628327e+00,5.236004638671857947e+00,6.652678545996824552e-05,9.968619123126333526e-05,6.666649132967003913e-05
1.678356676527081959e+02,2.348843887855866228e+02,1.732683593749999886e+02,2.131055595982492279e-03,3.194891048026218903e-03,2.133327908813953313e-03,5.118727267534836756e+00,7.198698605118380556e+00,5.206811523437522737e+00,6.652254579665511577e-05,9.967588358123337725e-05,6.666667759418513570e-05
1.729543949202430326e+02,2.420830873907050034e+02,1.784751708984375114e+02,2.197578141779147395e-03,3.294566931607452280e-03,2.199994586408138449e-03,5.087926863634180563e+00,7.162281058513428889e+00,5.164227294921857947e+00,6.651793499859795511e-05,9.966632055647848751e-05,6.666649132966960545e-05
1.780423217838772132e+02,2.492453684492184323e+02,1.836393981933593693e+02,2.264096076777745350e-03,3.394233252163930768e-03,2.266661077737808054e-03,5.053620852130848107e+00,7.115758214744602128e+00,5.114868164062500000e+00,6.651351065743976027e-05,9.965601694112693684e-05,6.666649132967003913e-05
1.830959426360080613e+02,2.563611266639630344e+02,1.887542663574218693e+02,2.330609587435185110e-03,3.493889269105057704e-03,2.333327569067478093e-03,5.017986337235669225e+00,7.066256391062665898e+00,5.063995361328125000e+00,6.650908690435542586e-05,9.964608660902344803e-05,6.666649132967003913e-05
1.881139289732437305e+02,2.634273830550257003e+02,1.938182617187499943e+02,2.397118674339540536e-03,3.593535355714081152e-03,2.399994060397148132e-03,4.991094135131731946e+00,7.026957780576935875e+00,5.024816894531255684e+00,6.650466373989399188e-05,9.963652941138122221e-05,6.666649132967003913e-05
1.931050231083754625e+02,2.704543408356026362e+02,1.988430786132812500e+02,2.463623338079434528e-03,3.693171885125462375e-03,2.466660551726818171e-03,4.964796094822418127e+00,6.988455531992258329e+00,4.985180664062511369e+00,6.650024116393662976e-05,9.962623184377097235e-05,6.666649132967003913e-05
1.980698192031978806e+02,2.774427963675948945e+02,2.038282592773437614e+02,2.530123579243371158e-03,3.792798116969233347e-03,2.533327043056488211e-03,4.937513574552951923e+00,6.946951431078957739e+00,4.944024658203119316e+00,6.649581917570141290e-05,9.961667852832105721e-05,6.666649132966960545e-05
2.030073327777508325e+02,2.843897477986738522e+02,2.087722839355468807e+02,2.596619398419072570e-03,3.892414795497554404e-03,2.599993534386157816e-03,4.912587720135519476e+00,6.906806960542269280e+00,4.902410888671880684e+00,6.649139777595855852e-05,9.960638498917890465e-05,6.666649132967003913e-05
2.079199204978863520e+02,2.912965547592161215e+02,2.136746948242187614e+02,2.663110796195031129e-03,3.992021180486733309e-03,2.666660025715827855e-03,4.887485397633554385e+00,6.861526836912048566e+00,4.855761718749988631e+00,6.648697696370322804e-05,9.959683555314444159e-05,6.666649132967003913e-05
2.128074058955199064e+02,2.981580815961281701e+02,2.185304565429687500e+02,2.729597773158734357e-03,4.091618016039877750e-03,2.733326517045497894e-03,4.858436268532045688e+00,6.801620662066511613e+00,4.792919921875011369e+00,6.648255673948272673e-05,9.958654604051968978e-05,6.666649132967003913e-05
2.176658421640519521e+02,3.049597022581946817e+02,2.233233764648437614e+02,2.796080329898217084e-03,4.191204562080397440e-03,2.799993008375167933e-03,4.783057395311004711e+00,6.713082684585401694e+00,4.658349609374965894e+00,6.647813710318082811e-05,9.957700048201113124e-05,6.666649132967003913e-05
2.224488995593629568e+02,3.116727849427800834e+02,2.279817260742187273e+02,2.862558467001397912e-03,4.290781562562408571e-03,2.866659499704837973e-03,4.734475177207002616e+00,6.646636006695132437e+00,4.566162109375000000e+00,6.647371805401560557e-05,9.956671499307227780e-05,6.666649132966960545e-05
2.271833747365699594e+02,3.183194209494752158e+02,2.325478881835937273e+02,2.929032185055413517e-03,4.390348277555480849e-03,2.933325991034507578e-03,4.687842129036056349e+00,6.579997650841562518e+00,4.468957519531272737e+00,6.646929959275467426e-05,9.955717330953697819e-05,6.666649132967003913e-05
2.318712168656060157e+02,3.248994186003167783e+02,2.370168457031250000e+02,2.995501484648168192e-03,4.489905450865017827e-03,2.999992482364177617e-03,4.644481173963526999e+00,6.517287506148420562e+00,4.386499023437522737e+00,6.646488171839623135e-05,9.954689184211475139e-05,6.666649132967003913e-05
2.365156980395695427e+02,3.314167061064651989e+02,2.414033447265625227e+02,3.061966366366564423e-03,4.589452342707132579e-03,3.066658973693847656e-03,4.597560362996460981e+00,6.459537711484244937e+00,4.305676269531232947e+00,6.646065011424234434e-05,9.953698324480144549e-05,6.666667759418470202e-05
2.411132584025660037e+02,3.378762438179494438e+02,2.457090209960937557e+02,3.128427016480806767e-03,4.688989325951934024e-03,3.133325651288032358e-03,4.559643065131325557e+00,6.408173071346539018e+00,4.236181640624977263e+00,6.645586204915556947e-05,9.952744736913595597e-05,6.666630506515537624e-05
2.456729014676973293e+02,3.442844168892959829e+02,2.499452026367187329e+02,3.194882878529962337e-03,4.788516773321069980e-03,3.199991956353187735e-03,4.526666017995950142e+00,6.358534352609297002e+00,4.172802734375039790e+00,6.645181727696260893e-05,9.951717192973382614e-05,6.666667759418470202e-05
2.501995674856932794e+02,3.506429512419052799e+02,2.541180053710937727e+02,3.261334695806924946e-03,4.888033945250803806e-03,3.266658633947372437e-03,4.485721073603542663e+00,6.293692827525035227e+00,4.097937011718727263e+00,6.644703043510091431e-05,9.950763992344451025e-05,6.666630506515494256e-05
2.546852885592968221e+02,3.569366440694303151e+02,2.582159423828125000e+02,3.327781726242025860e-03,4.987541585174248317e-03,3.333324939012527379e-03,4.460470657379829618e+00,6.251161411245846011e+00,4.060290527343738631e+00,6.644298678719698370e-05,9.949736849937558525e-05,6.666667759418513570e-05
2.591457592166766517e+02,3.631878054806761611e+02,2.622762329101562386e+02,3.394224713029222844e-03,5.087038953673623902e-03,3.399991616606712515e-03,4.433034514936991854e+00,6.210384148594698672e+00,4.018078613281261369e+00,6.643820116785737265e-05,9.948784035969555906e-05,6.666630506515494256e-05
2.635787937316136436e+02,3.693981896292708598e+02,2.662943115234375000e+02,3.460662914197080216e-03,5.186526794033319461e-03,3.466657921671867457e-03,4.385135208998178769e+00,6.165863469906980754e+00,3.950695800781261369e+00,6.643415864423032891e-05,9.947757294902128539e-05,6.666667759418470202e-05
2.679639289406118223e+02,3.755640530991778405e+02,2.702450073242187614e+02,3.527097072841310545e-03,5.286004366982340746e-03,3.533324599266052159e-03,4.343400534814747971e+00,6.131614146382275976e+00,3.895751953124943157e+00,6.642937424693271670e-05,9.946804867407097600e-05,6.666630506515494256e-05
2.723073294754265703e+02,3.816956672455601165e+02,2.741407592773437045e+02,3.593526447088243262e-03,5.385472415656411722e-03,3.599990904331207102e-03,4.296732408898094491e+00,6.095881058375709927e+00,3.830786132812534106e+00,6.642533284646453054e-05,9.945778527396722385e-05,6.666667759418513570e-05
2.766040618843246648e+02,3.877915483039358264e+02,2.779715454101562386e+02,3.659951779934707793e-03,5.484930200930378946e-03,3.666657581925392238e-03,4.281519352411123691e+00,6.077691041110483638e+00,3.801660156249965894e+00,6.642054967139106314e-05,9.944826486120526138e-05,6.666630506515494256e-05
2.808855812367357885e+02,3.938692393450463101e+02,2.817732055664062045e+02,3.726372329606098856e-03,5.584378465791584208e-03,3.733323886990547180e-03,4.267553206934678656e+00,6.062244909068567722e+00,3.777050781250068212e+00,6.641650939362810438e-05,9.943800546951576946e-05,6.666667759418470202e-05
2.851531344436704671e+02,3.999314842541148778e+02,2.855502563476562727e+02,3.792788838999726960e-03,5.683816471261099977e-03,3.799990564584731882e-03,4.239467081024145045e+00,6.039672812311152938e+00,3.735070800781215894e+00,6.641172743985634258e-05,9.942811853571372621e-05,6.666630506515537624e-05
2.893926015246946122e+02,4.059711570664260307e+02,2.892853271484374886e+02,3.859200566439583303e-03,5.783244589796813703e-03,3.866656869649887258e-03,4.214488241878086683e+00,6.022152748026257996e+00,3.702099609375011369e+00,6.640768828456529091e-05,9.941860391166155303e-05,6.666667759418470202e-05
2.936070897665726989e+02,4.119933098144522887e+02,2.929874267578125000e+02,3.925608254724148594e-03,5.882663193708475256e-03,3.933323547244071960e-03,4.172051754945584889e+00,6.006567082948890857e+00,3.665722656249954525e+00,6.640290755161558367e-05,9.940835052835682306e-05,6.666630506515537624e-05
2.977791415215182838e+02,4.179998768974011796e+02,2.966531494140624545e+02,3.992011162275764177e-03,5.982071544236832079e-03,3.999989852309227337e-03,4.113844841465720492e+00,5.990460900039863645e+00,3.620275878906340949e+00,6.639886951834237522e-05,9.939883976092106499e-05,6.666667759418470202e-05
3.018929863629840042e+02,4.239903377974410432e+02,3.002734252929687955e+02,4.058410031794106552e-03,6.081470383997753144e-03,4.066656529903412039e-03,4.019196750507092020e+00,5.954746036215112781e+00,3.537170410156193157e+00,6.639409000551432793e-05,9.938859037987232692e-05,6.666630506515450888e-05
3.059121831134910963e+02,4.299450838336561560e+02,3.038105957031249886e+02,4.124804121799620880e-03,6.180858974377625471e-03,4.133322834968566548e-03,3.998790710477521770e+00,5.938773055937645040e+00,3.509606933593772737e+00,6.639005309424725332e-05,9.937908346629650835e-05,6.666667759418556938e-05
3.099109738239686180e+02,4.358838568895938010e+02,3.073202026367187614e+02,4.191194174893868134e-03,6.280238057843921980e-03,4.199989512562752117e-03,3.986716469907321425e+00,5.923433634479351895e+00,3.488366699218715894e+00,6.638527480106164863e-05,9.936920824566916610e-05,6.666630506515450888e-05
3.138976902938759395e+02,4.418072905240731529e+02,3.108085693359374773e+02,4.257579449694929782e-03,6.379607266089591146e-03,4.266655817627906626e-03,3.948084946386813954e+00,5.885039716557628253e+00,3.424536132812477263e+00,6.638123901068441329e-05,9.935859474057701091e-05,6.666667759418470202e-05
3.178457752402627534e+02,4.476923302406307812e+02,3.142331054687499545e+02,4.323960688705614196e-03,6.478965860830168157e-03,4.333322495222091328e-03,3.926659591891166201e+00,5.859413766692796344e+00,3.384423828125022737e+00,6.637683283449921645e-05,9.934946376409861668e-05,6.666667759418556938e-05
3.217724348321539196e+02,4.535517440073235775e+02,3.176175292968749773e+02,4.390337521540113412e-03,6.578315324594266773e-03,4.399989172816276897e-03,3.919404105058731602e+00,5.850688920399761628e+00,3.376867675781284106e+00,6.637205637021002108e-05,9.933959442865424039e-05,6.666630506515450888e-05
3.256918389372126512e+02,4.594024329277233392e+02,3.209943969726562614e+02,4.456709577910323433e-03,6.677654919022921014e-03,4.466655477881431406e-03,3.909228866534078861e+00,5.838913200076035537e+00,3.362939453124965894e+00,6.636802226065319915e-05,9.932972705362433374e-05,6.666667759418470202e-05
3.296010678037467301e+02,4.652413461277993747e+02,3.243573364257812273e+02,4.523077600170976632e-03,6.776984646076545347e-03,4.533322155475616108e-03,3.871262882384598925e+00,5.821184308911995231e+00,3.325195312500000000e+00,6.636324701547128418e-05,9.931912168674623953e-05,6.666630506515537624e-05
3.334723306861313290e+02,4.710625304367113699e+02,3.276825317382812273e+02,4.589440847186447917e-03,6.876303767763291587e-03,4.599988460540771484e-03,3.675648062289212703e+00,5.773850192635052281e+00,3.201184082031318212e+00,6.635921402567239447e-05,9.930999825706263162e-05,6.666667759418470202e-05
3.371479787484205417e+02,4.768363806293464222e+02,3.308837158203125455e+02,4.655800061212120311e-03,6.975613766020354219e-03,4.666655138134956186e-03,3.422987108917595833e+00,5.720944535748060389e+00,3.046789550781227263e+00,6.635443999867662174e-05,9.930013676086660301e-05,6.666630506515537624e-05
3.405709658573381375e+02,4.825573251650944826e+02,3.339305053710937727e+02,4.722154501210796933e-03,7.074913902781220822e-03,4.733321443200111563e-03,3.331029295644952981e+00,5.682087809660345101e+00,2.964123535156204525e+00,6.635040812840494601e-05,9.928953749058569422e-05,6.666667759418470202e-05
3.439019951529830905e+02,4.882394129747548277e+02,3.368946289062499773e+02,4.788504909339201879e-03,7.174203440271806516e-03,4.799988120794296265e-03,3.135965684669884013e+00,5.614200996081933681e+00,2.801330566406250000e+00,6.634563531911826656e-05,9.928041971579183722e-05,6.666630506515537624e-05
3.470379608376529745e+02,4.938536139708367614e+02,3.396959594726562273e+02,4.854850544658320145e-03,7.273483859987598353e-03,4.866654425859451641e-03,3.083310754291119338e+00,5.592383791287943495e+00,2.756726074218761369e+00,6.634160456792104199e-05,9.927056409229483708e-05,6.666667759418470202e-05
3.501212715919440939e+02,4.994459977621247049e+02,3.424526855468749886e+02,4.921192149226241187e-03,7.372754424079893190e-03,4.933321103453636343e-03,2.997987411616577447e+00,5.541043158737181784e+00,2.660156250000000000e+00,6.633683297564176018e-05,9.926071042579056453e-05,6.666630506515450888e-05
3.531192590035606713e+02,5.049870409208618867e+02,3.451128417968749886e+02,4.987528982201882947e-03,7.472015134505683755e-03,4.999987408518790852e-03,2.329286560263255978e+00,5.327329111618610114e+00,2.169946289062522737e+00,6.633280334351118052e-05,9.925011927653173971e-05,6.666667759418556938e-05
3.554485455638239273e+02,5.103143700324804968e+02,3.472827880859375114e+02,5.053861785545394128e-03,7.571265253782215494e-03,5.066654086112976421e-03,8.656460738396845045e-01,4.823346069237345546e+00,1.099035644531284106e+00,6.632803296776224738e-05,9.924100903304765992e-05,6.666630506515450888e-05
3.563141916376636118e+02,5.151377161017178423e+02,3.483818237304687955e+02,5.120189818513156375e-03,7.670506262815263154e-03,5.133320391178130930e-03,8.638682499006336002e-01,4.779857604353196621e+00,1.048278808593693157e+00,6.632400445358201807e-05,9.923116123247179010e-05,6.666667759418470202e-05
3.571780598875642454e+02,5.199175737060710389e+02,3.494301025390624886e+02,5.186513822966738393e-03,7.769737424047734944e-03,5.199987068772315632e-03,-1.179612677680665911e+00,4.039143055205954624e+00,-4.218139648436931566e-01,6.631923529454991639e-05,9.922131538589971933e-05,6.666630506515537624e-05
3.559984472098835795e+02,5.239567167612769936e+02,3.490082885742187955e+02,5.252833058261288310e-03,7.868958739433634664e-03,5.266653373837471008e-03,-9.008162414596654344e-01,7.594905333928636537e-01,-5.791381835937841061e-01,1.657912162116286642e-05,2.480342106206401276e-05,1.666657626628841038e-05
3.550976309684239141e+02,5.247162072946698572e+02,3.484291503906250114e+02,5.269412179882451176e-03,7.893762160495698676e-03,5.283319950103759419e-03,-2.832984179591392149e+01,-1.223808082308073608e+01,-2.828526611328123863e+01,4.973608627670440818e-05,7.440731128648646331e-05,5.000010132789629164e-05
3.267677891725099926e+02,5.124781264715891211e+02,3.201438842773437727e+02,5.319148266159155584e-03,7.968169471782185140e-03,5.333320051431655710e-03,-1.245086291540019374e+01,-3.555380600178011719e+00,-1.261193847656250000e+01,6.631043995463346830e-05,9.920162962685774577e-05,6.666630506515537624e-05
3.143169262571097988e+02,5.089227458714111094e+02,3.075319458007812727e+02,5.385458706113789053e-03,8.067371101409042886e-03,5.399986356496811087e-03,-3.302675853908516501e+01,-1.473466566595982385e+01,-3.341398925781254547e+01,6.856463065969039400e-05,1.025697450435462260e-04,6.893724203109723864e-05
2.812901677180246338e+02,4.941880802054512856e+02,2.741179565429687273e+02,5.454023336773479447e-03,8.169940846452589112e-03,5.468923598527908325e-03,-1.545587323989281003e+01,-6.011154368327424891e+00,-1.544848632812500000e+01,6.453283266924774580e-05,9.653553166536280039e-05,6.488785147666913805e-05
2.658342944781318238e+02,4.881769258371238607e+02,2.586694702148437273e+02,5.518556169442727193e-03,8.266476378117951912e-03,5.533811450004577463e-03,-1.499105922490659282e+01,-5.908093745335179392e+00,-1.482600097656248295e+01,6.649874600893595361e-05,9.947275535497276944e-05,6.686896085739135742e-05
2.508432352532252310e+02,4.822688320917886813e+02,2.438434692382812443e+02,5.585054915451663146e-03,8.365949133472924681e-03,5.600680410861968821e-03,-9.134584223241830614e+00,-2.347573638346432290e+00,-9.211926269531232947e+00,6.716850586775246351e-05,1.004712922313757972e-04,6.754696369171142578e-05
2.417086510299834003e+02,4.799212584534422490e+02,2.346315429687500114e+02,5.652223421319415610e-03,8.466420425704300479e-03,5.668227374553680246e-03,-1.187469210636669459e+01,-4.075141881617980744e+00,-1.136339111328126705e+01,6.591721232811469794e-05,9.859671192189237154e-05,6.629303097724966592e-05
2.298339589236167058e+02,4.758461165718242682e+02,2.232681518554687443e+02,5.718140633647530308e-03,8.565017137626192850e-03,5.734520405530929912e-03,-7.293943766845643495e+00,-8.824991504619106308e-01,-7.040405273437471578e+00,6.957333153032735362e-05,1.040624485689322504e-04,6.997473537921888170e-05
2.225400151567710623e+02,4.749636174213623576e+02,2.162277465820312727e+02,5.787713965177857661e-03,8.669079586195125101e-03,5.804495140910148794e-03,-1.099520324935545545e+01,-4.494048971145559790e+00,-1.059723510742190911e+01,6.344134599893091336e-05,9.488617125592152535e-05,6.381161510944383802e-05
2.115448119074156068e+02,4.704695684502167978e+02,2.056305114746093636e+02,5.851155311176788575e-03,8.763965757451046626e-03,5.868306756019592632e-03,-7.137419520196118583e+00,-8.567963156804125902e-01,-6.613366699218744316e+00,6.900784251898019889e-05,1.032094812181277854e-04,6.941519677639007568e-05
2.044073923872194882e+02,4.696127721345363852e+02,1.990171447753906193e+02,5.920163153695768773e-03,8.867175238669174411e-03,5.937721952795982708e-03,-6.649768647338760275e+00,-1.188295562127052563e+00,-6.157788085937482947e+00,6.628281977065410974e-05,9.913021306334410254e-05,6.667859852313960667e-05
1.977576237398807280e+02,4.684244765724093327e+02,1.928593566894531364e+02,5.986445973466422883e-03,8.966305451732518514e-03,6.004400551319122314e-03,-4.392224971340993989e+00,5.048394929515893637e-01,-4.285754394531267053e+00,6.525608021870372283e-05,9.759129570499625039e-05,6.565004587173479261e-05
1.933653987685397340e+02,4.689293160653609220e+02,1.885736022949218693e+02,6.051702053685126606e-03,9.063896747437514764e-03,6.070050597190857107e-03,-6.350318851295611466e+00,1.039758253353966211e-01,-5.502764892578113631e+00,7.996055317201298390e-05,1.195780886073249949e-04,8.044913411140407200e-05
1.870150799172441225e+02,4.690332918906963187e+02,1.830708374023437557e+02,6.131662606857139590e-03,9.183474836044839759e-03,6.150499731302261179e-03,-5.281361217343146564e+00,-9.320056996565995178e-01,-4.521691894531244316e+00,5.005530906108685701e-05,7.485324565605598612e-05,5.036443471908604030e-05
1.817337186999009759e+02,4.681012861910397191e+02,1.785491455078125114e+02,6.181717915918226447e-03,9.258328081700895745e-03,6.200864166021347219e-03,-4.940852190115691656e+00,1.186610206746649965e-01,-4.535583496093750000e+00,7.481023723390333585e-05,1.118689396626560556e-04,7.527694106101989746e-05
1.767928665097852843e+02,4.682199472117143841e+02,1.740135620117187614e+02,6.256528153152129783e-03,9.370197021363551801e-03,6.276141107082367117e-03,-3.288568297448705380e+00,5.937869404178854893e-01,-3.040905761718761369e+00,5.711590503758995352e-05,8.540741136147181334e-05,5.747601389884896689e-05
1.735042982123365789e+02,4.688137341521322696e+02,1.709726562500000000e+02,6.313644058189719736e-03,9.455604432725023614e-03,6.333617120981216084e-03,-3.984188844804350538e+00,7.127109184094138072e-01,-3.688952636718738631e+00,6.662949568815666052e-05,9.962833361584245984e-05,6.705373525619541530e-05
1.695201093675322284e+02,4.695264450705416834e+02,1.672837036132812614e+02,6.380273553877876397e-03,9.555232766340866074e-03,6.400670856237411499e-03,-4.216512201732626863e+00,2.990330715626328129e-01,-3.657000732421863631e+00,6.771843497581885030e-05,1.012543300971339294e-04,6.815418601036071777e-05
1.653035971657996015e+02,4.698254781421043162e+02,1.636267028808593977e+02,6.447991988853695247e-03,9.656487096438000003e-03,6.468825042247772217e-03,-4.592209841754538502e+00,-4.769577482302338467e-01,-4.017584228515659106e+00,6.567528357511419335e-05,9.819686366697999436e-05,6.610229611396772204e-05
1.607113873240450630e+02,4.693485203938740824e+02,1.596091186523437386e+02,6.513667272428809440e-03,9.754683960104979998e-03,6.534927338361739939e-03,-1.094290850076390598e+01,-5.546712956793271587e+00,-9.576690673828125000e+00,6.719942496053593617e-05,1.004713031177578708e-04,6.764084100723249254e-05
1.497684788232811570e+02,4.638018074370808108e+02,1.500324279785156136e+02,6.580866697389345377e-03,9.855155263222737869e-03,6.602568179368972431e-03,-3.000544922962262717e+00,5.053677915230991857e-01,-2.623626708984375000e+00,6.695066944398687242e-05,1.000960592951113948e-04,6.739497184753487358e-05
1.467679339003188943e+02,4.643071752286039100e+02,1.474088012695312386e+02,6.647817366833332249e-03,9.955251322517849263e-03,6.669963151216507305e-03,-2.174245015507239032e+00,9.323643755244575004e-01,-1.995233154296869316e+00,6.748051914236621873e-05,1.008848656621295220e-04,6.793290376663155966e-05
1.445936888848116553e+02,4.652395396041283675e+02,1.454135681152343693e+02,6.715297885975698468e-03,1.005613618817997879e-02,6.737896054983138865e-03,-2.973613330534305987e-01,2.778980621204254930e+00,-1.627441406249943157e-01,6.704527316573043877e-05,1.002315636132369153e-04,6.749927997589093981e-05
1.442963275517582247e+02,4.680185202253326224e+02,1.452508239746093750e+02,6.782343159141428907e-03,1.015636775179321570e-02,6.805395334959029804e-03,-5.818452754445786468e-01,2.671999003658356742e+00,-4.191528320312443157e-01,6.734046713848234472e-05,1.006691535574248675e-04,6.780102849006722221e-05
1.437144822763136460e+02,4.706905192289909792e+02,1.448316711425781307e+02,6.849683626279911251e-03,1.025703690535064057e-02,6.873196363449097027e-03,-9.217616775308101751e-01,2.427120023229406343e+00,-7.878356933593693157e-01,6.599963220855088047e-05,9.866145370918122381e-05,6.645545363426208496e-05
1.427927205987828359e+02,4.731176392522203855e+02,1.440438354492187614e+02,6.915683258488462132e-03,1.035569835905982179e-02,6.939651817083359112e-03,-2.081678683324781787e+00,1.978120965874097692e+00,-1.804400634765642053e+00,6.902579757737774269e-05,1.031810028054493816e-04,6.950721144676191149e-05
1.407110419154580541e+02,4.750957602180944832e+02,1.422394348144531193e+02,6.984709056065839874e-03,1.045887936186527117e-02,7.009159028530121023e-03,-1.909145457127095824e+00,1.614256881993242132e+00,-1.623907470703130684e+00,5.892982244867610298e-05,8.808725257124574992e-05,5.934461951255780993e-05
1.388018964583309582e+02,4.767100171000877253e+02,1.406155273437499886e+02,7.043638878514515977e-03,1.054696661443651692e-02,7.068503648042678833e-03,-2.203288177175835472e+00,1.761720015963021524e+00,-1.969989013671863631e+00,6.772383426801708434e-05,1.012284214359140261e-04,6.820484995842014675e-05
1.365986082811551228e+02,4.784717371160507469e+02,1.386455383300781250e+02,7.111362712782533062e-03,1.064819503587243095e-02,7.136708498001098980e-03,-1.613169607409417949e+00,1.801166741125030057e+00,-1.622930908203130684e+00,6.326311436608434563e-05,9.455926384954391195e-05,6.371662020683219185e-05
1.349854386737457048e+02,4.802729038571757769e+02,1.370226074218749943e+02,7.174625827148617407e-03,1.074275429972197486e-02,7.200425118207931172e-03,-1.336174478201968441e+00,2.212351309823532119e+00,-1.371026611328119316e+00,6.836366475302529944e-05,1.021785260113781957e-04,6.885826587677001953e-05
1.336492641955437364e+02,4.824852551669993090e+02,1.356515808105468750e+02,7.242989491901642707e-03,1.084493282573335306e-02,7.269283384084701191e-03,-1.205194892780070859e+00,2.244615285891086387e+00,-1.268341064453125000e+00,6.758311873830431110e-05,1.010088694016510191e-04,6.807669997215340385e-05
1.324440693027636655e+02,4.847298704528903954e+02,1.343832397460937500e+02,7.310572610639947018e-03,1.094594169513500408e-02,7.337360084056854595e-03,-2.573655675824028322e+00,1.390848573549078537e+00,-2.425976562500011369e+00,6.465424347203759664e-05,9.662826585523850986e-05,6.513074040412868138e-05
1.298704136269396372e+02,4.861207190264394740e+02,1.319572631835937386e+02,7.375226854111984615e-03,1.104256996099024259e-02,7.402490824460983276e-03,-2.821743026843108737e+00,1.345024292590892401e+00,-2.887091064453102263e+00,6.943928392665055238e-05,1.037754888589276919e-04,6.995573639869724636e-05
1.270486706000965285e+02,4.874657433190303664e+02,1.290701721191406364e+02,7.444666138038635167e-03,1.114634544984917028e-02,7.472446560859680523e-03,-1.296320379100563969e+00,1.905808255028318854e+00,-1.515942382812511369e+00,6.328492287313320502e-05,9.457553183538774944e-05,6.375983357429469700e-05
1.257523502209959645e+02,4.893715515740586852e+02,1.275542297363281250e+02,7.507951060911768372e-03,1.124092098168455803e-02,7.536206394433975220e-03,-1.337927779317851673e+00,2.251645679932039457e+00,-1.503680419921877842e+00,7.066122511384647503e-05,1.055958031004958220e-04,7.119625806808506374e-05
1.244144224416781128e+02,4.916231972539907247e+02,1.260505493164062472e+02,7.578612286025614847e-03,1.134651678478505385e-02,7.607402652502060283e-03,-1.394687615353134902e+00,1.864244114981261191e+00,-1.331329345703125000e+00,6.007120301928722816e-05,8.976659666628562795e-05,6.053000688552821751e-05
1.230197348263249779e+02,4.934874413689719859e+02,1.247192199707031222e+02,7.638683489044902075e-03,1.143628338145133948e-02,7.667932659387588501e-03,-1.390120019287536479e+00,2.072180480683414316e+00,-1.494604492187491473e+00,7.008048125257092253e-05,1.047215634552029623e-04,7.062032818794250488e-05
1.216296148070374414e+02,4.955596218496554002e+02,1.232246154785156307e+02,7.708763970297472998e-03,1.154100494490654244e-02,7.738552987575531006e-03,-2.156018291288582134e+01,-5.160272618785194254e+01,-3.529535217285156534e+01,6.574113381769240705e-05,9.823292419521012508e-05,6.625205278396571751e-05
1.000694318941516201e+02,4.439568956618034576e+02,8.792926330566406534e+01,7.774505104115165405e-03,1.163923786910175256e-02,7.804805040359496723e-03,6.066571933461233357e-01,3.122805586896731711e+00,7.693176269530965783e-02,7.839029404922877309e-05,1.171292447793795960e-04,7.900521159172162189e-05
1.006760890874977434e+02,4.470797012487001894e+02,8.800619506835937500e+01,7.852895398164394178e-03,1.175636711388113216e-02,7.883810251951218345e-03,3.850610941935883602e-01,1.778063618740759466e+00,-3.820800781255684342e-03,5.003205989556440414e-05,7.475589311742129872e-05,5.042776465415815812e-05
1.010611501816913318e+02,4.488577648674409488e+02,8.800237426757811932e+01,7.902927458059958582e-03,1.183112300699855346e-02,7.934238016605376503e-03,6.371257292072414202e-01,2.944892312213482910e+00,5.175781250002842171e-03,8.257333316363801856e-05,1.233711548496909532e-04,8.323192596435685653e-05
1.016982759108985732e+02,4.518026571796544317e+02,8.800755004882812216e+01,7.985500791223596601e-03,1.195449416184824441e-02,8.017469942569733360e-03,4.627695172953565361e-01,2.096349987695475647e+00,1.109924316406818434e-02,5.866541056051208236e-05,8.764937813523360211e-05,5.913749337196211320e-05
1.021610454281939298e+02,4.538990071673499074e+02,8.801864929199219034e+01,8.044166201784108683e-03,1.204214353998347801e-02,8.076607435941695473e-03,5.384557953810968911e-01,2.425331076226257210e+00,5.719299316406534217e-02,6.613073380072435892e-05,9.879832680464301076e-05,6.666705012321576251e-05
1.026995012235750266e+02,4.563243382435761646e+02,8.807584228515625568e+01,8.110296935584833042e-03,1.214094186678812103e-02,8.143274486064911236e-03,4.965706240164138308e-01,2.111232131670988110e+00,-8.154296875000000000e-02,6.612562182479325701e-05,9.878783066503450672e-05,6.666630506515537624e-05
1.031960718475914405e+02,4.584355703752471527e+02,8.799429931640625568e+01,8.176422557409626299e-03,1.223972969745315553e-02,8.209940791130066612e-03,4.584754241089683546e-01,1.847185548425329671e+00,-1.797698974609431843e-01,6.571704809150286097e-05,9.817461667003223036e-05,6.625875830650225506e-05
1.036545472717004088e+02,4.602827559236724824e+02,8.781452941894531250e+01,8.242139605501129160e-03,1.233790431412318776e-02,8.276199549436568867e-03,2.463326915446373278e-03,-5.038622102661634017e-01,-1.165856933593744316e+00,6.164363283292506601e-05,9.208610534223830857e-05,6.215572357177838458e-05
1.036570105986158552e+02,4.597788937134063190e+02,8.664867248535156818e+01,8.303783238334054226e-03,1.242999041946542607e-02,8.338355273008347252e-03,-9.256732431779255421e-01,-7.106089203856527092e+00,-3.806246948242190342e+00,6.792891588242033762e-05,1.014735765302639953e-04,6.849765777587786542e-05
1.027313373554379297e+02,4.526728045095497919e+02,8.284242553710937784e+01,8.371712154216474563e-03,1.253146399599569007e-02,8.406852930784225117e-03,5.206816909118714420e-01,1.592600239643218174e+00,-2.502624511718778422e-01,6.880937967404174294e-05,1.027831345838496613e-04,6.939023733139142169e-05
1.032520190463498011e+02,4.542654047491930100e+02,8.259216308593750000e+01,8.440521533890516306e-03,1.263424713057953973e-02,8.476243168115616539e-03,4.964511518122947109e-01,1.746406749788206980e+00,-3.979492187500000000e-02,5.730749049904018677e-05,8.560138527585747781e-05,5.779489874839678631e-05
1.037484701981620958e+02,4.560118114989812170e+02,8.255236816406250000e+01,8.497829024389556493e-03,1.271984851585539721e-02,8.534038066864013325e-03,6.573299614121026480e-01,2.278605022999784069e+00,-4.076538085936931566e-02,7.521188253993039974e-05,1.123393199517225965e-04,7.585659623146091823e-05
1.044058001595741985e+02,4.582904165219810011e+02,8.251160278320313068e+01,8.573040906929486893e-03,1.283218783580711980e-02,8.609894663095474243e-03,1.037383600155663999e+00,3.613463031289370520e+00,1.596984863280681566e-02,1.144391859987537591e-04,1.709247539865739463e-04,1.154311001300804829e-04
1.054431837597298625e+02,4.619038795532703716e+02,8.252757263183593750e+01,8.687480092928240652e-03,1.300311258979369375e-02,8.725325763225554726e-03,6.136969924244084496e-01,2.164878341356711644e+00,4.239196777342613132e-02,6.608746750282230853e-05,9.870343495696140557e-05,6.666630506515537624e-05
1.060568807521542709e+02,4.640687578946270833e+02,8.256996459960936363e+01,8.753567560431062961e-03,1.310181602475065515e-02,8.791992068290710102e-03,6.145653548736333960e-01,2.140508728016811801e+00,3.694458007814205303e-02,6.608310023830180069e-05,9.869369355061143045e-05,6.666630506515537624e-05
1.066714461070279043e+02,4.662092666226438951e+02,8.260690917968750568e+01,8.819650660669364761e-03,1.320050971830126658e-02,8.858658373355865479e-03,5.733379229865676052e-01,1.665302759096789487e+00,-1.269073486328125000e-01,6.607947201768375745e-05,9.868395406668201142e-05,6.666705012321402779e-05
1.072447840300144719e+02,4.678745693817406845e+02,8.248000183105469318e+01,8.885730132687048519e-03,1.329919367236794860e-02,8.925325423479079506e-03,4.233940963339790642e-01,1.092155154096303704e-01,-6.828491210937528422e-01,6.607436739119315616e-05,9.867421650460589388e-05,6.666630506515537624e-05
1.076681781263484510e+02,4.679837848971503149e+02,8.179715270996094034e+01,8.951804500078241675e-03,1.339786788887255449e-02,8.991991728544234883e-03,1.094413270945864269e-01,8.920880912057782552e-03,-1.791229248046875000e-01,1.651754050771385429e-05,2.466666529522300311e-05,1.666620373725995197e-05
1.077776194534430374e+02,4.679927057780623727e+02,8.161802978515625284e+01,8.968322040585955529e-03,1.342253455416777749e-02,9.008657932281494835e-03,-1.413830630339674599e+00,-2.280302468277358230e+01,-8.520318603515633527e+00,6.034219552761635463e-05,9.010894815383863055e-05,6.088763475418056126e-05
1.063637888231033628e+02,4.451896810952887904e+02,7.309771118164061932e+01,9.028664236113571884e-03,1.351264350232161612e-02,9.069545567035675396e-03,1.125831855731036057e+00,3.801967819064827836e+00,1.922058105468806843e-01,1.060282525348898996e-04,1.583277946928546981e-04,1.069955527782436716e-04
1.074896206788343989e+02,4.489916489143536182e+02,7.328991699218750000e+01,9.134692488648461783e-03,1.367097129701447082e-02,9.176541119813919067e-03,7.049717558509485116e-01,2.333653202190134834e+00,1.214050292968806843e-01,6.605791995203426359e-05,9.863607052776161843e-05,6.666630506515537624e-05
1.081945924346853474e+02,4.513253021165437531e+02,7.341132202148438068e+01,9.200750408600496047e-03,1.376960736754223244e-02,9.243207424879074444e-03,7.082426873262335221e-01,2.356285955388557340e+00,1.359008789062414735e-01,6.605355659125913825e-05,9.862781200649546609e-05,6.666630506515537624e-05
1.089028351220115809e+02,4.536815880719323104e+02,7.354722290039062216e+01,9.266803965191755185e-03,1.386823517954872791e-02,9.309873729944229820e-03,7.042322475193003584e-01,2.346294301899035872e+00,1.350006103515539735e-01,6.604919380731773260e-05,9.861808552026965491e-05,6.666630506515364152e-05
1.096070673695308813e+02,4.560278823738313463e+02,7.368222351074217613e+01,9.332853158999072918e-03,1.396685326506899756e-02,9.376540035009383461e-03,7.038068668342134515e-01,2.324711931905369511e+00,1.330261230468892109e-01,6.604556968753047541e-05,9.860836095270698876e-05,6.666705012321576251e-05
1.103108742363650947e+02,4.583525943057367158e+02,7.381524963378906534e+01,9.398898728686603393e-03,1.406546162602170455e-02,9.443207085132599224e-03,7.092593488447391792e-01,2.325607234750634689e+00,1.276336669921818157e-01,6.604046991875132944e-05,9.859863830236591242e-05,6.666630506515537624e-05
1.110201335852098339e+02,4.606782015404873505e+02,7.394288330078124716e+01,9.464939198605354723e-03,1.416406026432407046e-02,9.509873390197754600e-03,7.140228335535994120e-01,2.264838400226437898e+00,1.165679931640681843e-01,6.603610886330921192e-05,9.858891756955173724e-05,6.666630506515364152e-05
1.117341564187634333e+02,4.629430399407137884e+02,7.405945129394531534e+01,9.530975307468663935e-03,1.426264918189362220e-02,9.576539695262908242e-03,7.058956420339370652e-01,2.177649616297742341e+00,7.794189453123578915e-02,6.603248632547353836e-05,9.857919875304321788e-05,6.666705012321576251e-05
1.124400520607973704e+02,4.651206895570115307e+02,7.413739318847655113e+01,9.597007793794137473e-03,1.436122838064666542e-02,9.643206745386124004e-03,6.973352620669714952e-01,1.949297455971020554e+00,9.823608398448868684e-03,6.602738843073698016e-05,9.856948185227483450e-05,6.666630506515537624e-05
1.131373873228643419e+02,4.670699870129825513e+02,7.414721679687500000e+01,9.663035182224874453e-03,1.445979786249894025e-02,9.709873050451279380e-03,7.174567224670482801e-01,1.907757614666707013e+00,2.593688964843465783e-02,6.602302910276545977e-05,9.855829828757899091e-05,6.666630506515364152e-05
1.138548440453313901e+02,4.689777446276492583e+02,7.417315368652343466e+01,9.729058211327639913e-03,1.455835616078651924e-02,9.776539355516433022e-03,7.281025428900846919e-01,1.860756358430194268e+00,1.311950683593465783e-02,6.601867034995191619e-05,9.855005394172021427e-05,6.666630506515537624e-05
1.145829465882214748e+02,4.708385009860794526e+02,7.418627319335936932e+01,9.795076881677591829e-03,1.465690621472823946e-02,9.843205660581588398e-03,6.778378834256670871e-01,1.725286615907009491e+00,-6.007995605467897349e-02,6.601504992009149531e-05,9.854034278561525639e-05,6.666705012321576251e-05
1.152607844716471419e+02,4.725637876019864621e+02,7.412619323730469034e+01,9.861091931597683324e-03,1.475544655751385471e-02,9.909872710704804161e-03,-3.265836363306775070e+00,-1.632214826147702524e+01,-8.680084228515625000e+00,2.332876604726856484e-05,3.482283263889392189e-05,2.356022596359218235e-05
1.119949481083403668e+02,4.562416393405094368e+02,6.544610900878906534e+01,9.884420697644951889e-03,1.479026939015274864e-02,9.933432936668396343e-03,1.029189352164436855e+00,-3.139304907158884816e+01,-8.659707641601571027e+00,8.311214410816614162e-05,1.240555708241115884e-04,8.394122123718192330e-05
1.130241374605048037e+02,4.248485902689205886e+02,5.678640136718749432e+01,9.967532841753118031e-03,1.491432496097686022e-02,1.001737415790557827e-02,8.517749214008603076e-01,-2.632628628468125953e+00,-9.808807373046803946e-01,6.110364578374577471e-05,9.120328310890588042e-05,6.171762943267891655e-05
1.138759123819056640e+02,4.222159616404524627e+02,5.580552062988281392e+01,1.002863648753686381e-02,1.500552824408576610e-02,1.007909178733825718e-02,1.077396626925164469e+00,-1.010032243152636511e+01,-2.938305664062504263e+00,6.110064993449827730e-05,9.119349803949662603e-05,6.171837449073756809e-05
1.149533090088308285e+02,4.121156392089260976e+02,5.286721496582030966e+01,1.008973713747136208e-02,1.509672174212526273e-02,1.014081016182899475e-02,1.265143002220426638e+00,-1.192057797160532573e+01,-3.683322143554690342e+00,6.038003419562600060e-05,9.011672886187656328e-05,6.099417805671691895e-05
1.162184520110512551e+02,4.001950612373207719e+02,4.918389282226561932e+01,1.015011717166698808e-02,1.518683847098713929e-02,1.020180433988571167e-02,-3.472278288737612684e+00,-1.208436621651966902e+02,-4.788391571044921591e+01,6.634339723610681305e-05,9.901497629706372539e-05,6.702244281768868217e-05
1.127461737223136424e+02,2.793513990721240816e+02,1.299977111816406516e+00,1.021646056890309490e-02,1.528585344728420302e-02,1.026882678270340035e-02,4.539528856159051884e-01,-1.512278079953830456e-01,-9.858078002929686612e-01,8.833794581136235335e-05,1.318325543108178621e-04,8.924901485442976456e-05
1.132001266079295476e+02,2.792001712641286986e+02,3.141693115234378553e-01,1.030479851471445725e-02,1.541768600159502088e-02,1.035807579755783012e-02,3.639222332688660799e-01,-7.553598077947754064e-02,-6.389816284179690165e-01,6.276130528665331554e-05,9.366040206764715548e-05,6.341338157653947372e-05
1.135640488411984137e+02,2.791246352833492210e+02,-3.248123168945311612e-01,1.036755982000111057e-02,1.551134640366266804e-02,1.042148917913436959e-02,2.932804002493014650e-01,-5.212279856854706850e-01,-6.154785156250000000e-01,4.742084203921380359e-05,7.076695949146706577e-05,4.791617393493617649e-05
1.138573292414477152e+02,2.786034072976637503e+02,-9.402908325195311612e-01,1.041498066204032437e-02,1.558211336315413510e-02,1.046940535306930577e-02,-1.013046666909293947e+01,-9.218726138657282831e+01,-4.041522979736328125e+01,6.642683688016376431e-05,9.912547485874285969e-05,6.712451577186619167e-05
1.037268625723547757e+02,1.864161459110909220e+02,-4.135552062988281108e+01,1.048140749892048813e-02,1.568123883801287796e-02,1.053652986884117196e-02,-4.510999566331676647e+00,-4.558457112400731148e-01,-3.136616516113285513e+00,6.359731462133623447e-05,9.490009777631328025e-05,6.426945328712359295e-05
9.921586300602309905e+01,1.859603001998508489e+02,-4.449213714599609659e+01,1.054500481354182437e-02,1.577613893578919124e-02,1.060079932212829555e-02,-4.832726708471227539e+00,-6.630379103880841285e-01,-3.410998535156245737e+00,6.526744055613750706e-05,9.738879975538378142e-05,6.596148014068568821e-05
9.438313629755187151e+01,1.852972622894627648e+02,-4.790313568115234233e+01,1.061027225409796187e-02,1.587352773554457502e-02,1.066676080226898124e-02,-3.104901375208669378e+00,-3.424806930998443022e-01,-2.764436340332032671e+00,7.028239872219552153e-05,1.048687375035974034e-04,7.103458046913216362e-05
9.127823492234320213e+01,1.849547815963629205e+02,-5.066757202148437500e+01,1.068055465282015740e-02,1.597839647304817243e-02,1.073779538273811340e-02,-1.558500013144694663e+01,-1.509706110705332094e+01,-1.555083312988281818e+01,6.240529692219144720e-05,9.311080725755635501e-05,6.307736039161751518e-05
7.569323479089625550e+01,1.698577204893095995e+02,-6.621840515136719318e+01,1.074295994974234884e-02,1.607150728030572878e-02,1.080087274312973092e-02,-5.834060662474200853e-01,7.998393703321937664e-01,-1.606832885742178973e+00,8.946332993983556470e-05,1.334796276960016626e-04,9.043365716934065324e-05
7.510982872464883542e+01,1.706575598596417933e+02,-6.782523803710937216e+01,1.083242327968218441e-02,1.620498690800173044e-02,1.089130640029907157e-02,-3.924004118083956882e-01,4.141484455709303347e-01,-9.522399902343750000e-01,5.151196911259980915e-05,7.685333255600529379e-05,5.207434296608005886e-05
7.471742831284043973e+01,1.710717083052127236e+02,-6.877747802734374716e+01,1.088393524879478422e-02,1.628184024055773574e-02,1.094338074326515163e-02,-4.995102752365738752e-01,5.227184313011434824e-01,-1.221273803710943184e+00,6.594247342503467557e-05,9.838035912250811532e-05,6.666630506515537624e-05
7.421791803760386586e+01,1.715944267365138671e+02,-6.999875183105469034e+01,1.094987772221981889e-02,1.638022059968024385e-02,1.101004704833030701e-02,-4.977378062442738837e-01,5.130141817643050217e-01,-1.239282226562508527e+00,6.593812530195607147e-05,9.837068137932142298e-05,6.666630506515537624e-05
7.372018023135959197e+01,1.721074409182781721e+02,-7.123803405761719887e+01,1.101581584752177496e-02,1.647859128105956528e-02,1.107671335339546238e-02,-5.912409907370630435e-01,4.621891538141085221e-01,-1.316271972656238631e+00,6.593451459908569734e-05,9.836100554039273192e-05,6.666705012321402779e-05
7.312893924062252893e+01,1.725696300720922807e+02,-7.255430603027343750e+01,1.108175036212086066e-02,1.657695228659995801e-02,1.114338040351867641e-02,-6.006269289351422458e-01,4.482880867086294074e-01,-1.323535156249988631e+00,6.592943072723962683e-05,9.835133160429609944e-05,6.666630506515537624e-05
7.252831231168738668e+01,1.730179181588009101e+02,-7.387784118652342613e+01,1.114767979284810029e-02,1.667530361820425411e-02,1.121004670858383179e-02,-9.117916063463553655e-01,-2.704300569861032955e+00,-2.453036499023454553e+00,6.025430394115266486e-05,8.988227428423020693e-05,6.093159317970345268e-05
7.161652070534103132e+01,1.703136175889398771e+02,-7.633087768554688068e+01,1.120793409678925295e-02,1.676518589248848431e-02,1.127097830176353524e-02,-8.858209260746292557e-01,4.213516875584844001e-01,-1.459341430664053973e+00,6.786453966719195596e-05,1.012309790920339070e-04,6.863176822662249432e-05
7.073069977926640206e+01,1.707349692764983615e+02,-7.779021911621093466e+01,1.127579863645644491e-02,1.686641687158051822e-02,1.133961006999015773e-02,-1.903869371830737123e+00,3.781132390928689802e-01,-2.729656982421872158e+00,1.057033509957224643e-04,1.576673487026676590e-04,1.069076359272013582e-04
6.882683040743566494e+01,1.711130825155912305e+02,-8.051987609863280682e+01,1.138150198745216737e-02,1.702408422028318588e-02,1.144651770591735909e-02,-9.230837092881927219e-01,2.973746661110396872e-01,-1.555438232421892053e+00,6.341635324613389968e-05,9.458818531973486876e-05,6.414428353309492570e-05
6.790374669814747222e+01,1.714104571817022702e+02,-8.207531433105469887e+01,1.144491834069830127e-02,1.711867240560292075e-02,1.151066198945045402e-02,-9.672972059196638384e-01,2.816557623581275038e-01,-1.554754638671866473e+00,6.341233186707428970e-05,9.457923924112085490e-05,6.414428353309666042e-05
6.693644949222780838e+01,1.716921129440603977e+02,-8.363006896972656534e+01,1.150833067256537556e-02,1.721325164484404160e-02,1.157480627298355068e-02,-9.575843119316829188e-01,2.710743246776132764e-01,-1.559411621093758527e+00,6.340904748452363959e-05,9.457029485457346674e-05,6.414502859115704669e-05
6.597886518029612546e+01,1.719631872687380110e+02,-8.518948059082032387e+01,1.157173972004989920e-02,1.730782193969861507e-02,1.163895130157470773e-02,-8.586787298303590887e-01,2.929343635304348936e-01,-1.486608886718741473e+00,6.340429059275773382e-05,9.456135215960698170e-05,6.414428353309492570e-05
6.512018645046576637e+01,1.722561216322684459e+02,-8.667608947753906534e+01,1.163514401064265694e-02,1.740238329185822205e-02,1.170309558510780265e-02,-1.142409029658807640e+00,1.667368553637231798e-01,-1.620373535156247158e+00,6.340027074334605994e-05,9.455241115575649391e-05,6.414428353309666042e-05
6.397777742080695873e+01,1.724228584876321690e+02,-8.829646301269531250e+01,1.169854428138600300e-02,1.749693570301397855e-02,1.176723986864089931e-02,-8.787705082795653766e-01,3.041462574928743834e-01,-1.398657226562505684e+00,6.339625140406278392e-05,9.454347184252240299e-05,6.414428353309666042e-05
6.309900691252739335e+01,1.727270047451250434e+02,-8.969512023925781818e+01,1.176194053279006578e-02,1.759147917485650095e-02,1.183138415217399597e-02,-6.763982948323885580e-01,3.943802105753491105e-01,-1.279675292968747158e+00,6.339296887349250842e-05,9.453453421944674195e-05,6.414502859115531197e-05
6.242260861769500480e+01,1.731213849557003925e+02,-9.097479553222656534e+01,1.182533350166355829e-02,1.768601370907594769e-02,1.189552918076515128e-02,-4.431421147924439197e-01,5.429046527820560186e-01,-1.190414428710923289e+00,6.588042655035486472e-05,9.824231975621988688e-05,6.666630506515537624e-05
6.197946650290256088e+01,1.736642896084824486e+02,-9.216520996093748863e+01,1.189121392821391315e-02,1.778425602883216758e-02,1.196219548583030666e-02,-4.410452935534152630e-01,5.438157518312038974e-01,-1.192901611328139211e+00,6.587608660588856191e-05,9.823266915091888318e-05,6.666630506515537624e-05
6.153842120934914561e+01,1.742081053603136525e+02,-9.335811157226562784e+01,1.195709001481980172e-02,1.788248869798308646e-02,1.202886179089546204e-02,-5.252825622866197364e-01,5.097656971979915852e-01,-1.258453369140625000e+00,6.587174723296160272e-05,9.822302044122308007e-05,6.666630506515537624e-05
6.101313864706252588e+01,1.747178710575116440e+02,-9.461656494140625284e+01,1.202296176205276332e-02,1.798071171842430954e-02,1.209552809596061741e-02,-4.419094129121390324e-01,5.547213615475925508e-01,-1.197756958007815342e+00,6.586814453682018899e-05,9.821337362722615261e-05,6.666705012321402779e-05
6.057122923415038684e+01,1.752725924190592366e+02,-9.581432189941406818e+01,1.208882990658958351e-02,1.807892509205153569e-02,1.216219514608383144e-02,-3.870320488414407123e-01,5.878062552758933634e-01,-1.132196044921869316e+00,6.586307015345356508e-05,9.820372870750215810e-05,6.666630506515537624e-05
6.018419718530894613e+01,1.758603986743351300e+02,-9.694651794433593750e+01,1.215469297674303707e-02,1.817712882075903785e-02,1.222886145114898682e-02,-3.794839241776628569e-01,5.969565058342993780e-01,-1.153567504882815342e+00,6.585873249513422845e-05,9.819408568236334678e-05,6.666630506515537624e-05
5.980471326113128328e+01,1.764573551801694293e+02,-9.810008544921875284e+01,1.222055170923817130e-02,1.827532290644140120e-02,1.229552775621414219e-02,-4.536511560678206934e-01,5.608267520636616155e-01,-1.117709350585940342e+00,6.585439540789973789e-05,9.818298156301363822e-05,6.666630506515537624e-05
5.935106210506346258e+01,1.770181819322330909e+02,-9.921779479980469318e+01,1.228640610464607104e-02,1.837350588800441484e-02,1.236219406127929757e-02,-4.876114326210156946e-01,5.400808889151562653e-01,-1.101681518554670447e+00,6.585079480377759031e-05,9.817480545547610515e-05,6.666705012321402779e-05
5.886345067244244689e+01,1.775582628211482472e+02,-1.003194763183593636e+02,1.235225689944984863e-02,1.847168069345989094e-02,1.242886111140251160e-02,-4.074440941600698807e-01,5.719943737155404051e-01,-1.075765991210943184e+00,6.584572289911397314e-05,9.816516810897193968e-05,6.666630506515537624e-05
5.845600657828237701e+01,1.781302571948637876e+02,-1.013952423095703068e+02,1.241810262234896260e-02,1.856984586156886288e-02,1.249552741646766697e-02,-3.626485841617181904e-01,5.964301206271329647e-01,-1.076690673828125000e+00,6.584212333970301811e-05,9.815553265481863354e-05,6.666705012321402779e-05
5.809335799412065882e+01,1.787266873154909206e+02,-1.024719329833984318e+02,1.248394474568866562e-02,1.866800139422368152e-02,1.256219446659088100e-02,-2.645304795626159944e-01,6.413091134576518471e-01,-1.047845458984383527e+00,6.583705267400666306e-05,9.814589909180534977e-05,6.666630506515537624e-05
5.782882751455804282e+01,1.793679964289485724e+02,-1.035197784423828153e+02,1.254978179836267228e-02,1.876614729331548687e-02,1.262886077165603638e-02,-2.601525777209872103e-01,6.455490202606313233e-01,-1.044299316406252842e+00,6.583271844185466237e-05,9.813626741938391573e-05,6.666630506515537624e-05
5.756867493683705561e+01,1.800135454492092038e+02,-1.045640777587890682e+02,1.261561451680452695e-02,1.886428356073487078e-02,1.269552707672119175e-02,-2.560766933857721028e-01,6.543185593319265081e-01,-1.039657592773437500e+00,6.582838478011270034e-05,9.812663763763759817e-05,6.666630506515537624e-05
5.731259824345128351e+01,1.806678640085411303e+02,-1.056037353515625057e+02,1.268144290158463965e-02,1.896241019837250838e-02,1.276219338178634713e-02,-2.527727243836821458e-01,6.584744204869252826e-01,-1.036254882812500000e+00,6.582405168932721484e-05,9.811554776254990951e-05,6.666630506515364152e-05
5.705982551906760136e+01,1.813263384290280555e+02,-1.066399902343750057e+02,1.274726695327396686e-02,1.906052574613505829e-02,1.282885968685150077e-02,-2.498637585203411504e-01,6.583266654500050663e-01,-1.031304931640619316e+00,6.581971916850941351e-05,9.810738388565942714e-05,6.666630506515537624e-05
5.680996176054726021e+01,1.819846650944780606e+02,-1.076712951660156250e+02,1.281308667244247627e-02,1.915863313002071772e-02,1.289552599191665615e-02,-2.344591152270680823e-01,6.644629759105669109e-01,-1.048260498046872158e+00,6.581538721842430939e-05,9.809775977085918863e-05,6.666630506515537624e-05
5.657550264532019213e+01,1.826491280703886275e+02,-1.087195556640624972e+02,1.287890205966090058e-02,1.925673088979157691e-02,1.296219229698181152e-02,-2.190142427321859486e-01,6.630839143528248769e-01,-1.071588134765633527e+00,6.581252678951321489e-05,9.808813754451362055e-05,6.666779518127441406e-05
5.635648840258800618e+01,1.833122119847414524e+02,-1.097911437988281307e+02,1.294471458645041380e-02,1.935481902733609053e-02,1.302886009216308594e-02,-2.132744886028561382e-01,6.603103660526130625e-01,-1.072216796874982947e+00,6.580672493144805457e-05,9.807851720520371908e-05,6.666630506515537624e-05
5.614321391398515004e+01,1.839725223507940655e+02,-1.108633605957031136e+02,1.301052131138186185e-02,1.945289754454129424e-02,1.309552639722824131e-02,-2.114293386409045183e-01,6.602745330145580738e-01,-1.068536376953147737e+00,6.580239469113936812e-05,9.806889875324173445e-05,6.666630506515537624e-05
5.593178457534424552e+01,1.846327968838086235e+02,-1.119318969726562614e+02,1.307632370607300122e-02,1.955096644329453598e-02,1.316219270229339669e-02,-1.693077463028345164e-01,4.881208725109331681e-01,-7.995300292968750000e-01,4.934858696999631922e-05,7.354426722152446194e-05,4.999935626983503800e-05
5.576247682904141101e+01,1.851209177563195567e+02,-1.127314270019531364e+02,1.312567229304299754e-02,1.962451071051606044e-02,1.321219205856323173e-02,-2.285984582433826517e-01,6.304395365201855839e-01,-1.143804931640616473e+00,6.579481816628915403e-05,9.805207110808247806e-05,6.666630506515537624e-05
5.553387837079802836e+01,1.857513572928397423e+02,-1.138752319335937528e+02,1.319146711120928669e-02,1.972256278162414292e-02,1.327885836362838710e-02,-2.067584592969353707e-01,4.628410037557557644e-01,-1.095635986328119316e+00,5.372650333384902666e-05,8.006480673515906088e-05,5.444139242172241211e-05
