Sigma_1,Sigma_2,Sigma_12,Epsilon_1,Epsilon_2,Epsilon_12,dSigma_1,dSigma_2,dSigma_12,dEpsilon_1,dEpsilon_2,dEpsilon_12
-0.000000000000000000e+00,-0.000000000000000000e+00,-0.000000000000000000e+00,0.000000000000000000e+00,0.000000000000000000e+00,0.000000000000000000e+00,1.061562138758251272e+01,3.801995849609375089e+00,1.053390693664550781e+01,1.999800121638574792e-04,0.000000000000000000e+00,1.333329943008720821e-04
1.061562138758251272e+01,3.801995849609375089e+00,1.053390693664550781e+01,1.999800121638574792e-04,0.000000000000000000e+00,1.333329943008720821e-04,5.305655943544197228e+00,1.899535751342773526e+00,5.263480758666993609e+00,9.997499944099476950e-05,0.000000000000000000e+00,6.666650297120215135e-05
1.592127733112670995e+01,5.701531600952148615e+00,1.579738769531250142e+01,2.999550116048522487e-04,0.000000000000000000e+00,1.999994972720742334e-04,5.304651967982454863e+00,1.898617172241210405e+00,5.261701965332029829e+00,9.996502871346707886e-05,0.000000000000000000e+00,6.666649132966993071e-05
2.122592929910916482e+01,7.600148773193359020e+00,2.105908966064453125e+01,3.999200403183193276e-04,0.000000000000000000e+00,2.666659886017441641e-04,5.303646608492442738e+00,1.897696685791016691e+00,5.259925079345702414e+00,9.995499016253158245e-05,0.000000000000000000e+00,6.666651461273431778e-05
2.652957590760160755e+01,9.497845458984375711e+00,2.631901473999023366e+01,4.998750304808509100e-04,0.000000000000000000e+00,3.333325032144784819e-04,5.302640631870946919e+00,1.896778869628905184e+00,5.258145904541017046e+00,9.994504669895497122e-05,0.000000000000000000e+00,6.666649132966998492e-05
3.183221653947255447e+01,1.139462432861328089e+01,3.157716064453125071e+01,5.998200771798058812e-04,0.000000000000000000e+00,3.999989945441484668e-04,5.301635561854119771e+00,1.895858764648437500e+00,5.256370544433590197e+00,9.993505868506125708e-05,0.000000000000000000e+00,6.666649132966993071e-05
3.713385210132667424e+01,1.329048309326171839e+01,3.683353118896484091e+01,6.997551358648671383e-04,0.000000000000000000e+00,4.666654858738183975e-04,5.300629872940710641e+00,1.894941711425781605e+00,5.254592895507812500e+00,9.992507266705201192e-05,0.000000000000000000e+00,6.666649132966993071e-05
4.243448197426738489e+01,1.518542480468750000e+01,4.208812408447265341e+01,7.996802085319191502e-04,0.000000000000000000e+00,5.333319772034883282e-04,5.299626615193503198e+00,1.894021606445313921e+00,5.252818298339846592e+00,9.991499559590334614e-05,0.000000000000000000e+00,6.666653789579870485e-05
4.773410858946088808e+01,1.707944641113281392e+01,4.734094238281250000e+01,8.995952041278224964e-04,0.000000000000000000e+00,5.999985150992870331e-04,5.298619693046326518e+00,1.893104553222656250e+00,5.251042175292965908e+00,9.990510662625400919e-05,0.000000000000000000e+00,6.666649132966993071e-05
5.303272828250721460e+01,1.897255096435547017e+01,5.259198455810546591e+01,9.995003107540765055e-04,0.000000000000000000e+00,6.666650064289569638e-04,5.297612148053694625e+00,1.892185974121090908e+00,5.249269104003907671e+00,9.989512659297180089e-05,0.000000000000000000e+00,6.666649132966993071e-05
5.833034043056090923e+01,2.086473693847656108e+01,5.784125366210937358e+01,1.099395437347048306e-03,0.000000000000000000e+00,7.333314977586268945e-04,5.296610095004325558e+00,1.891268920898440342e+00,5.247491455078126421e+00,9.988514855340403092e-05,0.000000000000000000e+00,6.666649132967003913e-05
6.362695052556523478e+01,2.275600585937500142e+01,6.308874511718750000e+01,1.199280585900452337e-03,0.000000000000000000e+00,7.999979890882969336e-04,5.295601313439220803e+00,1.890350341796875000e+00,5.245718383789068184e+00,9.987517250695308706e-05,0.000000000000000000e+00,6.666649132966993071e-05
6.892255183900445559e+01,2.464635620117187642e+01,6.833446350097656818e+01,1.299155758407405424e-03,0.000000000000000000e+00,8.666644804179668643e-04,5.294598025038069977e+00,1.889434814453125000e+00,5.243948364257803973e+00,9.986519845280017980e-05,0.000000000000000000e+00,6.666649132966993071e-05
7.421714986404252556e+01,2.653579101562500142e+01,7.357841186523437216e+01,1.399020956860205604e-03,0.000000000000000000e+00,9.333309717476367950e-04,5.293594112177501643e+00,1.888516235351559658e+00,5.242175292968752842e+00,9.985513339833408490e-05,0.000000000000000000e+00,6.666649132967003913e-05
7.951074397622002721e+01,2.842430725097656108e+01,7.882058715820312500e+01,1.498876090258539689e-03,0.000000000000000000e+00,9.999974630773068342e-04,5.291697065370570385e+00,1.887329101562500000e+00,5.239645385742193184e+00,9.984534931301090703e-05,0.000000000000000000e+00,6.666649132966982229e-05
8.480244104159059759e+01,3.031163635253906108e+01,8.406023254394531818e+01,1.598721439571550596e-03,0.000000000000000000e+00,1.066663954406976656e-03,5.284498367963280430e+00,1.884619140624998579e+00,5.233206176757818184e+00,9.983528824037877190e-05,0.000000000000000000e+00,6.666658446192737057e-05
9.008693940955387802e+01,3.219625549316405966e+01,8.929343872070313637e+01,1.698556727811929368e-03,0.000000000000000000e+00,1.133330538868904027e-03,5.279956996644017408e+00,1.882589721679693184e+00,5.228494262695306816e+00,9.982513622067449785e-05,0.000000000000000000e+00,6.666649132967003913e-05
9.536689640619789543e+01,3.407884521484375284e+01,9.452193298339844318e+01,1.798381864032603866e-03,0.000000000000000000e+00,1.199997030198574066e-03,5.276722618426688882e+00,1.880755615234370737e+00,5.224450683593744316e+00,9.981535806883657692e-05,0.000000000000000000e+00,6.666649132967003913e-05
1.006436190246245843e+02,3.595960083007812358e+01,9.974638366699218750e+01,1.898197222101440443e-03,0.000000000000000000e+00,1.266663521528244105e-03,5.273211732368764615e+00,1.879251098632813921e+00,5.221722412109386369e+00,9.980539595727186408e-05,0.000000000000000000e+00,6.666649132966982229e-05
1.059168307569933489e+02,3.783885192871093750e+01,1.049681060791015739e+02,1.998002618058712307e-03,0.000000000000000000e+00,1.333330012857913928e-03,5.270041994992240575e+00,1.877359008789063921e+00,5.217483520507798289e+00,9.979543583449714331e-05,0.000000000000000000e+00,6.666649132967003913e-05
1.111868727519855895e+02,3.971621093750000142e+01,1.101855895996093722e+02,2.097798053893209450e-03,0.000000000000000000e+00,1.399996504187583967e-03,5.267825237351857481e+00,1.875634765625001421e+00,5.213830566406258527e+00,9.978547769925192115e-05,0.000000000000000000e+00,6.666649132966982229e-05
1.164546979893374470e+02,4.159184570312500284e+01,1.153994201660156307e+02,2.197583531592461371e-03,0.000000000000000000e+00,1.466662995517253789e-03,5.265570796605842929e+00,1.874215698242181816e+00,5.211016845703113631e+00,9.977552155116279839e-05,0.000000000000000000e+00,6.666649132967003913e-05
1.217202687859432899e+02,4.346606140136718466e+01,1.206104370117187443e+02,2.297359053143624170e-03,0.000000000000000000e+00,1.533329486846923828e-03,5.262018316308811450e+00,1.872259521484380684e+00,5.207165527343761369e+00,9.976556738963563223e-05,0.000000000000000000e+00,6.666649132967003913e-05
1.269822871022521014e+02,4.533832092285156534e+01,1.258176025390625057e+02,2.397124620533259802e-03,0.000000000000000000e+00,1.599995978176593867e-03,5.256971478101363004e+00,1.869454956054681816e+00,5.201568603515596578e+00,9.975561521385336791e-05,0.000000000000000000e+00,6.666649132966982229e-05
1.322392585803534644e+02,4.720777587890624716e+01,1.310191711425781023e+02,2.496880235747113170e-03,0.000000000000000000e+00,1.666662469506263690e-03,5.251690279542060580e+00,1.866784667968751421e+00,5.196148681640636369e+00,9.974566502388756278e-05,0.000000000000000000e+00,6.666649132967003913e-05
1.374909488598955249e+02,4.907456054687499858e+01,1.362153198242187386e+02,2.596625900771000733e-03,0.000000000000000000e+00,1.733328960835933729e-03,5.248536945972801959e+00,1.865121459960938921e+00,5.193139648437522737e+00,9.973571681847880760e-05,0.000000000000000000e+00,6.666649132966982229e-05
1.427394858058683269e+02,5.093968200683593750e+01,1.414084594726562614e+02,2.696361617589479540e-03,0.000000000000000000e+00,1.799995452165603551e-03,5.243974617041970987e+00,1.862368774414065342e+00,5.187890624999994316e+00,9.972577059725457049e-05,0.000000000000000000e+00,6.666649132967003913e-05
1.479834604229102979e+02,5.280205078125000284e+01,1.465963500976562557e+02,2.796087388186734111e-03,0.000000000000000000e+00,1.866661943495273590e-03,5.238198581674851084e+00,1.858489990234375000e+00,5.179614257812488631e+00,9.971564063366786246e-05,0.000000000000000000e+00,6.666649132967003913e-05
1.532216590045851490e+02,5.466054077148437784e+01,1.517759643554687443e+02,2.895803028820401973e-03,0.000000000000000000e+00,1.933328434824943629e-03,5.233559222126103805e+00,1.855401611328119316e+00,5.173388671875017053e+00,9.970588412350385454e-05,0.000000000000000000e+00,6.666649132967003913e-05
1.584552182267112528e+02,5.651594238281249716e+01,1.569493530273437614e+02,2.995508912943905828e-03,0.000000000000000000e+00,1.999994926154613668e-03,5.225893652228677411e+00,1.850872802734379263e+00,5.163696289062500000e+00,9.969594385104973977e-05,0.000000000000000000e+00,6.666649132966960545e-05
1.636811118789399302e+02,5.836681518554687642e+01,1.621130493164062614e+02,3.095204856794955568e-03,0.000000000000000000e+00,2.066661417484283274e-03,5.218262248211999577e+00,1.846874999999997158e+00,5.155450439453119316e+00,9.968619123126333526e-05,0.000000000000000000e+00,6.666649132967003913e-05
1.688993741271519298e+02,6.021369018554687358e+01,1.672684997558593807e+02,3.194891048026218903e-03,0.000000000000000000e+00,2.133327908813953313e-03,5.208938027948136096e+00,1.842602539062504263e+00,5.147418212890613631e+00,9.967588358123337725e-05,0.000000000000000000e+00,6.666667759418513570e-05
1.741083121551000659e+02,6.205629272460937784e+01,1.724159179687499943e+02,3.294566931607452280e-03,0.000000000000000000e+00,2.199994586408138449e-03,5.201252140614826658e+00,1.838549804687495737e+00,5.139581298828119316e+00,9.966632055647848751e-05,0.000000000000000000e+00,6.666649132966960545e-05
1.793095642957148925e+02,6.389484252929687358e+01,1.775554992675781136e+02,3.394233252163930768e-03,0.000000000000000000e+00,2.266661077737808054e-03,5.194494496087372681e+00,1.834826660156245737e+00,5.132043457031272737e+00,9.965601694112693684e-05,0.000000000000000000e+00,6.666649132967003913e-05
1.845040587918022652e+02,6.572966918945311932e+01,1.826875427246093864e+02,3.493889269105057704e-03,0.000000000000000000e+00,2.333327569067478093e-03,5.186166462109639497e+00,1.830834960937508527e+00,5.123413085937500000e+00,9.964608660902344803e-05,0.000000000000000000e+00,6.666649132967003913e-05
1.896902252539119047e+02,6.756050415039062784e+01,1.878109558105468864e+02,3.593535355714081152e-03,0.000000000000000000e+00,2.399994060397148132e-03,5.177517145482568139e+00,1.826965332031250000e+00,5.114782714843727263e+00,9.963652941138122221e-05,0.000000000000000000e+00,6.666649132967003913e-05
1.948677423993944728e+02,6.938746948242187784e+01,1.929257385253906136e+02,3.693171885125462375e-03,0.000000000000000000e+00,2.466660551726818171e-03,5.164870178795212041e+00,1.820721435546872158e+00,5.100805664062505684e+00,9.962623184377097235e-05,0.000000000000000000e+00,6.666649132967003913e-05
2.000326125781896849e+02,7.120819091796875000e+01,1.980265441894531193e+02,3.792798116969233347e-03,0.000000000000000000e+00,2.533327043056488211e-03,5.150613914086591194e+00,1.813726806640630684e+00,5.084716796875000000e+00,9.961667852832105721e-05,0.000000000000000000e+00,6.666649132966960545e-05
2.051832264922762761e+02,7.302191772460938068e+01,2.031112609863281193e+02,3.892414795497554404e-03,0.000000000000000000e+00,2.599993534386157816e-03,5.133914016338593456e+00,1.806463623046866473e+00,5.068719482421869316e+00,9.960638498917890465e-05,0.000000000000000000e+00,6.666649132967003913e-05
2.103171405086148695e+02,7.482838134765624716e+01,2.081799804687499886e+02,3.992021180486733309e-03,0.000000000000000000e+00,2.666660025715827855e-03,5.115186559139971223e+00,1.798144531250002842e+00,5.050146484375005684e+00,9.959683555314444159e-05,0.000000000000000000e+00,6.666649132967003913e-05
2.154323270677548408e+02,7.662652587890625000e+01,2.132301269531249943e+02,4.091618016039877750e-03,0.000000000000000000e+00,2.733326517045497894e-03,5.090581318247899389e+00,1.787274169921872158e+00,5.025476074218744316e+00,9.958654604051968978e-05,0.000000000000000000e+00,6.666649132967003913e-05
2.205229083860027401e+02,7.841380004882812216e+01,2.182556030273437386e+02,4.191204562080397440e-03,0.000000000000000000e+00,2.799993008375167933e-03,5.063124376291028739e+00,1.776373291015630684e+00,4.999011230468738631e+00,9.957700048201113124e-05,0.000000000000000000e+00,6.666649132967003913e-05
2.255860327622937689e+02,8.019017333984375284e+01,2.232546142578124773e+02,4.290781562562408571e-03,0.000000000000000000e+00,2.866659499704837973e-03,5.038110913872458241e+00,1.766674804687497158e+00,4.974462890625034106e+00,9.956671499307227780e-05,0.000000000000000000e+00,6.666649132966960545e-05
2.306241436761662271e+02,8.195684814453125000e+01,2.282290771484375114e+02,4.390348277555480849e-03,0.000000000000000000e+00,2.933325991034507578e-03,5.013776519588958536e+00,1.757666015625005684e+00,4.949584960937500000e+00,9.955717330953697819e-05,0.000000000000000000e+00,6.666649132967003913e-05
2.356379201957551857e+02,8.371451416015625568e+01,2.331786621093750114e+02,4.489905450865017827e-03,0.000000000000000000e+00,2.999992482364177617e-03,4.979427628651905025e+00,1.746459960937500000e+00,4.917370605468761369e+00,9.954689184211475139e-05,0.000000000000000000e+00,6.666649132967003913e-05
2.406173478244070907e+02,8.546097412109375568e+01,2.380960327148437727e+02,4.589452342707132579e-03,0.000000000000000000e+00,3.066658973693847656e-03,4.925911269562675443e+00,1.727819824218741473e+00,4.861657714843715894e+00,9.953698324480144549e-05,0.000000000000000000e+00,6.666667759418470202e-05
2.455432590939697661e+02,8.718879394531249716e+01,2.429576904296874886e+02,4.688989325951934024e-03,0.000000000000000000e+00,3.133325651288032358e-03,4.834625135176878530e+00,1.687969970703122158e+00,4.745227050781238631e+00,9.952744736913595597e-05,0.000000000000000000e+00,6.666630506515537624e-05
2.503778842291466447e+02,8.887676391601561932e+01,2.477029174804687273e+02,4.788516773321069980e-03,0.000000000000000000e+00,3.199991956353187735e-03,4.746647852576359128e+00,1.654229736328133527e+00,4.645129394531267053e+00,9.951717192973382614e-05,0.000000000000000000e+00,6.666667759418470202e-05
2.551245320817230038e+02,9.053099365234375284e+01,2.523480468749999943e+02,4.888033945250803806e-03,0.000000000000000000e+00,3.266658633947372437e-03,4.674641765662244097e+00,1.634881591796869316e+00,4.594470214843767053e+00,9.950763992344451025e-05,0.000000000000000000e+00,6.666630506515494256e-05
2.597991738473852479e+02,9.216587524414062216e+01,2.569425170898437614e+02,4.987541585174248317e-03,0.000000000000000000e+00,3.333324939012527379e-03,4.630906689048174485e+00,1.623187255859377842e+00,4.562231445312534106e+00,9.949736849937558525e-05,0.000000000000000000e+00,6.666667759418513570e-05
2.644300805364334224e+02,9.378906250000000000e+01,2.615047485351562955e+02,5.087038953673623902e-03,0.000000000000000000e+00,3.399991616606712515e-03,4.556850322354534910e+00,1.607885742187505684e+00,4.528295898437477263e+00,9.948784035969555906e-05,0.000000000000000000e+00,6.666630506515494256e-05
2.689869308587879573e+02,9.539694824218750568e+01,2.660330444335937727e+02,5.186526794033319461e-03,0.000000000000000000e+00,3.466657921671867457e-03,4.494282263834861624e+00,1.595013427734372158e+00,4.491540527343715894e+00,9.947757294902128539e-05,0.000000000000000000e+00,6.666667759418470202e-05
2.734812131226228189e+02,9.699196166992187784e+01,2.705245849609374886e+02,5.286004366982340746e-03,0.000000000000000000e+00,3.533324599266052159e-03,4.420281623125276838e+00,1.577630615234369316e+00,4.441870117187534106e+00,9.946804867407097600e-05,0.000000000000000000e+00,6.666630506515494256e-05
2.779014947457480957e+02,9.856959228515624716e+01,2.749664550781250227e+02,5.385472415656411722e-03,0.000000000000000000e+00,3.599990904331207102e-03,4.290018185341068602e+00,1.543212890625000000e+00,4.342749023437477263e+00,9.945778527396722385e-05,0.000000000000000000e+00,6.666667759418513570e-05
2.821915129310891643e+02,1.001128051757812472e+02,2.793092041015625000e+02,5.484930200930378946e-03,0.000000000000000000e+00,3.666657581925392238e-03,4.155321239225031604e+00,1.518237304687502842e+00,4.266369628906261369e+00,9.944826486120526138e-05,0.000000000000000000e+00,6.666630506515494256e-05
2.863468341703141959e+02,1.016310424804687500e+02,2.835755737304687614e+02,5.584378465791584208e-03,0.000000000000000000e+00,3.733323886990547180e-03,4.124885735331702108e+00,1.518749999999997158e+00,4.252233886718727263e+00,9.943800546951576946e-05,0.000000000000000000e+00,6.666667759418470202e-05
2.904717199056458981e+02,1.031497924804687472e+02,2.878278076171874886e+02,5.683816471261099977e-03,0.000000000000000000e+00,3.799990564584731882e-03,4.080002281807139752e+00,1.518408203125005684e+00,4.236230468750022737e+00,9.942811853571372621e-05,0.000000000000000000e+00,6.666630506515537624e-05
2.945517221874530378e+02,1.046682006835937528e+02,2.920640380859375114e+02,5.783244589796813703e-03,0.000000000000000000e+00,3.866656869649887258e-03,4.090999556563076567e+00,1.513842773437502842e+00,4.230212402343738631e+00,9.941860391166155303e-05,0.000000000000000000e+00,6.666667759418470202e-05
2.986427217440161144e+02,1.061820434570312557e+02,2.962942504882812500e+02,5.882663193708475256e-03,0.000000000000000000e+00,3.933323547244071960e-03,4.054057463678077511e+00,1.498120117187497158e+00,4.188793945312511369e+00,9.940835052835682306e-05,0.000000000000000000e+00,6.666630506515537624e-05
3.026967792076941919e+02,1.076801635742187528e+02,3.004830444335937614e+02,5.982071544236832079e-03,0.000000000000000000e+00,3.999989852309227337e-03,4.056380554415795814e+00,1.489233398437491473e+00,4.168566894531238631e+00,9.939883976092106499e-05,0.000000000000000000e+00,6.666667759418470202e-05
3.067531597621099877e+02,1.091693969726562443e+02,3.046516113281250000e+02,6.081470383997753144e-03,0.000000000000000000e+00,4.066656529903412039e-03,4.019841363820660263e+00,1.483190917968755684e+00,4.144873046874977263e+00,9.938859037987232692e-05,0.000000000000000000e+00,6.666630506515450888e-05
3.107730011259306480e+02,1.106525878906250000e+02,3.087964843749999773e+02,6.180858974377625471e-03,0.000000000000000000e+00,4.133322834968566548e-03,3.897672238274140000e+00,1.434252929687502842e+00,4.039331054687522737e+00,9.937908346629650835e-05,0.000000000000000000e+00,6.666667759418556938e-05
3.146706733642047880e+02,1.120868408203125028e+02,3.128358154296875000e+02,6.280238057843921980e-03,0.000000000000000000e+00,4.199989512562752117e-03,3.754311302288158458e+00,1.393078613281247158e+00,3.942456054687511369e+00,9.936920824566916610e-05,0.000000000000000000e+00,6.666630506515450888e-05
3.184249846664929464e+02,1.134799194335937500e+02,3.167782714843750114e+02,6.379607266089591146e-03,0.000000000000000000e+00,4.266655817627906626e-03,3.474454661552726975e+00,1.321264648437505684e+00,3.783630371093693157e+00,9.935859474057701091e-05,0.000000000000000000e+00,6.666667759418470202e-05
3.218994393280456734e+02,1.148011840820312557e+02,3.205619018554687045e+02,6.478965860830168157e-03,0.000000000000000000e+00,4.333322495222091328e-03,3.533996607657854838e+00,1.333300781249988631e+00,3.812084960937568212e+00,9.934946376409861668e-05,0.000000000000000000e+00,6.666667759418556938e-05
3.254334359357035282e+02,1.161344848632812443e+02,3.243739868164062727e+02,6.578315324594266773e-03,0.000000000000000000e+00,4.399989172816276897e-03,3.580677177923234922e+00,1.341906738281252842e+00,3.833325195312454525e+00,9.933959442865424039e-05,0.000000000000000000e+00,6.666630506515450888e-05
3.290141131136267632e+02,1.174763916015624972e+02,3.282073120117187273e+02,6.677654919022921014e-03,0.000000000000000000e+00,4.466655477881431406e-03,3.610214557292067639e+00,1.348620605468752842e+00,3.846044921874977263e+00,9.932972705362433374e-05,0.000000000000000000e+00,6.666667759418470202e-05
3.326243276709188308e+02,1.188250122070312500e+02,3.320533569335937045e+02,6.776984646076545347e-03,0.000000000000000000e+00,4.533322155475616108e-03,3.622675428096272299e+00,1.351452636718747158e+00,3.845959472656318212e+00,9.931912168674623953e-05,0.000000000000000000e+00,6.666630506515537624e-05
3.362470030990151031e+02,1.201764648437499972e+02,3.358993164062500227e+02,6.876303767763291587e-03,0.000000000000000000e+00,4.599988460540771484e-03,3.631132946199898015e+00,1.347363281249997158e+00,3.833679199218750000e+00,9.930999825706263162e-05,0.000000000000000000e+00,6.666667759418470202e-05
3.398781360452150011e+02,1.215238281249999943e+02,3.397329956054687727e+02,6.975613766020354219e-03,0.000000000000000000e+00,4.666655138134956186e-03,3.566371241089882460e+00,1.321166992187500000e+00,3.763476562499931788e+00,9.930013676086660301e-05,0.000000000000000000e+00,6.666630506515537624e-05
3.434445072863048836e+02,1.228449951171874943e+02,3.434964721679687045e+02,7.074913902781220822e-03,0.000000000000000000e+00,4.733321443200111563e-03,8.852356518774513461e-01,3.287719726562556843e-01,9.357299804687500000e-01,2.482312366738643333e-05,0.000000000000000000e+00,1.666657626628841038e-05
3.443297429381823349e+02,1.231737670898437500e+02,3.444322021484374545e+02,7.099737026448607255e-03,0.000000000000000000e+00,4.749988019466399973e-03,3.180570123444852015e+00,1.182165527343755684e+00,3.378662109375000000e+00,9.308233579599211466e-05,0.000000000000000000e+00,6.249994039535505114e-05
3.475103130616271869e+02,1.243559326171875057e+02,3.478108642578124545e+02,7.192819362244599370e-03,0.000000000000000000e+00,4.812487959861755024e-03,2.660100180416293369e+00,1.006567382812491473e+00,2.942663574218784106e+00,8.376662089996673305e-05,0.000000000000000000e+00,5.625002086162567139e-05
3.501704132420434803e+02,1.253624999999999972e+02,3.507535278320312386e+02,7.276585983144566103e-03,0.000000000000000000e+00,4.868737980723380696e-03,2.755240648513961332e+00,1.042761230468755684e+00,3.097399902343738631e+00,9.654415011070473923e-05,0.000000000000000000e+00,6.483532488346134548e-05
3.529256538905574416e+02,1.264052612304687528e+02,3.538509277343749773e+02,7.373130133255270842e-03,0.000000000000000000e+00,4.933573305606842041e-03,2.381207137324508949e+00,8.983398437499943157e-01,2.869824218750068212e+00,9.980495340892146794e-05,0.000000000000000000e+00,6.703212857246416273e-05
3.553068610278819506e+02,1.273036010742187472e+02,3.567207519531250455e+02,7.472935086664192310e-03,0.000000000000000000e+00,5.000605434179306204e-03,2.435285978428339604e+00,8.980224609374971578e-01,3.071752929687477263e+00,1.209966527555067159e-04,0.000000000000000000e+00,8.127465844154357910e-05
3.577421470063102902e+02,1.282016235351562443e+02,3.597925048828125227e+02,7.593931739419699026e-03,0.000000000000000000e+00,5.081880092620849783e-03,1.827606847733989071e+00,6.908325195312556843e-01,2.509948730468750000e+00,9.923875972524687922e-05,0.000000000000000000e+00,6.666630506515450888e-05
3.595697538540442793e+02,1.288924560546875000e+02,3.623024536132812727e+02,7.693170499144945905e-03,0.000000000000000000e+00,5.148546397686004292e-03,1.098521216373342213e+00,4.409667968749886313e-01,2.084033203124988631e+00,9.922891237082540755e-05,0.000000000000000000e+00,6.666667759418556938e-05
3.606682750704176215e+02,1.293334228515624886e+02,3.643864868164062614e+02,7.792399411515771313e-03,0.000000000000000000e+00,5.215213075280189861e-03,1.110125403193137572e+00,4.269653320312727374e-01,2.058593749999943157e+00,9.921906697093509087e-05,0.000000000000000000e+00,6.666630506515450888e-05
3.617784004736107590e+02,1.297603881835937614e+02,3.664450805664062045e+02,7.891618478486706403e-03,0.000000000000000000e+00,5.281879380345344370e-03,8.683488469706617252e-01,3.165405273437329470e-01,1.834179687500068212e+00,9.920848439600588042e-05,0.000000000000000000e+00,6.666667759418470202e-05
3.626467493205814208e+02,1.300769287109374943e+02,3.682792602539062727e+02,7.990826962882712284e-03,0.000000000000000000e+00,5.348546057939529072e-03,6.676280841614357087e-01,2.027709960937613687e-01,1.579797363281215894e+00,9.919938210397813427e-05,0.000000000000000000e+00,6.666630506515537624e-05
3.633143774047428565e+02,1.302796997070312557e+02,3.698590576171874886e+02,8.090026344986690418e-03,0.000000000000000000e+00,5.415212363004684448e-03,-2.269557140899621572e+00,-9.508911132812443157e-01,-6.410034179687613687e-01,9.918954256263844138e-05,0.000000000000000000e+00,6.666667759418470202e-05
3.610448202638432349e+02,1.293288085937500114e+02,3.692180541992187273e+02,8.189215887549328859e-03,0.000000000000000000e+00,5.481879040598869150e-03,-3.192251056976715518e+00,-1.353051757812508527e+00,-1.408056640624977263e+00,9.917896606463985631e-05,0.000000000000000000e+00,6.666630506515537624e-05
3.578525692068665194e+02,1.279757568359375028e+02,3.678099975585937500e+02,8.288394853613968716e-03,0.000000000000000000e+00,5.548545345664024526e-03,-4.595746098674908353e+00,-2.008813476562508527e+00,-2.597277832031295475e+00,9.916986940794458860e-05,0.000000000000000000e+00,6.666667759418470202e-05
3.532568231081916110e+02,1.259669433593749943e+02,3.652127197265624545e+02,8.387564723021913304e-03,0.000000000000000000e+00,5.615212023258209229e-03,-4.246143831556480563e+00,-2.053124999999994316e+00,-2.649340820312431788e+00,9.916003571992272614e-05,0.000000000000000000e+00,6.666630506515537624e-05
3.490106792766351305e+02,1.239138183593750000e+02,3.625633789062500227e+02,8.486724758741836031e-03,0.000000000000000000e+00,5.681878328323364605e-03,-5.077185957403457905e+00,-2.484521484374994316e+00,-3.474401855468784106e+00,9.915020398236669419e-05,0.000000000000000000e+00,6.666667759418470202e-05
3.439334933192316726e+02,1.214292968750000057e+02,3.590889770507812386e+02,8.585874962724202725e-03,0.000000000000000000e+00,5.748545005917549307e-03,-6.539542711917817996e+00,-3.136877441406255684e+00,-4.692553710937488631e+00,9.913963557862080778e-05,0.000000000000000000e+00,6.666667759418470202e-05
3.373939506073138546e+02,1.182924194335937500e+02,3.543964233398437500e+02,8.685014598302823532e-03,0.000000000000000000e+00,5.815211683511734009e-03,-5.316096471410730828e+00,-2.775842285156244316e+00,-3.832958984374954525e+00,9.913054642778258707e-05,0.000000000000000000e+00,6.666630506515537624e-05
3.320778541359031237e+02,1.155165771484375057e+02,3.505634643554687955e+02,8.784145144730606120e-03,0.000000000000000000e+00,5.881877988576889385e-03,-6.734969491683273191e+00,-3.677978515625000000e+00,-5.430261230468772737e+00,9.912072053636609981e-05,0.000000000000000000e+00,6.666667759418470202e-05
3.253428846442198505e+02,1.118385986328125057e+02,3.451332031250000227e+02,8.883265865266972219e-03,0.000000000000000000e+00,5.948544666171074087e-03,-8.805916467150325389e+00,-4.672229003906252842e+00,-7.189636230468750000e+00,9.911089659309438304e-05,0.000000000000000000e+00,6.666630506515450888e-05
3.165369681770695252e+02,1.071663696289062528e+02,3.379435668945312727e+02,8.982376761860066602e-03,0.000000000000000000e+00,6.015210971236228596e-03,-8.034221199806609093e+00,-4.331799316406247158e+00,-6.508312988281261369e+00,9.910033627409144119e-05,0.000000000000000000e+00,6.666667759418556938e-05
3.085027469772629161e+02,1.028345703125000057e+02,3.314352539062500114e+02,9.081477098134158044e-03,0.000000000000000000e+00,6.081877648830414165e-03,-1.106486781840595768e+01,-5.760632324218761369e+00,-9.041796874999988631e+00,9.909125462007062346e-05,0.000000000000000000e+00,6.666630506515450888e-05
2.974378791588569584e+02,9.707393798828124432e+01,3.223934570312500227e+02,9.180568352754228667e-03,0.000000000000000000e+00,6.148543953895568674e-03,-1.179370022235468696e+01,-6.348913574218741473e+00,-1.001093750000006821e+01,9.908143651620772430e-05,0.000000000000000000e+00,6.666667759418470202e-05
2.856441789365022714e+02,9.072502441406250284e+01,3.123825195312499545e+02,9.279649789270436391e-03,0.000000000000000000e+00,6.215210631489753376e-03,-1.304904826538700036e+01,-6.975042724609380684e+00,-1.101057128906245453e+01,9.907162035751801432e-05,0.000000000000000000e+00,6.666667759418556938e-05
2.725951306711152711e+02,8.374998168945312216e+01,3.013719482421875000e+02,9.378721409627954406e-03,0.000000000000000000e+00,6.281877309083938946e-03,-1.399387726420985700e+01,-7.340148925781250000e+00,-1.147266845703126137e+01,9.906106811420276048e-05,0.000000000000000000e+00,6.666630506515450888e-05
2.586012534069054141e+02,7.640983276367187216e+01,2.898992797851562386e+02,9.477782477742157166e-03,0.000000000000000000e+00,6.348543614149093454e-03,-1.161871693843565367e+01,-6.229681396484366473e+00,-9.489355468749977263e+00,9.905199394753642916e-05,0.000000000000000000e+00,6.666630506515537624e-05
2.469825364684697604e+02,7.018015136718750568e+01,2.804099243164062614e+02,9.576834471689693595e-03,0.000000000000000000e+00,6.415209919214248831e-03,-1.314108049088025609e+01,-6.976690673828130684e+00,-1.076689453124998863e+01,9.904218362197410308e-05,0.000000000000000000e+00,6.666630506515450888e-05
2.338414559775895043e+02,6.320346069335937500e+01,2.696430297851562727e+02,9.675876655311667698e-03,0.000000000000000000e+00,6.481876224279403340e-03,-1.344596960982721612e+01,-6.983062744140625000e+00,-1.075090332031254547e+01,9.903163742843411332e-05,0.000000000000000000e+00,6.666705012321489515e-05
2.203954863677622882e+02,5.622039794921875000e+01,2.588921264648437273e+02,9.774908292740101812e-03,0.000000000000000000e+00,6.548543274402618235e-03,-1.132935245106449429e+01,-5.881030273437502842e+00,-8.862622070312482947e+00,9.902256887213065073e-05,0.000000000000000000e+00,6.666630506515537624e-05
2.090661339166977939e+02,5.033936767578124716e+01,2.500295043945312443e+02,9.873930861612232462e-03,0.000000000000000000e+00,6.615209579467773611e-03,-8.596820527473028051e+00,-4.524722290039058237e+00,-6.581372070312482947e+00,9.901276437362417637e-05,0.000000000000000000e+00,6.666630506515450888e-05
2.004693133892247658e+02,4.581464538574218892e+01,2.434481323242187614e+02,9.972943625985856639e-03,0.000000000000000000e+00,6.681875884532928120e-03,-1.019797851902839625e+01,-4.890100097656251421e+00,-7.536669921874988631e+00,9.900296181690644570e-05,0.000000000000000000e+00,6.666630506515537624e-05
1.902713348701963696e+02,4.092454528808593750e+01,2.359114624023437727e+02,1.007194658780276308e-02,0.000000000000000000e+00,6.748542189598083496e-03,-9.626855661796184904e+00,-4.385916137695311079e+00,-7.162231445312528422e+00,9.899242368203650666e-05,0.000000000000000000e+00,6.666705012321489515e-05
1.806444792084001847e+02,3.653862915039062642e+01,2.287492309570312443e+02,1.017093901148479959e-02,0.000000000000000000e+00,6.815209239721298391e-03,-8.531852011829585081e+00,-3.675308227539062500e+00,-6.373217773437517053e+00,9.898336259776645274e-05,0.000000000000000000e+00,6.666630506515450888e-05
1.721126271965705996e+02,3.286332092285156392e+01,2.223760131835937273e+02,1.026992237408256604e-02,0.000000000000000000e+00,6.881875544786452900e-03,-8.749061071286888591e+00,-3.407434082031251421e+00,-6.676770019531232947e+00,9.897356586140160228e-05,0.000000000000000000e+00,6.666630506515537624e-05
1.633635661252837110e+02,2.945588684082031250e+01,2.156992431640624943e+02,1.036889593994396765e-02,0.000000000000000000e+00,6.948541849851608276e-03,-7.752485498694568378e+00,-2.980236816406250711e+00,-6.127276611328113631e+00,9.896377106386085309e-05,0.000000000000000000e+00,6.666630506515537624e-05
1.556110806265891426e+02,2.647565002441406179e+01,2.095719665527343807e+02,1.046785971100782850e-02,0.000000000000000000e+00,7.015208154916763653e-03,-7.135571824973283128e+00,-2.793003845214844461e+00,-5.766186523437511369e+00,9.895324097865081103e-05,0.000000000000000000e+00,6.666705012321402779e-05
1.484755088016158595e+02,2.368264617919921733e+01,2.038057800292968693e+02,1.056681295198647931e-02,0.000000000000000000e+00,7.081875205039977680e-03,-5.003734917163654927e+00,-2.034445190429686079e+00,-3.969091796875005684e+00,9.894418735698941314e-05,0.000000000000000000e+00,6.666630506515537624e-05
1.434717738844522046e+02,2.164820098876953125e+01,1.998366882324218636e+02,1.066575713934346872e-02,0.000000000000000000e+00,7.148541510105133057e-03,-3.753884049248085830e+00,-1.545623779296875000e+00,-2.852484130859352263e+00,9.893439837355133548e-05,0.000000000000000000e+00,6.666630506515537624e-05
1.397178898352041188e+02,2.010257720947265625e+01,1.969842041015625114e+02,1.076469153771702006e-02,0.000000000000000000e+00,7.215207815170288433e-03,-3.330812144447207857e+00,-1.365473937988280539e+00,-2.484649658203125000e+00,9.892387431862000036e-05,0.000000000000000000e+00,6.666705012321402779e-05
1.363870776907569109e+02,1.873710327148437571e+01,1.944995544433593864e+02,1.086361541203564006e-02,0.000000000000000000e+00,7.281874865293502461e-03,-2.531084775050373992e+00,-1.039613342285157671e+00,-1.823663330078147737e+00,9.891482628878768557e-05,0.000000000000000000e+00,6.666630506515537624e-05
1.338559929157065369e+02,1.769748992919921804e+01,1.926758911132812386e+02,1.096253023832442774e-02,0.000000000000000000e+00,7.348541170358657837e-03,-2.084605690412843160e+00,-9.225906372070298289e-01,-1.467047119140602263e+00,9.890504311340329868e-05,0.000000000000000000e+00,6.666630506515537624e-05
1.317713872252936937e+02,1.677489929199218821e+01,1.912088439941406364e+02,1.106143528143783104e-02,0.000000000000000000e+00,7.415207475423813213e-03,-1.994970954765705073e+00,-8.895019531250003553e-01,-1.401934814453142053e+00,9.889526187347591479e-05,0.000000000000000000e+00,6.666630506515450888e-05
1.297764162705279887e+02,1.588539733886718786e+01,1.898069091796874943e+02,1.116033054331130696e-02,0.000000000000000000e+00,7.481873780488967722e-03,-1.855089123226619563e+00,-8.437622070312507105e-01,-1.268811035156232947e+00,9.888474585125796301e-05,0.000000000000000000e+00,6.666705012321489515e-05
1.279213271473013691e+02,1.504163513183593714e+01,1.885380981445312614e+02,1.125921528916256492e-02,0.000000000000000000e+00,7.548540830612182617e-03,-1.799356069611164344e+00,-8.275833129882812500e-01,-1.179919433593767053e+00,9.887570526878261545e-05,0.000000000000000000e+00,6.666630506515537624e-05
1.261219710776902048e+02,1.421405181884765589e+01,1.873581787109374943e+02,1.135809099443134754e-02,0.000000000000000000e+00,7.615207135677337993e-03,-1.691511563012213060e+00,-7.666137695312489342e-01,-1.078100585937505684e+00,9.886592983023370640e-05,0.000000000000000000e+00,6.666630506515450888e-05
1.244304595146779917e+02,1.344743804931640696e+01,1.862800781249999886e+02,1.145695692426158124e-02,0.000000000000000000e+00,7.681873440742492502e-03,-1.673609135303607331e+00,-7.465583801269541908e-01,-1.074963378906261369e+00,9.885615632419450516e-05,0.000000000000000000e+00,6.666630506515537624e-05
1.227568503793743844e+02,1.270087966918945277e+01,1.852051147460937273e+02,1.155581308058577575e-02,0.000000000000000000e+00,7.748539745807647879e-03,-1.602682269821229966e+00,-7.447509765625000000e-01,-1.032696533203107947e+00,9.884564832571794690e-05,0.000000000000000000e+00,6.666705012321489515e-05
1.211541681095531544e+02,1.195612869262695277e+01,1.841724182128906193e+02,1.165465872891149370e-02,0.000000000000000000e+00,7.815206795930862774e-03,-1.590118940053613983e+00,-6.963630676269527697e-01,-1.073718261718738631e+00,9.883661518121297784e-05,0.000000000000000000e+00,6.666630506515537624e-05
1.195640491694995404e+02,1.125976562500000000e+01,1.830986999511718807e+02,1.175349534409270667e-02,0.000000000000000000e+00,7.881873100996018150e-03,-1.754564262540640129e+00,-7.247016906738288355e-01,-1.221289062500005684e+00,9.882684747032979833e-05,0.000000000000000000e+00,6.666630506515364152e-05
1.178094849069589003e+02,1.053506393432617116e+01,1.818774108886718750e+02,1.185232219156303647e-02,0.000000000000000000e+00,7.948539406061171791e-03,-1.590138552507468717e+00,-6.580001831054680395e-01,-1.051373291015636369e+00,9.881634548272386076e-05,0.000000000000000000e+00,6.666630506515537624e-05
1.162193463544514316e+02,9.877063751220703125e+00,1.808260375976562386e+02,1.195113853704576033e-02,0.000000000000000000e+00,8.015205711126327168e-03,-1.414816121700837925e+00,-5.941085815429687500e-01,-9.026062011718636313e-01,9.880731791159572119e-05,0.000000000000000000e+00,6.666705012321576251e-05
1.148045302327505937e+02,9.282955169677734375e+00,1.799234313964843750e+02,1.204994585495735605e-02,0.000000000000000000e+00,8.081872761249542930e-03,-1.274669345332299031e+00,-5.440124511718753553e-01,-8.036376953124886313e-01,9.879755598984560350e-05,0.000000000000000000e+00,6.666630506515364152e-05
1.135298608874182946e+02,8.738942718505859020e+00,1.791197937011718864e+02,1.214874341094720166e-02,0.000000000000000000e+00,8.148539066314696572e-03,-1.245154329734006637e+00,-4.864410400390628553e-01,-7.551208496093977374e-01,9.878779599725023841e-05,0.000000000000000000e+00,6.666630506515537624e-05
1.122847065576842880e+02,8.252501678466796164e+00,1.783646728515624886e+02,1.224753120694445190e-02,0.000000000000000000e+00,8.215205371379851948e-03,-1.195671310104984286e+00,-4.598091125488270592e-01,-7.211608886718750000e-01,9.877730201651030439e-05,0.000000000000000000e+00,6.666630506515537624e-05
1.110890352475793037e+02,7.792692565917969105e+00,1.776435119628906136e+02,1.234630850896096220e-02,0.000000000000000000e+00,8.281871676445007324e-03,-1.136310191208266929e+00,-4.424201965332033026e-01,-6.830627441406136313e-01,9.876828186817024346e-05,0.000000000000000000e+00,6.666705012321402779e-05
1.099527250563710368e+02,7.350272369384765803e+00,1.769604492187500000e+02,1.244507679082913244e-02,0.000000000000000000e+00,8.348538726568221352e-03,-1.033309108534410825e+00,-3.984252929687501776e-01,-6.100952148437386313e-01,9.875852765806568401e-05,0.000000000000000000e+00,6.666630506515537624e-05
1.089194159478366259e+02,6.951847076416015625e+00,1.763503540039062614e+02,1.254383531848719813e-02,0.000000000000000000e+00,8.415205031633376728e-03,-1.010385402500432406e+00,-3.942703247070316053e-01,-5.906677246093750000e-01,9.874877537417378615e-05,0.000000000000000000e+00,6.666630506515537624e-05
1.079090305453361935e+02,6.557576751708984020e+00,1.757596862792968864e+02,1.264258409386137191e-02,0.000000000000000000e+00,8.481871336698532104e-03,-9.893711964541864745e-01,-3.880386352539062500e-01,-5.725708007812500000e-01,9.873902501658302078e-05,0.000000000000000000e+00,6.666630506515537624e-05
1.069196593488820071e+02,6.169538116455077770e+00,1.751871154785156364e+02,1.274132311887795493e-02,0.000000000000000000e+00,8.548537641763687481e-03,-9.872937061768141120e-01,-3.871719360351555395e-01,-5.737121582031363687e-01,9.872780547867145151e-05,0.000000000000000000e+00,6.666705012321402779e-05
1.059323656427051930e+02,5.782366180419922230e+00,1.746134033203125000e+02,1.284005092435662639e-02,0.000000000000000000e+00,8.615204691886901509e-03,-9.850173729068956163e-01,-3.845397949218751776e-01,-5.689392089843750000e-01,9.871953022148709234e-05,0.000000000000000000e+00,6.666630506515537624e-05
1.049473482697982973e+02,5.397826385498047053e+00,1.740444641113281250e+02,1.293877045457811348e-02,0.000000000000000000e+00,8.681870996952056885e-03,-9.481369769364391686e-01,-3.559730529785154474e-01,-5.351867675781250000e-01,9.870978563759381930e-05,0.000000000000000000e+00,6.666630506515537624e-05
1.039992112928618582e+02,5.041853332519531605e+00,1.735092773437500000e+02,1.303748024021570730e-02,0.000000000000000000e+00,8.748537302017212261e-03,-9.958766721965446322e-01,-3.419513702392578125e-01,-5.993164062500113687e-01,9.870004297772051738e-05,0.000000000000000000e+00,6.666705012321402779e-05
1.030033346206653135e+02,4.699901962280273793e+00,1.729099609374999886e+02,1.313618028319342781e-02,0.000000000000000000e+00,8.815204352140426289e-03,-9.928467927038440166e-01,-3.419548034667974079e-01,-6.089599609374829470e-01,9.869030224042216193e-05,0.000000000000000000e+00,6.666630506515537624e-05
1.020104878279614695e+02,4.357947158813476385e+00,1.723010009765625057e+02,1.323487058543384998e-02,0.000000000000000000e+00,8.881870657205581665e-03,-9.151700417174595259e-01,-3.193614959716795099e-01,-5.713378906250170530e-01,9.868056342600232955e-05,0.000000000000000000e+00,6.666630506515537624e-05
1.010953177862440100e+02,4.038585662841796875e+00,1.717296630859374886e+02,1.333355114885985231e-02,0.000000000000000000e+00,8.948536962270737041e-03,-8.728173416192532841e-01,-3.100612640380857599e-01,-5.443420410156250000e-01,9.867082653323804020e-05,0.000000000000000000e+00,6.666630506515537624e-05
1.002225004446247567e+02,3.728524398803711115e+00,1.711853210449218636e+02,1.343222197539309035e-02,0.000000000000000000e+00,9.015203267335892418e-03,-8.859464168406816498e-01,-3.039810180664064276e-01,-5.595886230468636313e-01,9.866109156156030457e-05,0.000000000000000000e+00,6.666705012321402779e-05
9.933655402778407506e+01,3.424543380737304688e+00,1.706257324218750000e+02,1.353088306695465065e-02,0.000000000000000000e+00,9.081870317459106445e-03,-8.652536484992054966e-01,-3.053716659545897549e-01,-5.399230957031306843e-01,9.864988856661538463e-05,0.000000000000000000e+00,6.666630506515537624e-05
9.847130037928486956e+01,3.119171714782714933e+00,1.700858093261718693e+02,1.362953295552126604e-02,0.000000000000000000e+00,9.148536622524261822e-03,-8.502658297519332109e-01,-3.005123138427734375e-01,-5.472351074218693157e-01,9.864162752549338053e-05,0.000000000000000000e+00,6.666630506515537624e-05
9.762103454953293635e+01,2.818659400939941495e+00,1.695385742187500000e+02,1.372817458304675942e-02,0.000000000000000000e+00,9.215202927589417198e-03,-8.474154959565396439e-01,-2.955234527587893290e-01,-5.723815917968977374e-01,9.863189831450965006e-05,0.000000000000000000e+00,6.666630506515364152e-05
9.677361905357639671e+01,2.523135948181152166e+00,1.689661926269531023e+02,1.382680648136126907e-02,0.000000000000000000e+00,9.281869232654570839e-03,-8.383256515283505905e-01,-2.914108276367186612e-01,-5.790222167968295253e-01,9.862217102233825083e-05,0.000000000000000000e+00,6.666705012321576251e-05
9.593529340204804612e+01,2.231725120544433505e+00,1.683871704101562727e+02,1.392542865238360732e-02,0.000000000000000000e+00,9.348536282777786602e-03,-8.792521514803155469e-01,-2.920083999633789062e-01,-6.155578613281704747e-01,9.861244564906938848e-05,0.000000000000000000e+00,6.666630506515537624e-05
9.505604125056773057e+01,1.939716720581054599e+00,1.677716125488281023e+02,1.402404109803267671e-02,0.000000000000000000e+00,9.415202587842941978e-03,-8.708228674918387924e-01,-2.900741577148435724e-01,-6.159362792968465783e-01,9.860272219325977305e-05,0.000000000000000000e+00,6.666630506515364152e-05
9.418521838307589178e+01,1.649642562866211026e+00,1.671556762695312557e+02,1.412264382022593648e-02,0.000000000000000000e+00,9.481868892908095620e-03,-8.479909228225750439e-01,-2.821619987487793413e-01,-6.044250488281193157e-01,9.859300065521645062e-05,0.000000000000000000e+00,6.666630506515537624e-05
9.333722746025331674e+01,1.367480564117431685e+00,1.665512512207031364e+02,1.422123682088115293e-02,0.000000000000000000e+00,9.548535197973250996e-03,-8.194189385672956405e-01,-2.728672981262207919e-01,-5.897094726562386313e-01,9.858181210360868196e-05,0.000000000000000000e+00,6.666705012321576251e-05
9.251780852168602109e+01,1.094613265991210893e+00,1.659615417480468977e+02,1.431981863298476161e-02,0.000000000000000000e+00,9.615202248096466758e-03,-8.250126905085153339e-01,-2.715127944946288396e-01,-6.099121093750454747e-01,9.857356347320322953e-05,0.000000000000000000e+00,6.666630506515364152e-05
9.169279583117750576e+01,8.231004714965820535e-01,1.653516296386718523e+02,1.441839219645796484e-02,0.000000000000000000e+00,9.681868553161620400e-03,-8.144450652336843177e-01,-2.689504146575928401e-01,-6.079956054687158939e-01,9.856384768328237123e-05,0.000000000000000000e+00,6.666630506515537624e-05
9.087835076594382144e+01,5.541500568389892134e-01,1.647436340332031364e+02,1.451695604414124721e-02,0.000000000000000000e+00,9.748534858226775776e-03,-8.037751727073469965e-01,-2.659234762191772239e-01,-6.065307617187727374e-01,9.855413380885878760e-05,0.000000000000000000e+00,6.666630506515537624e-05
9.007457559323647445e+01,2.882265806198119895e-01,1.641371032714843636e+02,1.461551017795010600e-02,0.000000000000000000e+00,9.815201163291931152e-03,-8.057687811887319640e-01,-2.559462249279021995e-01,-6.237670898437386313e-01,9.854442184871470278e-05,0.000000000000000000e+00,6.666705012321402779e-05
8.926880681204774248e+01,3.228035569190979004e-02,1.635133361816406250e+02,1.471405459979882070e-02,0.000000000000000000e+00,9.881868213415145180e-03,-8.077195694815628713e-01,-2.446240723133087103e-01,-6.844726562499943157e-01,9.853471180228112747e-05,0.000000000000000000e+00,6.666630506515537624e-05
8.846108724256617961e+01,-2.123437166213989202e-01,1.628288635253906307e+02,1.481258931160110183e-02,0.000000000000000000e+00,9.948534518480300556e-03,-8.132207409974512302e-01,-2.400109529495239313e-01,-7.015563964843920530e-01,9.852500366965173673e-05,0.000000000000000000e+00,6.666630506515537624e-05
8.764786650156872838e+01,-4.523546695709228516e-01,1.621273071289062386e+02,1.491111431527075357e-02,0.000000000000000000e+00,1.001520082354545593e-02,-8.361709146949323213e-01,-2.383015155792236328e-01,-7.382812500000000000e-01,9.851529744937977118e-05,0.000000000000000000e+00,6.666705012321402779e-05
8.681169558687379606e+01,-6.906561851501464844e-01,1.613890258789062386e+02,1.500962961272013334e-02,0.000000000000000000e+00,1.008186787366866996e-02,-8.328488960945321651e-01,-2.423586845397949219e-01,-7.335021972656363687e-01,9.850412536941549613e-05,0.000000000000000000e+00,6.666630506515537624e-05
8.597884669077926389e+01,-9.330148696899414062e-01,1.606555236816406023e+02,1.510813373808954883e-02,0.000000000000000000e+00,1.014853417873382534e-02,-8.568049578278191802e-01,-2.613040924072265181e-01,-7.560546874999829470e-01,9.849589088997863506e-05,0.000000000000000000e+00,6.666630506515537624e-05
8.512204173295144471e+01,-1.194318962097167924e+00,1.598994689941406193e+02,1.520662962897952747e-02,0.000000000000000000e+00,1.021520048379898071e-02,-8.728041972516820124e-01,-2.602988243103028232e-01,-7.700500488280965783e-01,9.848619040512575362e-05,0.000000000000000000e+00,6.666630506515537624e-05
8.424923753569976270e+01,-1.454617786407470748e+00,1.591294189453125227e+02,1.530511581938465322e-02,0.000000000000000000e+00,1.028186678886413609e-02,-8.618828738605230910e-01,-2.589074134826658824e-01,-7.687316894531477374e-01,9.847649183037515686e-05,0.000000000000000000e+00,6.666705012321402779e-05
8.338735466183923961e+01,-1.713525199890136630e+00,1.583606872558593750e+02,1.540359231121502838e-02,0.000000000000000000e+00,1.034853383898735012e-02,-8.494085554075212485e-01,-2.548618316650390625e-01,-7.715270996093863687e-01,9.846679516603562554e-05,0.000000000000000000e+00,6.666630506515537624e-05
8.253794610643171836e+01,-1.968387031555175692e+00,1.575891601562499886e+02,1.550205910638106400e-02,0.000000000000000000e+00,1.041520014405250549e-02,-8.430369896138643071e-01,-2.499940872192385477e-01,-7.777404785156250000e-01,9.845710041088764908e-05,0.000000000000000000e+00,6.666630506515537624e-05
8.169490911681785406e+01,-2.218381118774414240e+00,1.568114196777343636e+02,1.560051620679195165e-02,0.000000000000000000e+00,1.048186644911766087e-02,-8.520025161350872622e-01,-2.499639511108395773e-01,-7.937683105468522626e-01,9.844740756437091178e-05,0.000000000000000000e+00,6.666630506515537624e-05
8.084290660068276679e+01,-2.468345069885253817e+00,1.560176513671875114e+02,1.569896361435632257e-02,0.000000000000000000e+00,1.054853275418281625e-02,-8.396713505883042217e-01,-2.449848175048829901e-01,-7.906433105468977374e-01,9.843624986532323318e-05,0.000000000000000000e+00,6.666705012321402779e-05
8.000323525009446257e+01,-2.713329887390136808e+00,1.552270080566406136e+02,1.579739986422164580e-02,0.000000000000000000e+00,1.061519980430603027e-02,-8.361855288953705667e-01,-2.377092361450192648e-01,-7.967041015625113687e-01,9.842802774064074445e-05,0.000000000000000000e+00,6.666630506515537624e-05
7.916704972119909201e+01,-2.951039123535156072e+00,1.544303039550781023e+02,1.589582789196228654e-02,0.000000000000000000e+00,1.068186610937118565e-02,-8.477322053142160030e-01,-2.293596267700195312e-01,-8.061279296874772626e-01,9.841834061747115059e-05,0.000000000000000000e+00,6.666630506515537624e-05
7.831931751588487600e+01,-3.180398750305175604e+00,1.536241760253906250e+02,1.599424623257975769e-02,0.000000000000000000e+00,1.074853241443634103e-02,-8.726673057309142223e-01,-2.364347457885744852e-01,-8.182067871093750000e-01,9.840865540067939010e-05,0.000000000000000000e+00,6.666630506515364152e-05
7.744665021015396178e+01,-3.416833496093750089e+00,1.528059692382812500e+02,1.609265488798043708e-02,0.000000000000000000e+00,1.081519871950149467e-02,-9.021690271759013058e-01,-2.470943450927731710e-01,-8.079956054687613687e-01,9.839897209035219916e-05,0.000000000000000000e+00,6.666705012321576251e-05
7.654448118297806047e+01,-3.663927841186523260e+00,1.519979736328124886e+02,1.619105386007078928e-02,0.000000000000000000e+00,1.088186576962471043e-02,-9.402343808139050907e-01,-2.222221374511721415e-01,-8.607971191406136313e-01,9.838929068505669617e-05,0.000000000000000000e+00,6.666630506515537624e-05
7.560424680216415538e+01,-3.886149978637695401e+00,1.511371765136718750e+02,1.628944315075584598e-02,0.000000000000000000e+00,1.094853207468986581e-02,-9.322869517313421284e-01,-2.162837982177729934e-01,-8.712585449218863687e-01,9.837961118510860081e-05,0.000000000000000000e+00,6.666630506515364152e-05
7.467195985043281325e+01,-4.102433776855468395e+00,1.502659179687499886e+02,1.638782276194095458e-02,0.000000000000000000e+00,1.101519837975501945e-02,-9.841655835450637824e-01,-2.255641937255861151e-01,-9.002624511718693157e-01,9.836846783797467686e-05,0.000000000000000000e+00,6.666630506515537624e-05
7.368779426688774947e+01,-4.327997970581054510e+00,1.493656555175781193e+02,1.648619122977892926e-02,0.000000000000000000e+00,1.108186468482017482e-02,-9.288888213170025665e-01,-2.186729431152345526e-01,-8.494140624999886313e-01,9.836025804139947315e-05,0.000000000000000000e+00,6.666705012321576251e-05
7.275890544557074691e+01,-4.546670913696289062e+00,1.485162414550781307e+02,1.658455148782032873e-02,0.000000000000000000e+00,1.114853173494339059e-02,-8.819431317627106637e-01,-2.093940734863277697e-01,-8.264587402343863687e-01,9.835058425232759416e-05,0.000000000000000000e+00,6.666630506515364152e-05
7.187696231380803624e+01,-4.756064987182616832e+00,1.476897827148437443e+02,1.668290207207265632e-02,0.000000000000000000e+00,1.121519804000854423e-02,-8.680223571699912100e-01,-2.084728240966802204e-01,-8.120788574218806843e-01,9.834091236635145172e-05,0.000000000000000000e+00,6.666630506515537624e-05
7.100893995663804503e+01,-4.964537811279297053e+00,1.468777038574218636e+02,1.678124298443900778e-02,0.000000000000000000e+00,1.128186434507369960e-02,-8.246929003835390404e-01,-2.009777069091791546e-01,-7.779174804687443157e-01,9.833124238225326996e-05,0.000000000000000000e+00,6.666630506515537624e-05
7.018424705625450599e+01,-5.165515518188476207e+00,1.460997863769531193e+02,1.687957422682126105e-02,0.000000000000000000e+00,1.134853065013885498e-02,-7.974293966596519567e-01,-1.983074188232425428e-01,-7.533386230468579470e-01,9.832157429947099847e-05,0.000000000000000000e+00,6.666705012321402779e-05
6.938681765959485404e+01,-5.363822937011718750e+00,1.453464477539062614e+02,1.697789580112073204e-02,0.000000000000000000e+00,1.141519770026206901e-02,-7.965817559888535015e-01,-1.999336242675777697e-01,-7.603698730468977374e-01,9.831190811810525121e-05,0.000000000000000000e+00,6.666630506515537624e-05
6.859023590360600053e+01,-5.563756561279296520e+00,1.445860778808593636e+02,1.707620770923883730e-02,0.000000000000000000e+00,1.148186400532722438e-02,-7.829179352555826199e-01,-1.974617004394536579e-01,-7.700866699218522626e-01,9.830224383671620769e-05,0.000000000000000000e+00,6.666630506515537624e-05
6.780731796835041791e+01,-5.761218261718750178e+00,1.438159912109375114e+02,1.717450995307555350e-02,0.000000000000000000e+00,1.154853031039237976e-02,-7.683559174785159485e-01,-1.897243499755854046e-01,-7.553344726562727374e-01,9.829111685705216317e-05,0.000000000000000000e+00,6.666705012321402779e-05
6.703896205087190197e+01,-5.950942611694335582e+00,1.430606567382812386e+02,1.727280106993260567e-02,0.000000000000000000e+00,1.161519736051559379e-02,-7.696322627651284165e-01,-1.909576416015630329e-01,-8.086364746093579470e-01,9.828292111731251612e-05,0.000000000000000000e+00,6.666630506515537624e-05
6.626932978810677355e+01,-6.141900253295898615e+00,1.422520202636718807e+02,1.737108399104991818e-02,0.000000000000000000e+00,1.168186366558074916e-02,-7.382325632349449052e-01,-1.873638153076173651e-01,-7.821960449218750000e-01,9.827326253421253544e-05,0.000000000000000000e+00,6.666630506515537624e-05
6.553109722487182864e+01,-6.329264068603515980e+00,1.414698242187500057e+02,1.746935725358413072e-02,0.000000000000000000e+00,1.174852997064590454e-02,-7.347637311807062588e-01,-2.059524536132810724e-01,-7.778076171875056843e-01,9.826360584885493465e-05,0.000000000000000000e+00,6.666630506515537624e-05
6.479633349369112238e+01,-6.535216522216797053e+00,1.406920166015625000e+02,1.756762085943298565e-02,0.000000000000000000e+00,1.181519627571105992e-02,-7.375620417321755440e-01,-1.912483215332025921e-01,-8.089965820312556843e-01,9.825395106154155567e-05,0.000000000000000000e+00,6.666705012321402779e-05
6.405877145195894684e+01,-6.726464843749999645e+00,1.398830200195312443e+02,1.766587481049452721e-02,0.000000000000000000e+00,1.188186332583427395e-02,-7.592608001479277391e-01,-1.713455200195319605e-01,-8.548156738281420530e-01,9.824429817106850038e-05,0.000000000000000000e+00,6.666630506515537624e-05
6.329951065181101910e+01,-6.897810363769531605e+00,1.390282043457031023e+02,1.776411910866559571e-02,0.000000000000000000e+00,1.194852963089942932e-02,-6.927712316292229389e-01,-1.558471679687496447e-01,-8.108032226562045253e-01,9.823464717687718784e-05,0.000000000000000000e+00,6.666630506515537624e-05
6.260673942018179616e+01,-7.053657531738281250e+00,1.382174011230468977e+02,1.786235375584247290e-02,0.000000000000000000e+00,1.201519593596458470e-02,-6.288782638860084262e-01,-1.476051330566408026e-01,-7.614440917968750000e-01,9.822353448724410740e-05,0.000000000000000000e+00,6.666630506515537624e-05
6.197786115629578774e+01,-7.201262664794922053e+00,1.374559570312500227e+02,1.796057729032971700e-02,0.000000000000000000e+00,1.208186224102974007e-02,-5.796019570184398617e-01,-1.417793273925775921e-01,-7.097412109375227374e-01,9.821535102013875806e-05,0.000000000000000000e+00,6.666705012321402779e-05
6.139825919927734788e+01,-7.343041992187499645e+00,1.367462158203125000e+02,1.805879264134985576e-02,0.000000000000000000e+00,1.214852929115295410e-02,-5.746514890285823185e-01,-1.384376525878909803e-01,-7.126525878906306843e-01,9.820570571227038581e-05,0.000000000000000000e+00,6.666630506515537624e-05
6.082360771024876556e+01,-7.481479644775390625e+00,1.360335632324218693e+02,1.815699834706212615e-02,0.000000000000000000e+00,1.221519559621810948e-02,-5.920148240885154678e-01,-9.829864501953089473e-02,-7.359008789062500000e-01,9.819606229844943246e-05,0.000000000000000000e+00,6.666630506515537624e-05
6.023159288616025009e+01,-7.579778289794921520e+00,1.352976623535156193e+02,1.825519440936057558e-02,0.000000000000000000e+00,1.228186190128326485e-02,-5.429281063537771956e-01,-8.821945190429758554e-02,-6.956665039062386313e-01,9.818642077876610363e-05,0.000000000000000000e+00,6.666630506515364152e-05
5.968866477980647289e+01,-7.667997741699219105e+00,1.346019958496093807e+02,1.835338083013934168e-02,0.000000000000000000e+00,1.234852820634841850e-02,-5.135104889907040615e-01,-8.277893066406250000e-02,-6.588012695312670530e-01,9.817678115179792608e-05,0.000000000000000000e+00,6.666705012321576251e-05
5.917515429081576883e+01,-7.750776672363281605e+00,1.339431945800781136e+02,1.845155761129113961e-02,0.000000000000000000e+00,1.241519525647163426e-02,-4.860365622328544077e-01,-8.461532592773401973e-02,-6.305908203124772626e-01,9.816714341785368059e-05,0.000000000000000000e+00,6.666630506515537624e-05
5.868911772858291442e+01,-7.835391998291015625e+00,1.333126037597656364e+02,1.854972475470899329e-02,0.000000000000000000e+00,1.248186156153678963e-02,-4.786027250867874727e-01,-8.122787475585901973e-02,-6.257812499999886313e-01,9.815604498949331846e-05,0.000000000000000000e+00,6.666705012321402779e-05
5.821051500349612695e+01,-7.916619873046874645e+00,1.326868225097656477e+02,1.864788079969848661e-02,0.000000000000000000e+00,1.254852861166000366e-02,-4.671365801259170780e-01,-8.002319335937535527e-02,-6.213317871093977374e-01,9.814787376860589774e-05,0.000000000000000000e+00,6.666630506515537624e-05
5.774337842337020987e+01,-7.996643066406250000e+00,1.320654907226562500e+02,1.874602867346709251e-02,0.000000000000000000e+00,1.261519491672515904e-02,-4.646917883327006393e-01,-7.785415649414062500e-02,-6.253967285156250000e-01,9.813824170862295304e-05,0.000000000000000000e+00,6.666630506515537624e-05
5.727868663503750923e+01,-8.074497222900390625e+00,1.314400939941406250e+02,1.884416691517571546e-02,0.000000000000000000e+00,1.268186122179031441e-02,-4.596710733486446543e-01,-7.728958129882812500e-02,-6.239746093750113687e-01,9.812861153943308601e-05,0.000000000000000000e+00,6.666630506515364152e-05
5.681901556168886458e+01,-8.151786804199218750e+00,1.308161193847656136e+02,1.894229552671514855e-02,0.000000000000000000e+00,1.274852752685546806e-02,-4.318059194854839689e-01,-7.305679321289026973e-02,-6.020690917968636313e-01,9.811898325983239855e-05,0.000000000000000000e+00,6.666630506515537624e-05
5.638720964220338061e+01,-8.224843597412109020e+00,1.302140502929687500e+02,1.904041450997498094e-02,0.000000000000000000e+00,1.281519383192062343e-02,-4.185591725598740709e-01,-6.944885253906285527e-02,-5.970214843750056843e-01,9.810935686926577914e-05,0.000000000000000000e+00,6.666630506515537624e-05
5.596865046964350654e+01,-8.294292449951171875e+00,1.296170288085937443e+02,1.913852386684424672e-02,0.000000000000000000e+00,1.288186013698577881e-02,-4.450052650826776812e-01,-4.537124633788991446e-02,-6.341857910155965783e-01,9.809973236781996397e-05,0.000000000000000000e+00,6.666630506515537624e-05
5.552364520456082886e+01,-8.339663696289061789e+00,1.289828430175781477e+02,1.923662359921206669e-02,0.000000000000000000e+00,1.294852644205093418e-02,-4.856094755269282359e-01,-2.447662353515767109e-02,-6.735656738281363687e-01,9.809010975408288813e-05,0.000000000000000000e+00,6.666779518127441406e-05
5.503803572903390062e+01,-8.364140319824219461e+00,1.283092773437500114e+02,1.933471370896614958e-02,0.000000000000000000e+00,1.301519423723220860e-02,-4.559772586971178043e-01,-1.926803588867187500e-02,-6.481750488281363687e-01,9.807902758990003078e-05,0.000000000000000000e+00,6.666630506515537624e-05
5.458205847033678282e+01,-8.383408355712891336e+00,1.276611022949218750e+02,1.943279273655604961e-02,0.000000000000000000e+00,1.308186054229736398e-02,-4.549349289467130575e-01,-2.372360229492187500e-02,-6.452087402343806843e-01,9.807087033254086039e-05,0.000000000000000000e+00,6.666630506515364152e-05
5.412712354139006976e+01,-8.407131958007813211e+00,1.270158935546874943e+02,1.953086360688859047e-02,0.000000000000000000e+00,1.314852684736251762e-02,-4.558592898499469470e-01,-1.752853393554687500e-02,-6.548339843749886313e-01,9.806125338028895411e-05,0.000000000000000000e+00,6.666630506515537624e-05
5.367126425154012281e+01,-8.424660491943360086e+00,1.263610595703125057e+02,1.962892486026887942e-02,0.000000000000000000e+00,1.321519315242767299e-02,-4.414078621026362725e-01,-1.690063476562464473e-02,-6.457702636718778422e-01,9.805163831351493275e-05,0.000000000000000000e+00,6.666630506515537624e-05
5.322985638943748654e+01,-8.441561126708984730e+00,1.257152893066406278e+02,1.972697649858239435e-02,0.000000000000000000e+00,1.328185945749282837e-02,-3.331444599196444756e-01,-1.407012939453089473e-02,-4.940490722656250000e-01,7.565108977690762626e-05,0.000000000000000000e+00,5.144029855728114720e-05
