Sigma_1,Sigma_2,Sigma_12,Epsilon_1,Epsilon_2,Epsilon_12,dSigma_1,dSigma_2,dSigma_12,dEpsilon_1,dEpsilon_2,dEpsilon_12
-0.000000000000000000e+00,-0.000000000000000000e+00,-0.000000000000000000e+00,0.000000000000000000e+00,0.000000000000000000e+00,0.000000000000000000e+00,1.136372477473561382e+01,7.402852499642888162e+00,7.822216153144836426e-01,1.999800121638574792e-04,6.666447875155136660e-05,-1.407453684644945444e-37
1.136372477473561382e+01,7.402852499642888162e+00,7.822216153144836426e-01,1.999800121638574792e-04,6.666447875155136660e-05,-1.407453684644945444e-37,5.680218967221657422e+00,3.700524420711380102e+00,3.906135678291320357e-01,9.997499944099476950e-05,3.333057289245535239e-05,-7.023059481004228074e-38
1.704394374195727124e+01,1.110337692035426826e+01,1.172835183143615678e+00,2.999550116048522487e-04,9.999505164400671899e-05,-2.109759632745368251e-37,5.679735601736002337e+00,3.700102657277936302e+00,3.904514789581299272e-01,9.996502871346707886e-05,3.332946200261451561e-05,-7.018197760060158057e-38
2.272367934369327358e+01,1.480347957763220457e+01,1.563286662101745605e+00,3.999200403183193276e-04,1.333245136466212346e-04,-2.811579408751384057e-37,5.679254039168171175e+00,3.699680063944343900e+00,3.902879238128660333e-01,9.995499016253158245e-05,3.332835118637794171e-05,-7.013295681720321750e-38
2.840293338286144476e+01,1.850315964157654847e+01,1.953574585914611639e+00,4.998750304808509100e-04,1.666528648329991763e-04,-3.512908976923416232e-37,5.678767413824981958e+00,3.699258166792976255e+00,3.901245355606079990e-01,9.994504669895497122e-05,3.332724044440422929e-05,-7.008404365352684775e-38
3.408170079668642671e+01,2.220241780836952472e+01,2.343699121475219638e+00,5.998200771798058812e-04,1.999801052774034056e-04,-4.213749413458684709e-37,5.678283355173029179e+00,3.698836202506619486e+00,3.899611473083495206e-01,9.993505868506125708e-05,3.332611813782512377e-05,-7.003507667998952311e-38
3.975998415185945589e+01,2.590125401087614421e+01,2.733660268783569158e+00,6.997551358648671383e-04,2.333062234152285294e-04,-4.914100180258579940e-37,5.677801865490707200e+00,3.698415698576908994e+00,3.897978305816653943e-01,9.992507266705201192e-05,3.332503082141061970e-05,-6.998621732617423355e-38
4.543778601735016309e+01,2.959966970945305320e+01,3.123458099365234553e+00,7.996802085319191502e-04,2.666312542366391491e-04,-5.613962353520322276e-37,5.677313777729366961e+00,3.697990547664360861e+00,3.896345615386960226e-01,9.991499559590334614e-05,3.332389702479112261e-05,-6.993735797235886047e-38
5.111509979507953005e+01,3.329766025711741406e+01,3.513092660903930575e+00,8.995952041278224964e-04,2.999551512614302717e-04,-6.313335933243910880e-37,5.676828267617182178e+00,3.697568383852171792e+00,3.894714355468749112e-01,9.990510662625400919e-05,3.332280985485512386e-05,-6.988846274530293431e-38
5.679192806269671223e+01,3.699522864096958585e+01,3.902564096450805486e+00,9.995003107540765055e-04,3.332779611162853955e-04,-7.012220560696940223e-37,5.676345323161825718e+00,3.697149204447164550e+00,3.893084049224855292e-01,9.989512659297180089e-05,3.332167620780199409e-05,-6.983974688445035821e-38
6.246827338585853795e+01,4.069237784541675040e+01,4.291872501373291016e+00,1.099395437347048306e-03,3.665996373240873896e-04,-7.710618029541443806e-37,5.675858838972501985e+00,3.696723854364897477e+00,3.891452789306635296e-01,9.988514855340403092e-05,3.332058918431525431e-05,-6.979095927711634185e-38
6.814413222483103993e+01,4.438910169978164788e+01,4.681017780303954545e+00,1.199280585900452337e-03,3.999202265084026440e-04,-8.408527622312607224e-37,5.675371869553615056e+00,3.696304541324245463e+00,3.889820098876954901e-01,9.987517250695308706e-05,3.331945568657665880e-05,-6.974231516274528952e-38
7.381950409438465499e+01,4.808540624110589334e+01,5.069999790191650035e+00,1.299155758407405424e-03,4.332396821949793028e-04,-9.105950773940060119e-37,5.674890526965683080e+00,3.695882109520383096e+00,3.888193130493160510e-01,9.986519845280017980e-05,3.331834553766088421e-05,-6.969352755541118964e-38
7.949439462135033807e+01,5.178128835062627644e+01,5.458819103240966086e+00,1.399020956860205604e-03,4.665580277326401870e-04,-9.802886049494172016e-37,5.674396467717386372e+00,3.695453506897678153e+00,3.886566162109375000e-01,9.985513339833408490e-05,3.331728200531015567e-05,-6.964488344104013731e-38
8.516879108906772444e+01,5.547674185752395459e+01,5.847475719451903586e+00,1.498876090258539689e-03,4.998753097379503426e-04,-1.049933488390457339e-36,5.673914171731169631e+00,3.695040098765979053e+00,3.884935379028320312e-01,9.984534931301090703e-05,3.331612545952788908e-05,-6.959631107315035818e-38
9.084270526079889407e+01,5.917178195628993365e+01,6.235969257354735618e+00,1.598721439571550596e-03,5.331914351974782317e-04,-1.119529799463607697e-36,5.673431368586221879e+00,3.694614413177887968e+00,3.883308410644534803e-01,9.983528824037877190e-05,3.331501553251257474e-05,-6.954773870526041200e-38
9.651613662938511595e+01,6.286639636946782161e+01,6.624300098419189098e+00,1.698556727811929368e-03,5.665064507299908065e-04,-1.189077538168868109e-36,5.671988094156276361e+00,3.694005445119017850e+00,3.881353378295901990e-01,9.982513622067449785e-05,3.331390567922734493e-05,-6.951344388716404580e-38
1.021881247235413923e+02,6.656040181458683946e+01,7.012435436248779297e+00,1.798381864032603866e-03,5.998203564092181514e-04,-1.258590982056032155e-36,5.669455595809310466e+00,3.693182636538722363e+00,3.877956390380852270e-01,9.981535806883657692e-05,3.331284243627598025e-05,-6.943968850431212570e-38
1.078575803193507028e+02,7.025358445112556183e+01,7.400231075286864524e+00,1.898197222101440443e-03,6.331331988454941316e-04,-1.328030670560344281e-36,5.667796531053184594e+00,3.692487974057314659e+00,3.876788139343272377e-01,9.980539595727186408e-05,3.331168619293304808e-05,-6.945145492725730150e-38
1.135253768504038874e+02,7.394607242518287649e+01,7.787909889221191762e+00,1.998002618058712307e-03,6.664448850384271797e-04,-1.397482125487601582e-36,5.665610626697372254e+00,3.691646633765188312e+00,3.872571945190426135e-01,9.979543583449714331e-05,3.331057656145975342e-05,-6.932776399336957391e-38
1.191909874771012596e+02,7.763771905894806480e+01,8.175167083740234375e+00,2.097798053893209450e-03,6.997554615998869331e-04,-1.466809889480971156e-36,5.664830626882363163e+00,3.691165556331242215e+00,3.872110366821281957e-01,9.978547769925192115e-05,3.330946700368694457e-05,-6.934670506445192573e-38
1.248558181039836228e+02,8.132888461527930701e+01,8.562378120422362571e+00,2.197583531592461371e-03,7.330649286035738777e-04,-1.536156594545423082e-36,5.661468448112188412e+00,3.690128564477433315e+00,3.869224548339840197e-01,9.977552155116279839e-05,3.330840405068387529e-05,-6.932762050040686045e-38
1.305172865520958112e+02,8.501901317975674033e+01,8.949300575256346590e+00,2.297359053143624170e-03,7.663733326542577530e-04,-1.605484215045829942e-36,5.655388460503814940e+00,3.688437838076282560e+00,3.868932723999023438e-01,9.976556738963563223e-05,3.330724810899493571e-05,-6.952190997196597697e-38
1.361726750125996261e+02,8.870745101783302289e+01,9.336193847656248934e+00,2.397124620533259802e-03,7.996805807632526887e-04,-1.675006125017795919e-36,5.650689158930276790e+00,3.686832442404451626e+00,3.855342864990252139e-01,9.975561521385336791e-05,3.330613877294526584e-05,-6.901050105273629705e-38
1.418233641715299029e+02,9.239428346023747451e+01,9.721728134155274148e+00,2.496880235747113170e-03,8.329867195361979545e-04,-1.744016626070532216e-36,5.649255865657494269e+00,3.686161509013317072e+00,3.854230880737290477e-01,9.974566502388756278e-05,3.330502951123229163e-05,-6.901839316568737442e-38
1.474726200371873972e+02,9.608044496925079159e+01,1.010715122222900320e+01,2.596625900771000733e-03,8.662917490474302462e-04,-1.813035019236219591e-36,5.646977247677455125e+00,3.685185033629821305e+00,3.855978012084957385e-01,9.973571681847880760e-05,3.330392032296122101e-05,-6.919316759431311827e-38
1.531195972848648523e+02,9.976563000288061289e+01,1.049274902343749893e+01,2.696361617589479540e-03,8.995956693703914672e-04,-1.882228186830532709e-36,5.641808685849326821e+00,3.683554750466100813e+00,3.846143722534201004e-01,9.972577059725457049e-05,3.330281120901188406e-05,-6.888250532996582952e-38
1.587614059707141791e+02,1.034491847533467137e+02,1.087736339569091903e+01,2.796087388186734111e-03,9.328984805794033512e-04,-1.951110692160498538e-36,5.639172394513082054e+00,3.682706285133079405e+00,3.843189239501931809e-01,9.971564063366786246e-05,3.330170216871142490e-05,-6.883127834226560097e-38
1.644005783652272612e+02,1.071318910384797931e+02,1.126168231964111222e+01,2.895803028820401973e-03,9.662001827481147762e-04,-2.019941970502764139e-36,5.638163444693930160e+00,3.682083776765452399e+00,3.845190048217794754e-01,9.970588412350385454e-05,3.330068624140397615e-05,-6.898094150241030999e-38
1.700387418099211914e+02,1.108139748152452455e+02,1.164620132446289169e+01,2.995508912943905828e-03,9.995008689895187523e-04,-2.088922912005174449e-36,5.634949751030177367e+00,3.680666884512675097e+00,3.838670730590809654e-01,9.969594385104973977e-05,3.329948430637373960e-05,-6.877531608679399098e-38
1.756736915609513687e+02,1.144946416997579206e+02,1.203006839752197266e+01,3.095204856794955568e-03,1.032800353295892492e-03,-2.157698228091968440e-36,5.630020341517393945e+00,3.678614393503409019e+00,3.831483840942375707e-01,9.968619123126333526e-05,3.329837548786342312e-05,-6.859064064373884734e-38
1.813037119024687627e+02,1.181732560932613296e+02,1.241321678161621023e+01,3.194891048026218903e-03,1.066098728783755915e-03,-2.226288868735707288e-36,5.624574634727053990e+00,3.676402807034975240e+00,3.828296661376953125e-01,9.967588358123337725e-05,3.329726674275077479e-05,-6.861704334888447027e-38
1.869282865371958167e+02,1.218496589002963049e+02,1.279604644775390554e+01,3.294566931607452280e-03,1.099395995526506690e-03,-2.294905912084591758e-36,5.621270595429848527e+00,3.675058656683589220e+00,3.826095581054680395e-01,9.966632055647848751e-05,3.329615807191573310e-05,-6.862407450405893284e-38
1.925495571326256652e+02,1.255247175569798941e+02,1.317865600585937358e+01,3.394233252163930768e-03,1.132692153598422423e-03,-2.363529986588650691e-36,5.617511852250572701e+00,3.673592134912766483e+00,3.822267532348639918e-01,9.965601694112693684e-05,3.329504947468522533e-05,-6.856179855822692869e-38
1.981670689848762379e+02,1.291983096918926606e+02,1.356088275909423757e+01,3.493889269105057704e-03,1.165987203073107648e-03,-2.432091785146877619e-36,5.615013571547166293e+00,3.672528757673433120e+00,3.817575454711921168e-01,9.964608660902344803e-05,3.329394095105209575e-05,-6.841744463770345261e-38
2.037820825564234042e+02,1.328708384495660937e+02,1.394264030456542969e+01,3.593535355714081152e-03,1.199281144024159744e-03,-2.500509229784581072e-36,5.611325825106462162e+00,3.671171919740572775e+00,3.815086364746100855e-01,9.963652941138122221e-05,3.329283250167445508e-05,-6.841658367992683781e-38
2.093934083815298663e+02,1.365420103693066665e+02,1.432414894104003977e+01,3.693171885125462375e-03,1.232573976525834199e-03,-2.568925813464507910e-36,5.604940737806828110e+00,3.668788245483426635e+00,3.810583114624019885e-01,9.962623184377097235e-05,3.329181714022957581e-05,-6.840424328513080819e-38
2.149983491193366945e+02,1.402107986147900931e+02,1.470520725250244176e+01,3.792798116969233347e-03,1.265865793666063775e-03,-2.637330056749638718e-36,5.598234946196498640e+00,3.666110933422828566e+00,3.801855087280276990e-01,9.961667852832105721e-05,3.329061582056321890e-05,-6.818900384101051629e-38
2.205965840655331931e+02,1.438769095482129217e+02,1.508539276123046946e+01,3.892414795497554404e-03,1.299156409486626994e-03,-2.705519060590649234e-36,5.590717769793400294e+00,3.663274439320133524e+00,3.800611495971679688e-01,9.960638498917890465e-05,3.328950759257640925e-05,-6.835918649482809330e-38
2.261873018353265934e+02,1.475401839875330552e+02,1.546545391082763743e+01,3.992021180486733309e-03,1.332445917079203403e-03,-2.773878247085477328e-36,5.584987714739924058e+00,3.660926586168130825e+00,3.794078826904279111e-01,9.959683555314444159e-05,3.328839943815054860e-05,-6.821856339133616926e-38
2.317722895500665174e+02,1.512011105737011860e+02,1.584486179351806534e+01,4.091618016039877750e-03,1.365734316517353952e-03,-2.842096810476813497e-36,5.578814147487292985e+00,3.658590698348149317e+00,3.777975082397464490e-01,9.958654604051968978e-05,3.328729135727804753e-05,-6.759723886264259406e-38
2.373511036975538104e+02,1.548597012720493353e+02,1.622265930175781179e+01,4.191204562080397440e-03,1.399021607874631999e-03,-2.909694049339456091e-36,5.573055402710252793e+00,3.656413471823810823e+00,3.777404785156264211e-01,9.957700048201113124e-05,3.328618335061593256e-05,-6.774733250167561049e-38
2.429241591002640632e+02,1.585161147438731462e+02,1.660039978027343821e+01,4.290781562562408571e-03,1.432307791225247932e-03,-2.977441381841131701e-36,5.564033071571856226e+00,3.652866810890941451e+00,3.768495559692368602e-01,9.956671499307227780e-05,3.328507541727125478e-05,-6.756624438268913839e-38
2.484881921718359195e+02,1.621689815547640876e+02,1.697724933624267507e+01,4.390348277555480849e-03,1.465592866642519186e-03,-3.045007626223820840e-36,5.555596472019999510e+00,3.649833235895897587e+00,3.762876510620110082e-01,9.955717330953697819e-05,3.328396755812221795e-05,-6.752118759238642349e-38
2.540437886438559190e+02,1.658188147906599852e+02,1.735353698730468608e+01,4.489905450865017827e-03,1.498876834200641404e-03,-3.112528813816207263e-36,5.545243780329371930e+00,3.646029127342274023e+00,3.741386413574225855e-01,9.954689184211475139e-05,3.328295276208204957e-05,-6.672910643802374929e-38
2.595890324241852909e+02,1.694648439180022592e+02,1.772767562866210866e+01,4.589452342707132579e-03,1.532159786962723454e-03,-3.179257920254231013e-36,5.530448046043261456e+00,3.640659635639110547e+00,3.731410980224616480e-01,9.953698324480144549e-05,3.328175205751546066e-05,-6.661029426486961544e-38
2.651194804702285523e+02,1.731055035536413698e+02,1.810081672668457031e+01,4.688989325951934024e-03,1.565441539020238915e-03,-3.245868214519100628e-36,5.513807822259195746e+00,3.635142880302936419e+00,3.713500976562507105e-01,9.952744736913595597e-05,3.328064441913795857e-05,-6.611466957154209026e-38
2.706332882924877481e+02,1.767406464339443062e+02,1.847216682434082102e+01,4.788516773321069980e-03,1.598722183439376873e-03,-3.311982884090642718e-36,5.489679328549641468e+00,3.627070113408592533e+00,3.681514739990241480e-01,9.951717192973382614e-05,3.327953685492704081e-05,-6.501149567394381992e-38
2.761229676210373896e+02,1.803677165473528987e+02,1.884031829833984517e+01,4.888033945250803806e-03,1.632001720294303914e-03,-3.376994379764586538e-36,5.443436452570949768e+00,3.611819046540716727e+00,3.631870269775383520e-01,9.950763992344451025e-05,3.327842936398889111e-05,-6.326317741583619586e-38
2.815664040736083393e+02,1.839795355938936154e+02,1.920350532531738352e+01,4.987541585174248317e-03,1.665280149658292805e-03,-3.440257557180422734e-36,5.389793130609575655e+00,3.595637121517484047e+00,3.584098815917933223e-01,9.949736849937558525e-05,3.327732194720258059e-05,-6.170742671373445872e-38
2.869561972042179150e+02,1.875751727154110995e+02,1.956191520690917685e+01,5.087038953673623902e-03,1.698557471605495386e-03,-3.501964983894157193e-36,5.314758461742712825e+00,3.578353019979431338e+00,3.514465332031271316e-01,9.948784035969555906e-05,3.327621460389568707e-05,-5.996714406154079254e-38
2.922709556659606278e+02,1.911535257353905308e+02,1.991336174011230398e+01,5.186526794033319461e-03,1.731833686209391073e-03,-3.561932127955697985e-36,5.250303639247647425e+00,3.563586260158615460e+00,3.458286285400404836e-01,9.947757294902128539e-05,3.327510733406148849e-05,-5.860453488729646430e-38
2.975212593052082752e+02,1.947171119955491463e+02,2.025919036865234446e+01,5.286004366982340746e-03,1.765108793543452561e-03,-3.620536662842994450e-36,5.216732773101568910e+00,3.554614550391477223e+00,3.392715454101562500e-01,9.946804867407097600e-05,3.327400013835701137e-05,-5.607016217926180149e-38
3.027379920783098441e+02,1.982717265459406235e+02,2.059846191406250071e+01,5.385472415656411722e-03,1.798382793681809573e-03,-3.676606825022256251e-36,5.194836367153072842e+00,3.547415186003121335e+00,3.360099792480468750e-01,9.945778527396722385e-05,3.327289301588843944e-05,-5.484674117888192868e-38
3.079328284454629170e+02,2.018191417319437448e+02,2.093447189331054759e+01,5.484930200930378946e-03,1.831655686697698012e-03,-3.731453566201138180e-36,5.175216569295059799e+00,3.541242384115747655e+00,3.326820373535142039e-01,9.944826486120526138e-05,3.327178596753484381e-05,-5.359576952965439124e-38
3.131080450147579768e+02,2.053603841160594925e+02,2.126715393066406179e+01,5.584378465791584208e-03,1.864927472665232856e-03,-3.785049335730792571e-36,5.155885020364905813e+00,3.535105633253550650e+00,3.273296356201171875e-01,9.943800546951576946e-05,3.327067899262445283e-05,-5.133173756343468142e-38
3.182639300351228826e+02,2.088954897493130431e+02,2.159448356628417898e+01,5.683816471261099977e-03,1.898198151657857309e-03,-3.836381073294227253e-36,5.127560140708794734e+00,3.526069586734422501e+00,3.200431823730482961e-01,9.942811853571372621e-05,3.326957209114967708e-05,-4.827218061174650638e-38
3.233914901758316773e+02,2.124215593360474656e+02,2.191452674865722727e+01,5.783244589796813703e-03,1.931467723749006986e-03,-3.884653253905973759e-36,5.093037987702359715e+00,3.514415212842123992e+00,3.058818817138657664e-01,9.941860391166155303e-05,3.326865116272522890e-05,-4.188932664283968799e-38
3.284845281635340370e+02,2.159359745488895896e+02,2.222040863037109304e+01,5.882663193708475256e-03,1.964736374911732215e-03,-3.926542580548813447e-36,5.056785756845101787e+00,3.503640236854892009e+00,2.954280853271491480e-01,9.940835052835682306e-05,3.326735850340059586e-05,-3.738221268296144375e-38
3.335413139203791388e+02,2.194396147857444817e+02,2.251583671569824219e+01,5.982071544236832079e-03,1.998003733415132811e-03,-3.963924793231774891e-36,5.022978959132444743e+00,3.494650052150063857e+00,2.907028198242187500e-01,9.939883976092106499e-05,3.326625182329670180e-05,-3.557247943679776216e-38
3.385642928795115836e+02,2.229342648378945455e+02,2.280653953552246094e+01,6.081470383997753144e-03,2.031269985238429512e-03,-3.999497272668572653e-36,4.985525850540227566e+00,3.485267514742730555e+00,2.874889373779296875e-01,9.938859037987232692e-05,3.326514521637688807e-05,-3.451579725913000942e-38
3.435498187300518111e+02,2.264195323526372761e+02,2.309402847290039062e+01,6.180858974377625471e-03,2.064535130454806400e-03,-4.034013069927702662e-36,4.952483748887743786e+00,3.477596591106788537e+00,2.860271453857414770e-01,9.937908346629650835e-05,3.326403868352152682e-05,-3.415735183818861725e-38
3.485023024789395549e+02,2.298971289437440646e+02,2.338005561828613210e+01,6.280238057843921980e-03,2.097799169138327927e-03,-4.068170421765891279e-36,4.918694268436468064e+00,3.469606819000205178e+00,2.876686096191392039e-01,9.936920824566916610e-05,3.326293222405711167e-05,-3.540717554371377889e-38
3.534209967473760230e+02,2.333667357627442698e+02,2.366772422790527131e+01,6.379607266089591146e-03,2.131062101362385039e-03,-4.103577597309605058e-36,4.885262750268282161e+00,3.462032164895219921e+00,2.852649688720738652e-01,9.935859474057701091e-05,3.326182583797670372e-05,-3.482115028385506292e-38
3.583062594976443052e+02,2.368287679276394897e+02,2.395298919677734517e+01,6.478965860830168157e-03,2.164323927200361743e-03,-4.138398747593460121e-36,4.849978365429933547e+00,3.453624827683796639e+00,2.811756134033203125e-01,9.934946376409861668e-05,3.326071952593819686e-05,-3.348723970216077513e-38
3.631562378630742387e+02,2.402823927553232863e+02,2.423416481018066548e+01,6.578315324594266773e-03,2.197584646726299940e-03,-4.171885987295620896e-36,4.802394097340879853e+00,3.442867644278180705e+00,2.830879211425738617e-01,9.933959442865424039e-05,3.325961328704777481e-05,-3.563619031225723492e-38
3.679586319604151186e+02,2.437252603996014670e+02,2.451725273132323935e+01,6.677654919022921014e-03,2.230844260013347714e-03,-4.207522177607878131e-36,4.760252141236094303e+00,3.433601998146258438e+00,2.844448089599609375e-01,9.932972705362433374e-05,3.325850712218364133e-05,-3.714257943517418543e-38
3.727188841016512129e+02,2.471588623977477255e+02,2.480169754028320028e+01,6.776984646076545347e-03,2.264102767135531356e-03,-4.244664757043052317e-36,4.742458343316059199e+00,3.428813454069910449e+00,2.859451293945340922e-01,9.931912168674623953e-05,3.325740103067402476e-05,-3.814559524477474569e-38
3.774613424449672721e+02,2.505876758518176359e+02,2.508764266967773438e+01,6.876303767763291587e-03,2.297360168166205380e-03,-4.282810352287827062e-36,4.716841501890201016e+00,3.422605089842079451e+00,2.867527008056640625e-01,9.930999825706263162e-05,3.325629501251285355e-05,-3.893738941321165890e-38
3.821781839468574731e+02,2.540102809416597154e+02,2.537439537048339844e+01,6.975613766020354219e-03,2.330616463178718234e-03,-4.321747741701038721e-36,4.660826445166833309e+00,3.410327066590497225e+00,2.881671905517571020e-01,9.930013676086660301e-05,3.325518906835585320e-05,-4.081140750668566706e-38
3.868390103920243064e+02,2.574206080082502126e+02,2.566256256103515554e+01,7.074913902781220822e-03,2.363871652247074087e-03,-4.362559149207724388e-36,4.639785483600235239e+00,3.405830100476350708e+00,2.929779052734353684e-01,9.928953749058569422e-05,3.325408319731007478e-05,-4.343072804866673901e-38
3.914787958756245416e+02,2.608264381087265633e+02,2.595554046630859091e+01,7.174203440271806516e-03,2.397125735444384162e-03,-4.405989877256391127e-36,4.613328254550651764e+00,3.401479503991254205e+00,2.985416412353529836e-01,9.928041971579183722e-05,3.325297740025458942e-05,-4.630718797989112181e-38
3.960921241301751934e+02,2.642279176127178175e+02,2.625408210754394389e+01,7.273483859987598353e-03,2.430378712844638751e-03,-4.452297065236282249e-36,4.596749667522374239e+00,3.397275296666407485e+00,3.010219573974630691e-01,9.927056409229483708e-05,3.325187167651719178e-05,-4.769820876075839312e-38
4.006888737976975676e+02,2.676251929093842250e+02,2.655510406494140696e+01,7.372754424079893190e-03,2.463630584521155943e-03,-4.499995273997040642e-36,4.577976725014252679e+00,3.391797992722274557e+00,3.050247192382791184e-01,9.926071042579056453e-05,3.325095182614944134e-05,-4.984916827233384353e-38
4.052668505227118203e+02,2.710169909021064996e+02,2.686012878417968608e+01,7.472015134505683755e-03,2.496881536347305384e-03,-4.549844442269374486e-36,4.549136379846231648e+00,3.383603193672513498e+00,3.160495758056640625e-01,9.925011927653173971e-05,3.324966044345378444e-05,-5.604433344596736647e-38
4.098159869025580520e+02,2.744005940957790131e+02,2.717617835998535014e+01,7.571265253782215494e-03,2.530131196790759169e-03,-4.605888775715341852e-36,4.503459979701347038e+00,3.367207901531855896e+00,3.542205810546903422e-01,9.924100903304765992e-05,3.324855494007050369e-05,-7.646338204484572491e-38
4.143194468822593990e+02,2.777678019973108690e+02,2.753039894104004048e+01,7.670506262815263154e-03,2.563379751730829673e-03,-4.682352157760187577e-36,4.433706221719432961e+00,3.342292768070933562e+00,3.509117126464857961e-01,9.923116123247179010e-05,3.324744951064021944e-05,-7.687118904497190372e-38
4.187531531039788320e+02,2.811100947653818025e+02,2.788131065368652628e+01,7.769737424047734944e-03,2.596627201241469892e-03,-4.759223346805159481e-36,4.394173357260399371e+00,3.319578179046118294e+00,3.084270477294914770e-01,9.922131538589971933e-05,3.324634415426998280e-05,-5.684703307957317476e-38
4.231473264612392313e+02,2.844296729444279208e+02,2.818973770141601776e+01,7.868958739433634664e-03,2.629873545395739875e-03,-4.816070379884732656e-36,4.361321900422979070e+00,3.300729010761926929e+00,2.883682250976526973e-01,9.921073234855047607e-05,3.324523887183843118e-05,-4.779004425691638433e-38
4.275086483616622104e+02,2.877304019551898477e+02,2.847810592651367045e+01,7.968169471782185140e-03,2.663118784267578306e-03,-4.863860424141649040e-36,4.258465032338222045e+00,3.267606111989096007e+00,3.164596557617187500e-01,9.920162962685774577e-05,3.324413366267335926e-05,-6.488694378227981161e-38
4.317671133940004324e+02,2.909980080671789437e+02,2.879456558227538920e+01,8.067371101409042886e-03,2.696362917930251665e-03,-4.928747367923928852e-36,4.249012709812404864e+00,3.256218833362652276e+00,3.198799133300767039e-01,9.919178963989187803e-05,3.324302852676826181e-05,-6.684303985044462350e-38
4.360161261038128373e+02,2.942542269005415960e+02,2.911444549560546591e+01,8.166562891048934764e-03,2.729605946457019927e-03,-4.995590407774373475e-36,4.226263982866726110e+00,3.242455681523438216e+00,2.968128204345745758e-01,9.918121267944723929e-05,3.324192346477973167e-05,-5.608623339108904904e-38
4.402423900866795634e+02,2.974966825820650342e+02,2.941125831604004048e+01,8.265744103728382003e-03,2.762847869921799659e-03,-5.051676641165462524e-36,4.222219433717157244e+00,3.232853147365290170e+00,2.973236083984360789e-01,9.917211559391098108e-05,3.324081847581395258e-05,-5.657066563332258632e-38
4.444646095203967207e+02,3.007295357294303244e+02,2.970858192443847656e+01,8.364916219322292984e-03,2.796088688397613611e-03,-5.108247306798785111e-36,4.191286344573427414e+00,3.217177791746848925e+00,3.057312011718735789e-01,9.916228146044335501e-05,3.323971356075129668e-05,-6.173813420776282158e-38
4.486558958649701481e+02,3.039467135211771733e+02,3.001431312561035014e+01,8.464078500782736339e-03,2.829328401958364908e-03,-5.169985441006547932e-36,4.160343807168601415e+00,3.202431245536899951e+00,2.946285247802755691e-01,9.915244927757339843e-05,3.323860871891782393e-05,-5.713889776580015694e-38
4.528162396721387495e+02,3.071491447667140733e+02,3.030894165039062571e+01,8.563230950060309737e-03,2.862567010677282732e-03,-5.227124338772348089e-36,4.155988066012184845e+00,3.194808302852322868e+00,2.945339202880852270e-01,9.914188041192095735e-05,3.323750395030789645e-05,-5.733806599809253311e-38
4.569722277381509343e+02,3.103439530695663962e+02,3.060347557067871094e+01,8.662372830472230695e-03,2.895804514627590628e-03,-5.284462404770440622e-36,4.128529544741354584e+00,3.178883934374823639e+00,3.257026672363281250e-01,9.913279083276042847e-05,3.323639925557723973e-05,-7.390863333610074053e-38
4.611007572828922889e+02,3.135228370039412198e+02,3.092917823791503906e+01,8.761505621304991123e-03,2.929040913883167868e-03,-5.358371038106541363e-36,4.090618589344728662e+00,3.159995091608777784e+00,3.719219207763693191e-01,9.912296449664584341e-05,3.323529463383420590e-05,-9.834491092003969249e-38
4.651913758722370176e+02,3.166828320955499976e+02,3.130110015869140838e+01,8.860628585801636967e-03,2.962276208517002074e-03,-5.456715949026581055e-36,4.077329909323964330e+00,3.150066698074112992e+00,3.376441955566384934e-01,9.911314010815040765e-05,3.323419008595613136e-05,-8.179041479386006899e-38
4.692687057815609819e+02,3.198328987936241106e+02,3.163874435424804688e+01,8.959741725909787374e-03,2.995510398602958205e-03,-5.538506363820441124e-36,3.945782784133371024e+00,3.105633534796027106e+00,3.349742889404296875e-01,9.910257932822449933e-05,3.323308561127167812e-05,-8.464822063992602345e-38
4.732144885656943529e+02,3.229385323284201377e+02,3.197371864318847656e+01,9.058844305238011874e-03,3.028743484214229884e-03,-5.623154584460367148e-36,3.883875173227750111e+00,3.076795431265111347e+00,1.895469665527329539e-01,9.909349724595770126e-05,3.323216690486775760e-05,-1.430337852660713120e-38
4.770983637389221030e+02,3.260153277596852490e+02,3.216326560974120952e+01,9.157937802483969575e-03,3.061975651119097641e-03,-5.637457962986974279e-36,3.862212162068658472e+00,3.064337951874392729e+00,1.963970184326200297e-01,9.908367869792579496e-05,3.323087687594813294e-05,-1.852149765951399867e-38
4.809605759009907615e+02,3.290796657115596417e+02,3.235966262817382955e+01,9.257021481181895370e-03,3.095206527995045774e-03,-5.655979460646488277e-36,3.848920936606589294e+00,3.054842627998596072e+00,2.509086608886690328e-01,9.907312397528997283e-05,3.322977262124396369e-05,-4.631551057173017249e-38
4.848094968375973508e+02,3.321345083395582378e+02,3.261057128906249858e+01,9.356094605157185343e-03,3.128436300616289738e-03,-5.702294971218218450e-36,3.826852274622751793e+00,3.042946120464989690e+00,2.288867950439481547e-01,9.906404751053483893e-05,3.322848276378527477e-05,-3.624058267134728186e-38
4.886363491122201026e+02,3.351774544600232275e+02,3.283945808410644673e+01,9.455158652667720182e-03,3.161664783380075013e-03,-5.738535553889565732e-36,3.828340381608541065e+00,3.039375937343720580e+00,2.010742187500014211e-01,9.905423479688452160e-05,3.322775000901175002e-05,-2.252954309495892670e-38
4.924646894938286437e+02,3.382168303973669481e+02,3.304053230285644815e+01,9.554212887464604703e-03,3.194892533389086763e-03,-5.761065096984524659e-36,3.736993498334470587e+00,3.005433806524990814e+00,3.165740966796448674e-02,9.904442402746370389e-05,3.322627463405803186e-05,5.912254448281263347e-38
4.962016829921631142e+02,3.412222642038919389e+02,3.307218971252441264e+01,9.653257311492068407e-03,3.228118808023144794e-03,-5.701942552501712025e-36,3.708041089937808010e+00,2.990152811818461487e+00,6.188583374026279671e-03,9.903387737350728692e-05,3.322554200156429757e-05,7.087289621622800991e-38
4.999097240821009223e+02,3.442124170157104004e+02,3.307837829589843892e+01,9.752291188865575694e-03,3.261344350024709092e-03,-5.631069656285484015e-36,3.709998923374257629e+00,2.984422924915861586e+00,1.337585449218181566e-02,9.902480839029878523e-05,3.322406679756367484e-05,6.724309823058260544e-38
5.036197230054751799e+02,3.471968399406262620e+02,3.309175415039062074e+01,9.851315997255874479e-03,3.294568416822272767e-03,-5.563826558054901410e-36,3.708405975624202711e+00,2.979280594545116401e+00,4.505691528320454609e-02,9.901500344854617663e-05,3.322333428732284280e-05,5.127634927981492753e-38
5.073281289810993826e+02,3.501761205351713784e+02,3.313681106567382528e+01,9.950331000704420656e-03,3.327791751109595610e-03,-5.512550208775086482e-36,3.644420908710287677e+00,2.956990224543915247e+00,2.882995605469318434e-02,9.900520044805495579e-05,3.322223053383102642e-05,5.735700706917538607e-38
5.109725498898096703e+02,3.531331107597152936e+02,3.316564102172851847e+01,1.004933620115247561e-02,3.361013981643426636e-03,-5.455193201705911096e-36,8.963085054192561074e-01,7.344951018089318495e-01,-1.393585205078551326e-02,2.474939982577938069e-05,8.305106723778370170e-06,2.443799949949218156e-38
5.118688583952289264e+02,3.538676058615242255e+02,3.315170516967773295e+01,1.007408560097825499e-02,3.369319088367205006e-03,-5.430755202206418915e-36,2.876590910228514986e+00,2.696436712084562259e+00,-6.263465881347656250e-01,9.899294946377062976e-05,3.322085095462017426e-05,3.607872260936882235e-37
5.147454493054574414e+02,3.565640425736087877e+02,3.252535858154296733e+01,1.017307855044202562e-02,3.402539939321825180e-03,-5.069967976112730691e-36,2.995091986272996110e+00,3.059760673951643639e+00,-1.093389129638669743e+00,1.175407556524704633e-04,3.944783987887322610e-05,5.898347110331848244e-37
5.177405412917304375e+02,3.596238032475604314e+02,3.143196945190429759e+01,1.029061930609449609e-02,3.441987779200698407e-03,-4.480133265079545867e-36,2.206579447611829892e+00,2.195433008191059798e+00,-7.140026092529296875e-01,8.350754099674222164e-05,2.802816373196183666e-05,3.901547828353866116e-37
5.199471207393422674e+02,3.618192362557514912e+02,3.071796684265136790e+01,1.037412684709123831e-02,3.470015942932660243e-03,-4.089978482244159255e-36,2.039751238058101990e+00,2.378840742092450000e+00,-1.292962265014647727e+00,9.896325342075192044e-05,3.321713471727714626e-05,6.678237102579554456e-37
5.219868719774003694e+02,3.641980769978439412e+02,2.942500457763672017e+01,1.047309010051199023e-02,3.503233077649937389e-03,-3.422154771986203809e-36,1.772782294439707584e+00,2.267251084819349671e+00,-1.534892082214359021e+00,9.895346066433885479e-05,3.321640258968205223e-05,7.796575336480506170e-37
5.237596542718400769e+02,3.664653280826632908e+02,2.789011249542236115e+01,1.057204356117632908e-02,3.536449480239619442e-03,-2.642497238338153192e-36,1.213619738672946369e+00,2.070385396388530808e+00,-1.877334594726562500e+00,9.894366984556854372e-05,3.321529929692845426e-05,9.338916621213285194e-37
5.249732740105130233e+02,3.685357134790518217e+02,2.601277790069579865e+01,1.067098723102189763e-02,3.569664779536547896e-03,-1.708605576216824673e-36,1.209160343884263966e+00,2.071306054695980947e+00,-1.844183349609373579e+00,9.893314388766984158e-05,3.321382488832933660e-05,9.170723497323993296e-37
5.261824343543972873e+02,3.706070195337478026e+02,2.416859455108642507e+01,1.076992037490956747e-02,3.602878604424877233e-03,-7.915332264844253434e-37,1.398691910976822328e+00,2.138360651312666505e+00,-1.675731730461119895e+00,9.892409409266791909e-05,3.321309294383300442e-05,8.390819200621568936e-37
5.275811262653741096e+02,3.727453801850604691e+02,2.249286282062530518e+01,1.086884446900223539e-02,3.636091697368710237e-03,4.754869357773151888e-38,-3.892976688039198052e-01,1.483882460390361757e+00,-2.712794899940490723e+00,9.891430908445970893e-05,3.321161870600396887e-05,1.305046393782285030e-36
5.271918285965701898e+02,3.742292626454508309e+02,1.978006792068481445e+01,1.096775877808669510e-02,3.669303316074714206e-03,1.352595087360016581e-36,-1.257550314441948558e+01,-2.688078831838822680e+00,-8.418579959869385121e+00,9.890452601137543487e-05,3.321088688361438848e-05,3.808517896773966824e-36
5.146163254521507042e+02,3.715411838136120082e+02,1.136148796081542933e+01,1.106666330409807053e-02,3.702514202958328594e-03,5.161112984133983739e-36,-3.053002589582945348e+00,5.993421135359540131e-01,-3.487215042114256924e+00,9.889400808842443991e-05,3.320941281718730806e-05,1.620673806110361488e-36
5.115633228625677589e+02,3.721405259271479622e+02,7.874272918701172408e+00,1.116555731218649497e-02,3.735723615775515902e-03,6.781786790244345227e-36,-2.924335969867570384e+00,5.722283131079279883e-01,-3.343077850341798829e+00,9.888496574289411256e-05,3.320868111621405952e-05,1.554947141510087445e-36
5.086389868927001885e+02,3.727127542402558902e+02,4.531195068359373579e+00,1.126444227792938908e-02,3.768932296891729962e-03,8.336733931754432672e-36,-4.076213962013127912e+00,1.427300331735068539e-01,-4.190872192382810724e+00,9.887518847348161777e-05,3.320720722115597448e-05,1.939852090810417925e-36
5.045627729306870606e+02,3.728554842734293970e+02,3.403228759765628553e-01,1.136331746640287070e-02,3.802139504112885936e-03,1.027658602256485060e-35,-7.467575776329113069e+00,-1.099443001624877070e+00,-5.742706298828125000e+00,9.886467657011649424e-05,3.320647564201712615e-05,2.623269468315997873e-36
4.970951971543579475e+02,3.717560412718045200e+02,-5.402383422851562145e+00,1.146218214297298719e-02,3.835345979754903063e-03,1.289985549088084847e-35,-1.210802874351838909e+01,-2.622070479668309417e+00,-7.860390853881837003e+00,9.885563980625497460e-05,3.320500191807346582e-05,3.536753704768434004e-36
4.849871684108395584e+02,3.691339707921362105e+02,-1.326277427673339915e+01,1.156103778277924217e-02,3.868550981672976528e-03,1.643660919564928247e-35,-9.669885136933487502e+00,-1.857891829578591114e+00,-6.288068485260009055e+00,9.884586833469079237e-05,3.320427046074299685e-05,2.832824295224109317e-36
4.753172832739060709e+02,3.672760789625576194e+02,-1.955084276199340820e+01,1.165988365111393296e-02,3.901755252133719525e-03,1.926943349087339179e-35,-8.119727047306128043e+00,-1.392074972393572807e+00,-5.281976413726809483e+00,9.883609879445670598e-05,3.320279690788166885e-05,2.391681009992181456e-36
4.671975562265999429e+02,3.658840039901640466e+02,-2.483281917572021769e+01,1.175871974990838967e-02,3.934958049041601194e-03,2.166111450086557325e-35,-9.090282580277062152e+00,-1.861727878688327564e+00,-5.932400703430172229e+00,9.882559491000524055e-05,3.320206557255473562e-05,2.692630522676725487e-36
4.581072736463228807e+02,3.640222761114757191e+02,-3.076521987915038991e+01,1.185754534481839491e-02,3.968160114614155930e-03,2.435374502354229874e-35,-1.350221797416281788e+01,-3.603965589399649616e+00,-7.997968292236325993e+00,9.881656557953095998e-05,3.320059219030085940e-05,3.617877738243296447e-36
4.446050556721600628e+02,3.604183105220760694e+02,-3.876318817138671591e+01,1.195636191039792587e-02,4.001360706804456789e-03,2.797162276178559518e-35,-1.073641844630128617e+01,-2.494341261442571067e+00,-6.520378112792968750e+00,9.880680183092967195e-05,3.319986097695057370e-05,2.952738494332406342e-36
4.338686372258587767e+02,3.579239692606334984e+02,-4.528356628417968466e+01,1.205516871222885554e-02,4.034560567781407363e-03,3.092436125611800152e-35,-1.142872219779422949e+01,-2.814483375051622716e+00,-6.711523437500005684e+00,9.879704001114660017e-05,3.319875878255405810e-05,3.040631951817822195e-36
4.224399150280645472e+02,3.551094858855818757e+02,-5.199508972167969034e+01,1.215396575224000214e-02,4.067759326563961421e-03,3.396499320793582372e-35,-2.695641011345503557e+01,-8.900883059587613388e+00,-1.403086242675782103e+01,9.878654413578852322e-05,3.319728565725783148e-05,6.337276012162667611e-36
3.954835049146095116e+02,3.462086028259942623e+02,-6.602595214843751137e+01,1.225275229637579066e-02,4.100956612221219252e-03,4.030226922009849133e-35,-1.728151202689775801e+01,-5.074774081812279292e+00,-9.332586669921866473e+00,9.877752223021001032e-05,3.319655462605090868e-05,4.233322499295693557e-36
3.782019928877117536e+02,3.411338287441819830e+02,-7.535853881835937784e+01,1.235152981860600067e-02,4.134153166847270161e-03,4.453559171939418489e-35,-1.989157581354572812e+01,-5.920375117491573747e+00,-9.880990600585931816e+00,9.876703035587193480e-05,3.319508167172469104e-05,4.467585666445104786e-36
3.583104170741660255e+02,3.352134536266904092e+02,-8.523952941894530966e+01,1.245029684896187261e-02,4.167348248518994852e-03,4.900317738583928967e-35,-3.002134825687545572e+01,-9.677090463374838691e+00,-1.372774047851562784e+01,9.875801215939068733e-05,3.319435076242979732e-05,6.220449781612693732e-36
3.282890688172905698e+02,3.255363631633155705e+02,-9.896726989746093750e+01,1.254905486112126330e-02,4.200542599281424649e-03,5.522362716745198341e-35,-1.345647125815452227e+01,-3.382019502608443418e+00,-6.496069335937505684e+00,9.874825997774339115e-05,3.319287797859827444e-05,2.942427664001265740e-36
3.148325975591360475e+02,3.221543436607071271e+02,-1.054633392333984432e+02,1.264780312109900669e-02,4.233735477260022924e-03,5.816605483145324915e-35,-8.837587542806772944e+00,-1.684635613713737712e+00,-4.698165893554687500e+00,9.873850972170680751e-05,3.319214719119112367e-05,2.142797631854408939e-36
3.059950100163292745e+02,3.204697080469933894e+02,-1.101615051269531307e+02,1.274654163082071349e-02,4.266927624451214048e-03,6.030885246330765809e-35,-7.032167218968425004e+00,-1.005613480178055852e+00,-3.896856689453130684e+00,9.872876139071368184e-05,3.319067457848400016e-05,1.788881996760738132e-36
2.989628427973608495e+02,3.194640945668153336e+02,-1.140583618164062614e+02,1.284527039221142718e-02,4.300118299029698048e-03,6.209773446006839622e-35,-6.549850632979769216e+00,-7.934349591116642841e-01,-3.455261230468750000e+00,9.871901498485075033e-05,3.318994391227330504e-05,1.588281130728042858e-36
2.924129921643810803e+02,3.186706596077036693e+02,-1.175136230468750114e+02,1.294398940719627793e-02,4.333308242941971353e-03,6.368601559079643908e-35,-5.128590066971639772e+00,-2.548378486486058137e-01,-2.857196044921863631e+00,9.870927050266778413e-05,3.318847147066022324e-05,1.314666453474911013e-36
2.872844020974094406e+02,3.184158217590550635e+02,-1.203708190917968750e+02,1.304269867769894571e-02,4.366496714412631576e-03,6.500068204427135009e-35,-4.643328372928010594e+00,-7.447362461050488491e-02,-2.458331298828127842e+00,9.869805728254799071e-05,3.318774092606405213e-05,1.126063895015248738e-36
2.826410737244814300e+02,3.183413481344445586e+02,-1.228291503906250028e+02,1.314139673498149370e-02,4.399684455338695628e-03,6.612674593928659883e-35,-4.545267526806355818e+00,-3.127069444536800802e-02,-2.124090576171866473e+00,9.868978745396217445e-05,3.318626865529000769e-05,9.636298611858017829e-37
2.780958061976750741e+02,3.183100774399991906e+02,-1.249532409667968693e+02,1.324008652243545588e-02,4.432870723993985636e-03,6.709037580047240061e-35,-4.840747163735443337e+00,-1.371896625032604788e-01,-1.926593017578127842e+00,9.868004874113815716e-05,3.318553823228233973e-05,8.591715760808989557e-37
2.732550590339396308e+02,3.181728877774959301e+02,-1.268798339843749972e+02,1.333876657117659403e-02,4.466056262226267976e-03,6.794954737655329957e-35,-5.040479178085547574e+00,-2.203855196120798610e-01,-1.788659667968758527e+00,9.867031194971814800e-05,3.318406613231437291e-05,7.839353458534539646e-37
2.682145798558540832e+02,3.179525022578838502e+02,-1.286684936523437557e+02,1.343743688312631218e-02,4.499240328358582348e-03,6.873348272240675353e-35,-5.164099437932293313e+00,-2.575315311894428305e-01,-1.612713623046857947e+00,9.866057708001092774e-05,3.318333583108949714e-05,6.949421583015589957e-37
2.630504804179217899e+02,3.176949707266944074e+02,-1.302812072753906136e+02,1.353609746020632311e-02,4.532423664189671846e-03,6.942842488070831253e-35,-4.118305760326052223e+00,1.291730952563625578e-01,-1.310302734375000000e+00,9.865084413079351633e-05,3.318186390145576314e-05,5.677637714471670046e-37
2.589321746575957377e+02,3.178241438219507700e+02,-1.315915100097656136e+02,1.363474830433711663e-02,4.565605528091127609e-03,6.999618865215547953e-35,-4.303003495016611168e+00,7.841103185825204491e-02,-1.003857421875011369e+00,9.864111310149172029e-05,3.318113372198765870e-05,4.139944166802243817e-37
2.546291711625791265e+02,3.179025548538090220e+02,-1.325953674316406250e+02,1.373338941743860835e-02,4.598786661813115267e-03,7.041018306883570391e-35,-6.172668892583033085e+00,-5.874545893823324150e-01,-3.139526367187386313e-01,9.862991434537136948e-05,3.318003277066189360e-05,3.957650706928203620e-38
2.484565022699960934e+02,3.173151002644266896e+02,-1.329093200683593636e+02,1.383201933178397972e-02,4.631966694583777161e-03,7.044975957590498595e-35,-5.472463832044610399e+00,-3.338725562990134677e-01,-9.405517578130684342e-03,9.862165694662222704e-05,3.317856109757207766e-05,-9.455841861906709814e-38
2.429840384379514830e+02,3.169812277081276761e+02,-1.329187255859374943e+02,1.393064098873060194e-02,4.665145255681349239e-03,7.035520115728591885e-35,-5.139153134720629623e+00,-2.039649801246810057e-01,4.570983886718806843e-01,9.861193167451549890e-05,3.317783109991860602e-05,-3.215160720491272317e-37
2.378448853032308534e+02,3.167772627280029951e+02,-1.324616271972656136e+02,1.402925292040511744e-02,4.698323086781267845e-03,7.003368508523679162e-35,-4.912217660270982833e+00,-1.254838050827515872e-01,5.734130859374886313e-01,9.860220832006057201e-05,3.317635959752211067e-05,-3.740413840766967198e-37
2.329326676429598706e+02,3.166517789229202435e+02,-1.318882141113281250e+02,1.412785512872517801e-02,4.731499446378789955e-03,6.965964370116009490e-35,-5.417804332300818260e+00,-2.943863406147215755e-01,9.474548339843522626e-01,9.859248688334244781e-05,3.317562972156122558e-05,-5.667443974398047493e-37
2.275148633106590523e+02,3.163573925823055220e+02,-1.309407592773437727e+02,1.422644761560852046e-02,4.764675076100351181e-03,6.909289930372029015e-35,-8.047003811398241169e+00,-1.199961700957601352e+00,2.294348144531284106e+00,9.858276736291610165e-05,3.317415838938447131e-05,-1.276022076691634726e-36
2.194678594992608112e+02,3.151574308813479206e+02,-1.286464111328124886e+02,1.432503038297143656e-02,4.797849234489735652e-03,6.781687722702865542e-35,-1.172961536830618456e+01,-2.435684416019626042e+00,4.509338378906235789e+00,9.857304975909378375e-05,3.317342863509101930e-05,-2.439371183147027896e-36
2.077382441309546266e+02,3.127217464653282946e+02,-1.241370727539062528e+02,1.442360343273053035e-02,4.831022663124826672e-03,6.537750604388162753e-35,-1.041037635636007508e+01,-1.950557441485671006e+00,4.211401367187505684e+00,9.856333407065251406e-05,3.317195747376371073e-05,-2.266899529587508225e-36
1.973278677745945515e+02,3.107711890238426236e+02,-1.199256713867187472e+02,1.452216676680118286e-02,4.864194620598590382e-03,6.311060651429411930e-35,-1.538673107119771544e+01,-3.543036987109474012e+00,6.735076904296875000e+00,9.855215180906880257e-05,3.317122784044813921e-05,-3.598785138592053281e-36
1.819411367033968361e+02,3.072281520367331495e+02,-1.131905944824218722e+02,1.462071891861025166e-02,4.897365848439038521e-03,5.951182137570206602e-35,-1.292650492377802607e+01,-2.597164415251143055e+00,6.138269042968758527e+00,9.854390858278667953e-05,3.316975684993991869e-05,-3.257258111930097626e-36
1.690146317796188100e+02,3.046309876214820065e+02,-1.070523254394531136e+02,1.471926282719303834e-02,4.930535605288978440e-03,5.625456326377196839e-35,-1.259519022791849352e+01,-2.414915472060897628e+00,6.641329956054676131e+00,9.853419863793330680e-05,3.316902733801856129e-05,-3.504355289667588127e-36
1.564194415517003165e+02,3.022160721494211089e+02,-1.004109954833984375e+02,1.481779702583097165e-02,4.963704632626997001e-03,5.275020797410438027e-35,-1.312611708482467066e+01,-2.472565147212776537e+00,7.455017089843750000e+00,9.852449060619716814e-05,3.316755651807442445e-05,-3.912339073124276260e-36
1.432933244668756458e+02,2.997435070022083323e+02,-9.295597839355468750e+01,1.491632151643716882e-02,4.996872189145071426e-03,4.883786890098010401e-35,-1.286777443951808664e+01,-2.310367226448363454e+00,7.594451904296875000e+00,9.851478448701274371e-05,3.316682712752126033e-05,-3.975430058984821568e-36
1.304255500273575592e+02,2.974331397757599689e+02,-8.536152648925781250e+01,1.501483630092418156e-02,5.030039016272592686e-03,4.486243884199528244e-35,-1.148451116531077787e+01,-1.904589289923990236e+00,6.755969238281252842e+00,9.850508028046850439e-05,3.316535647810911480e-05,-3.536396694277118744e-36
1.189410388620467813e+02,2.955285504858359786e+02,-7.860555725097655966e+01,1.511334138120465007e-02,5.063204372750701801e-03,4.132604214771816370e-35,-9.893100169154095624e+00,-1.463876567252270888e+00,5.982546997070315342e+00,9.849537798512636444e-05,3.316462720912016771e-05,-3.131698325695484885e-36
1.090479386928926857e+02,2.940646739185837077e+02,-7.262301025390624432e+01,1.521183675918977643e-02,5.096368999959821969e-03,3.819434382202267881e-35,-9.064239785605820998e+00,-1.246455257283344054e+00,5.976831054687494316e+00,9.848421012566277444e-05,3.316315672976643397e-05,-3.111841195538725373e-36
9.998369890728686471e+01,2.928182186613003637e+02,-6.664617919921875000e+01,1.531032096931543920e-02,5.129532156689588403e-03,3.508250262648395344e-35,-5.584905231663853442e+00,-1.772628180352171512e-01,3.828601074218752842e+00,9.847597927204083945e-05,3.316242758231568305e-05,-1.998723809594347308e-36
9.439879367562301127e+01,2.926409558432651465e+02,-6.281757812499999716e+01,1.540879694858748004e-02,5.162694584271904086e-03,3.308377881688960613e-35,-3.523340988083731418e+00,4.556680200038840667e-01,2.492785644531245737e+00,9.846628270863792831e-05,3.316132787195991832e-05,-1.299148550511621932e-36
9.087545268753927985e+01,2.930966238632690306e+02,-6.032479248046875142e+01,1.550726323129611797e-02,5.195855912143864004e-03,3.178463026637798420e-35,-2.878890578131716893e+00,6.789811352824699497e-01,2.052432250976558237e+00,9.845658805417677184e-05,3.315985764873810582e-05,-1.068584057969959901e-36
8.799656210940756296e+01,2.937756049985515006e+02,-5.827236022949219318e+01,1.560571981935029474e-02,5.229015769792602110e-03,3.071604620840802430e-35,-2.314057602042197459e+00,8.830259824777044741e-01,1.649584960937502842e+00,9.844689530896962026e-05,3.315912868277239023e-05,-8.595481016151445815e-37
8.568250450736536550e+01,2.946586309810292050e+02,-5.662277526855469034e+01,1.570416671465926436e-02,5.262174898475374500e-03,2.985649810679287972e-35,-1.785455951883761827e+00,1.071775644495687629e+00,1.273007202148441763e+00,9.843720447180043243e-05,3.315765862996981200e-05,-6.637180896078419837e-37
8.389704855548160367e+01,2.957304066255248927e+02,-5.534976806640624858e+01,1.580260391913106480e-02,5.295332557105344312e-03,2.919278001718503773e-35,-1.682705567980562478e+00,1.106233024722712344e+00,1.208520507812501421e+00,9.842751554210021903e-05,3.315692978547724046e-05,-6.296746711820735725e-37
8.221434298750104119e+01,2.968366396502476050e+02,-5.414124755859374716e+01,1.590103143467316502e-02,5.328489486890821553e-03,2.856310534600296416e-35,-1.560549955215421392e+00,1.150045370249415555e+00,1.118840026855465908e+00,9.841636205504267210e-05,3.315545990261944964e-05,-5.832311648875756053e-37
8.065379303228561980e+01,2.979866850204970206e+02,-5.302240753173828125e+01,1.599944779672820769e-02,5.361644946793441002e-03,2.797987418111538855e-35,-1.422913555425537879e+00,1.198648781619510828e+00,1.020721435546875000e+00,9.840814354847987611e-05,3.315473117957573601e-05,-5.316287995963982053e-37
7.923087947686008192e+01,2.991853338021165314e+02,-5.200168609619140625e+01,1.609785594027668756e-02,5.394799677973016738e-03,2.744824538151899035e-35,-1.319564921650083988e+00,1.240113638485638603e+00,9.434188842773423289e-01,9.839846033866256336e-05,3.315326146729330459e-05,-4.914025563917919666e-37
7.791131455520999793e+01,3.004254474406021700e+02,-5.105826721191406392e+01,1.619625440061535013e-02,5.427952939440310043e-03,2.695684282512719838e-35,-1.181270796559203973e+00,1.286860601061505349e+00,8.596923828125042633e-01,9.838877903406428871e-05,3.315253286500802893e-05,-4.472939675871152023e-37
7.673004375865079396e+01,3.017123080416636753e+02,-5.019857482910155966e+01,1.629464317964941442e-02,5.461105472305318072e-03,2.650954885754008318e-35,-1.114143621408970830e+00,1.308474247205765550e+00,8.204696655273409078e-01,9.837909963477872721e-05,3.315106332326973188e-05,-4.265529207798296799e-37
7.561590013724182313e+01,3.030207822888694409e+02,-4.937810516357421875e+01,1.639302227928419314e-02,5.494256535628587804e-03,2.608299593676025350e-35,-1.041467906425680212e+00,1.330360301726216221e+00,7.793746948242201711e-01,9.836942213937299728e-05,3.315033484215922782e-05,-4.048292341636579279e-37
7.457443223081614292e+01,3.043511425905956571e+02,-4.859873046874999858e+01,1.649139170142356614e-02,5.527406870470747031e-03,2.567816670259659557e-35,-9.826154094652821414e-01,1.349842379944902859e+00,7.412246704101548289e-01,9.835974654815241025e-05,3.314886547071179551e-05,-3.849307780336209057e-37
7.359181682135086078e+01,3.057009849705405600e+02,-4.785750579833984375e+01,1.658975144797171855e-02,5.560555735941458827e-03,2.529323592456297467e-35,-9.734697718643019471e-01,1.350667845131113154e+00,7.380096435546903422e-01,9.835007285990265968e-05,3.314813711075090957e-05,-3.830986598852732575e-37
7.261834704948655883e+01,3.070516528156716731e+02,-4.711949615478515341e+01,1.668810152083162121e-02,5.593703873052209737e-03,2.491013726467770141e-35,-9.180308954300642199e-01,1.368998607072057894e+00,6.986938476562443157e-01,9.833893576300864470e-05,3.314666790956051490e-05,-3.625366922954968870e-37
7.170031615405649461e+01,3.084206514227437310e+02,-4.642080230712890909e+01,1.678644045659462986e-02,5.626850540961770251e-03,2.454760057238220452e-35,-8.979702588963505150e-01,1.373901118100263830e+00,6.821563720703167633e-01,9.833073133459421800e-05,3.314593967094527083e-05,-3.539179309810715500e-37
7.080234589516014410e+01,3.097945525408439948e+02,-4.573864593505859233e+01,1.688477118792922407e-02,5.659996480632715522e-03,2.419368264140113297e-35,-8.856141649940667548e-01,1.375268181605349582e+00,6.693984985351519867e-01,9.832106335274162778e-05,3.314447063953833428e-05,-3.472667451718274328e-37
6.991673173016607734e+01,3.111698207224493444e+02,-4.506924743652344034e+01,1.698309225128196570e-02,5.693140951272253857e-03,2.384641589622930554e-35,-8.746016550878294993e-01,1.376709264878002159e+00,6.625854492187528422e-01,9.831139727161167241e-05,3.314374252224271122e-05,-3.436162841995472822e-37
6.904213007507824784e+01,3.125465299873273466e+02,-4.440666198730468750e+01,1.708140364855357737e-02,5.726284693794496568e-03,2.350279961202975826e-35,-8.656597445024942772e-01,1.377806596563402763e+00,6.576080322265625000e-01,9.830173309065270981e-05,3.314264405075966619e-05,-3.409163206125028751e-37
6.817647033057575356e+01,3.139243365838907494e+02,-4.374905395507812500e+01,1.717970538164423008e-02,5.759427337845256234e-03,2.316188329141725538e-35,-8.571001590079561083e-01,1.379665144249486275e+00,6.528823852539034078e-01,9.829207080995494561e-05,3.314117527507438876e-05,-3.383632938193117885e-37
6.731937017156779746e+01,3.153040017281402356e+02,-4.309617156982422159e+01,1.727799745245418503e-02,5.792568513120330623e-03,2.282351999759794359e-35,-8.488733659812908172e-01,1.379068430090796937e+00,6.463912963867244343e-01,9.828241042808202876e-05,3.314044733893593830e-05,-3.349332380378102822e-37
6.647049680558650664e+01,3.166830701582310326e+02,-4.244978027343749716e+01,1.737627986288226706e-02,5.825708960459266561e-03,2.248858675956013331e-35,-8.228742101661765673e-01,1.385666767044313019e+00,6.297760009765625000e-01,9.827128764224035695e-05,3.313897873339407413e-05,-3.261675399295289520e-37
6.564762259542033007e+01,3.180687369252753456e+02,-4.182000427246093466e+01,1.747455115052450741e-02,5.858847939192660635e-03,2.216241921963060436e-35,-7.866675032340282314e-01,1.391087186005506737e+00,6.163177490234375000e-01,9.826309550420991856e-05,3.313825091851105992e-05,-3.189905959047824734e-37
6.486095509218630184e+01,3.194598241112808523e+02,-4.120368652343749716e+01,1.757281424602871733e-02,5.891986190111171695e-03,2.184342862372582189e-35,-7.572216123481467775e-01,1.397711296907175438e+00,5.989257812500028422e-01,9.825344081718090372e-05,3.313678248264076420e-05,-3.098277092756194348e-37
6.410373347983815506e+01,3.208575354081880278e+02,-4.060476074218749432e+01,1.767106768684589824e-02,5.925122972593812459e-03,2.153360091445020245e-35,-7.481765050780921911e-01,1.398098064000237173e+00,5.934906005859375000e-01,9.824378802674588185e-05,3.313605478898629803e-05,-3.069096363851971258e-37
6.335555697476006287e+01,3.222556334721882649e+02,-4.001127014160155682e+01,1.776931147487264412e-02,5.958259027382798757e-03,2.122669127806500532e-35,-6.664674274918453989e-01,1.426827757536386798e+00,5.274734497070312500e-01,9.823413713321016427e-05,3.313458652341814276e-05,-2.726756593049051592e-37
6.268908954726821747e+01,3.236824612297246517e+02,-3.948379669189452557e+01,1.786754561200585428e-02,5.991393613906216900e-03,2.095401561876010017e-35,-5.609650620177504265e-01,1.463985162200003742e+00,4.425033569335852235e-01,9.822448813536291401e-05,3.313385895030440675e-05,-2.286612018837817831e-37
6.212812448525046705e+01,3.251464463919246555e+02,-3.904129333496094034e+01,1.796577010014121720e-02,6.024527472856521307e-03,2.072535441687631838e-35,-4.543129115525772477e-01,1.501096885872755138e+00,3.559585571289147765e-01,9.821484103264901955e-05,3.313239085500629955e-05,-1.838317044342589077e-37
6.167381157369788980e+01,3.266475432777974106e+02,-3.868533477783202557e+01,1.806398494117386622e-02,6.057659863711527606e-03,2.054152271244205947e-35,-4.069241357087989286e-01,1.516670588583110657e+00,3.216125488281207367e-01,9.820373252839714739e-05,3.313166340284875999e-05,-1.659651086567227866e-37
6.126688743798909087e+01,3.281642138663805213e+02,-3.836372222900390483e+01,1.816218867370226336e-02,6.090791527114376366e-03,2.037555760378533669e-35,-3.952072024758734869e-01,1.516966759612898841e+00,3.115081787109303946e-01,9.819555265537516231e-05,3.313019547756656386e-05,-1.607098223890785322e-37
6.087168023551321738e+01,3.296811806259934201e+02,-3.805221405029297443e+01,1.826038422635763853e-02,6.123921722591942930e-03,2.021484778139625816e-35,-3.786441509400333416e-01,1.519965326681017359e+00,2.993148803710994343e-01,9.818591123554945566e-05,3.312946814634093462e-05,-1.543295512935042310e-37
6.049303608457318404e+01,3.312011459526744375e+02,-3.775289916992187500e+01,1.835857013759318798e-02,6.157051190738283865e-03,2.006051823010275392e-35,-3.539813867562529026e-01,1.530751250933235497e+00,2.843536376953181843e-01,9.817627170862625041e-05,3.312800039104255717e-05,-1.463306795781453347e-37
6.013905469781693114e+01,3.327318972036076730e+02,-3.746854553222655682e+01,1.845674640930181423e-02,6.190179191129326422e-03,1.991418755052460859e-35,-3.133253137831673030e-01,1.547729234068299320e+00,2.630279541015596578e-01,9.816663407469575220e-05,3.312727318094399465e-05,-1.348076206977181801e-37
5.982572938403376384e+01,3.342796264376759723e+02,-3.720551757812499716e+01,1.855491304337650998e-02,6.223306464310270417e-03,1.977937992982689041e-35,-3.004847367617742293e-01,1.550779120527863597e+00,2.533508300781193157e-01,9.815699833233201832e-05,3.312617580084747937e-05,-1.297566684090286635e-37
5.952524464727198961e+01,3.358304055582038359e+02,-3.695216674804687784e+01,1.865307004170884200e-02,6.256432640111117896e-03,1.964962326141786175e-35,-2.725032078438331951e-01,1.558595386470699395e+00,2.324661254882869343e-01,9.814736448185076845e-05,3.312470830046584935e-05,-1.188902333261359570e-37
5.925274143942815641e+01,3.373890009446745353e+02,-3.671970062255859091e+01,1.875121740619069277e-02,6.289557348411583745e-03,1.953073302809172579e-35,-2.461802899790441757e-01,1.565282372730052884e+00,2.069595336914034078e-01,9.813773252204116559e-05,3.312361109051101260e-05,-1.057738285873697931e-37
5.900656114944911224e+01,3.389542833174045882e+02,-3.651274108886718750e+01,1.884935513871273394e-02,6.322680959502094758e-03,1.942495919950435600e-35,-2.425598779889597267e-01,1.562191513776213014e+00,1.948104858398451711e-01,9.812664030445922281e-05,3.312325429083006617e-05,-9.967135986767288079e-38
5.876400127146015251e+01,3.405164748311808012e+02,-3.631793060302734233e+01,1.894748177901719316e-02,6.355804213792924824e-03,1.932528783963668312e-35,-2.368728830450024248e-01,1.561778023412159655e+00,1.914398193359332367e-01,9.811847441609788945e-05,3.312141686390504547e-05,-9.789204712961180107e-38
5.852712838841515008e+01,3.420782528545929608e+02,-3.612649078369140909e+01,1.904560025343329105e-02,6.388925630656829870e-03,1.922739579250707131e-35,-2.335484505020133383e-01,1.561364732728065974e+00,1.898162841796846578e-01,9.810884812580175640e-05,3.312031987220531021e-05,-9.700468664798200367e-38
5.829357993791313675e+01,3.436396175873210268e+02,-3.593667449951172443e+01,1.914370910155909281e-02,6.422045950529035180e-03,1.913039110585908931e-35,-2.267075415737096478e-01,1.562057138382158428e+00,1.850570678710994343e-01,9.809922372394988543e-05,3.311922295294675994e-05,-9.449528171546917024e-38
5.806687239633942710e+01,3.452016747257031852e+02,-3.575161743164062500e+01,1.924180832528304269e-02,6.455165173481981940e-03,1.903589582414362014e-35,-2.035548936507254325e-01,1.565059719708756347e+00,1.732147216796846578e-01,9.808960120999410393e-05,3.311886634586088535e-05,-8.823095293379005651e-38
5.786331750268870167e+01,3.467667344454119416e+02,-3.557840270996094034e+01,1.933989792649303679e-02,6.488284039827842825e-03,1.894766487120983008e-35,-1.964515753257387587e-01,1.564842909526873882e+00,1.698379516601562500e-01,9.807998058402114805e-05,3.311702930787734783e-05,-8.640572244764998118e-38
5.766686592736296291e+01,3.483315773549388155e+02,-3.540856475830078409e+01,1.943797790707705794e-02,6.521401069135720173e-03,1.886125914876218010e-35,-1.909208083623994412e-01,1.563667913338974813e+00,1.629302978515596578e-01,9.807036184460854455e-05,3.311593260656511828e-05,-8.289186677590377334e-38
5.747594511900056347e+01,3.498952452682777903e+02,-3.524563446044922443e+01,1.953604826892166649e-02,6.554517001742285291e-03,1.877836728198627633e-35,-1.865275765627174565e-01,1.561902980016157017e+00,1.533508300781321054e-01,9.805928384779699636e-05,3.311483597766892023e-05,-7.808772238313885808e-38
5.728941754243784601e+01,3.514571482482939473e+02,-3.509228363037109233e+01,1.963410755276946348e-02,6.587631837719954211e-03,1.870027955960313747e-35,-1.722597898291198248e-01,1.563726253190452553e+00,1.466705322265582367e-01,9.805113016825295347e-05,3.311447956330822173e-05,-7.450958186408633282e-38
5.711715775260872618e+01,3.530208745014843998e+02,-3.494561309814453409e+01,1.973215868293771644e-02,6.620746317283262433e-03,1.862576997773905114e-35,-1.215324918151452493e-01,1.124140503914361489e+00,1.044372558593806843e-01,7.046890542158554260e-05,2.379970727215373338e-05,-5.301663193200725733e-38
