Sigma_1,Sigma_2,Sigma_12,Epsilon_1,Epsilon_2,Epsilon_12,dSigma_1,dSigma_2,dSigma_12,dEpsilon_1,dEpsilon_2,dEpsilon_12
-0.000000000000000000e+00,-0.000000000000000000e+00,-0.000000000000000000e+00,0.000000000000000000e+00,0.000000000000000000e+00,0.000000000000000000e+00,1.398753205457620652e+01,1.589438765365437689e+01,1.117846908569335973e+01,1.999800121638574792e-04,1.999800121638574792e-04,1.333329943008720821e-04
1.398753205457620652e+01,1.589438765365437689e+01,1.117846908569335973e+01,1.999800121638574792e-04,1.999800121638574792e-04,1.333329943008720821e-04,6.990193396680872695e+00,7.943666769320362420e+00,5.582351684570310724e+00,9.997499944099476950e-05,9.997499944099476950e-05,6.666650297120215135e-05
2.097772545125707921e+01,2.383805442297473931e+01,1.676082077026367045e+01,2.999550116048522487e-04,2.999550116048522487e-04,1.999994972720742334e-04,6.988604924029900189e+00,7.941730045402238147e+00,5.578646087646482954e+00,9.996502871346707886e-05,9.996502871346707886e-05,6.666649132966993071e-05
2.796633037528697940e+01,3.177978446837697746e+01,2.233946685791015341e+01,3.999200403183193276e-04,3.999200403183193276e-04,2.666659886017441641e-04,6.987014027398757321e+00,7.939793788930810337e+00,5.574934387207033382e+00,9.995499016253158245e-05,9.995499016253158245e-05,6.666651461273431778e-05
3.495334440268573672e+01,3.971957825730778779e+01,2.791440124511718679e+01,4.998750304808509100e-04,4.998750304808509100e-04,3.333325032144784819e-04,6.985417657469383812e+00,7.937853425679868735e+00,5.571223449707030539e+00,9.994504669895497122e-05,9.994504669895497122e-05,6.666649132966998492e-05
4.193876206015512054e+01,4.765743168298765653e+01,3.348562469482421733e+01,5.998200771798058812e-04,5.998200771798058812e-04,3.999989945441484668e-04,6.983823442915351620e+00,7.935918111303514877e+00,5.567514038085938921e+00,9.993505868506125708e-05,9.993505868506125708e-05,6.666649132966993071e-05
4.892258550307047216e+01,5.559334979429117141e+01,3.905313873291015625e+01,6.997551358648671383e-04,6.997551358648671383e-04,4.666654858738183975e-04,6.982234440458348956e+00,7.933981741323933079e+00,5.563807678222659092e+00,9.992507266705201192e-05,9.992507266705201192e-05,6.666649132966993071e-05
5.590481994352882111e+01,6.352733153561510449e+01,4.461694641113281534e+01,7.996802085319191502e-04,7.996802085319191502e-04,5.333319772034883282e-04,6.980638428670779660e+00,7.932047363596367973e+00,5.560104370117187500e+00,9.991499559590334614e-05,9.991499559590334614e-05,6.666653789579870485e-05
6.288545837219960077e+01,7.145937889921147246e+01,5.017705078125000284e+01,8.995952041278224964e-04,8.995952041278224964e-04,5.999985150992870331e-04,6.979044586445446896e+00,7.930111943742360836e+00,5.556399536132815342e+00,9.990510662625400919e-05,9.990510662625400919e-05,6.666649132966993071e-05
6.986450295864504767e+01,7.938949084295383329e+01,5.573345031738281818e+01,9.995003107540765055e-04,9.995003107540765055e-04,6.666650064289569638e-04,6.977449843631816861e+00,7.928175463288980040e+00,5.552697753906244316e+00,9.989512659297180089e-05,9.989512659297180089e-05,6.666649132966993071e-05
7.684195280227686453e+01,8.731766630624281333e+01,6.128614807128906250e+01,1.099395437347048306e-03,1.099395437347048306e-03,7.333314977586268945e-04,6.975860316272161299e+00,7.926237928147912726e+00,5.548999023437502842e+00,9.988514855340403092e-05,9.988514855340403092e-05,6.666649132967003913e-05
8.381781311854902583e+01,9.524390423439072606e+01,6.683514709472656534e+01,1.199280585900452337e-03,1.199280585900452337e-03,7.999979890882969336e-04,6.973188168673061682e+00,7.923889871156077902e+00,5.544161987304690342e+00,9.987517250695308706e-05,9.987517250695308706e-05,6.666649132966993071e-05
9.079100128722208751e+01,1.031677941055468040e+02,7.237930908203125568e+01,1.299155758407405424e-03,1.299155758407405424e-03,8.666644804179668643e-04,6.966273033402671899e+00,7.919896492508669894e+00,5.535104370117181816e+00,9.986519845280017980e-05,9.986519845280017980e-05,6.666649132966993071e-05
9.775727432062475941e+01,1.110876905980554739e+02,7.791441345214843750e+01,1.399020956860205604e-03,1.399020956860205604e-03,9.333309717476367950e-04,6.957912809658722608e+00,7.915583573985998100e+00,5.525601196289073869e+00,9.985513339833408490e-05,9.985513339833408490e-05,6.666649132967003913e-05
1.047151871302834820e+02,1.190032741720414720e+02,8.344001464843751137e+01,1.498876090258539689e-03,1.498876090258539689e-03,9.999974630773068342e-04,6.953663932876835929e+00,7.912234821963181730e+00,5.518563842773431816e+00,9.984534931301090703e-05,9.984534931301090703e-05,6.666649132966982229e-05
1.116688510631603179e+02,1.269155089940046537e+02,8.895857849121094318e+01,1.598721439571550596e-03,1.598721439571550596e-03,1.066663954406976656e-03,6.946710998560902794e+00,7.908065299436060513e+00,5.510617065429684658e+00,9.983528824037877190e-05,9.983528824037877190e-05,6.666658446192737057e-05
1.186155620617212207e+02,1.348235742934407142e+02,9.446919555664062784e+01,1.698556727811929368e-03,1.698556727811929368e-03,1.133330538868904027e-03,6.940721644387721767e+00,7.903649460168253427e+00,5.501699829101553973e+00,9.982513622067449785e-05,9.982513622067449785e-05,6.666649132967003913e-05
1.255562837061089425e+02,1.427272237536089676e+02,9.997089538574218182e+01,1.798381864032603866e-03,1.798381864032603866e-03,1.199997030198574066e-03,6.936063221846993088e+00,7.899354180321239483e+00,5.493884277343752842e+00,9.981535806883657692e-05,9.981535806883657692e-05,6.666649132967003913e-05
1.324923469279559356e+02,1.506265779339302071e+02,1.054647796630859347e+02,1.898197222101440443e-03,1.898197222101440443e-03,1.266663521528244105e-03,6.929030067776977830e+00,7.893283558020954160e+00,5.481930541992184658e+00,9.980539595727186408e-05,9.980539595727186408e-05,6.666649132966982229e-05
1.394213769957329134e+02,1.585198614919511613e+02,1.109467102050781193e+02,1.998002618058712307e-03,1.998002618058712307e-03,1.333330012857913928e-03,6.915767967173650277e+00,7.881693714529149020e+00,5.459466552734383527e+00,9.979543583449714331e-05,9.979543583449714331e-05,6.666649132967003913e-05
1.463371449629065637e+02,1.664015552064803103e+02,1.164061767578125028e+02,2.097798053893209450e-03,2.097798053893209450e-03,1.399996504187583967e-03,6.904666880973792331e+00,7.872925958438941052e+00,5.444848632812494316e+00,9.978547769925192115e-05,9.978547769925192115e-05,6.666649132966982229e-05
1.532418118438803560e+02,1.742744811649192513e+02,1.218510253906249972e+02,2.197583531592461371e-03,2.197583531592461371e-03,1.466662995517253789e-03,6.895238269138559417e+00,7.864448750443898462e+00,5.431964111328127842e+00,9.977552155116279839e-05,9.977552155116279839e-05,6.666649132967003913e-05
1.601370501130189155e+02,1.821389299153631498e+02,1.272829895019531250e+02,2.297359053143624170e-03,2.297359053143624170e-03,1.533329486846923828e-03,6.884423718582098672e+00,7.854830557340932273e+00,5.415222167968750000e+00,9.976556738963563223e-05,9.976556738963563223e-05,6.666649132967003913e-05
1.670214738316010141e+02,1.899937604727040821e+02,1.326982116699218750e+02,2.397124620533259802e-03,2.397124620533259802e-03,1.599995978176593867e-03,6.871635275202635285e+00,7.842369905741236380e+00,5.395111083984375000e+00,9.975561521385336791e-05,9.975561521385336791e-05,6.666649132966982229e-05
1.738931091068036494e+02,1.978361303784453185e+02,1.380933227539062500e+02,2.496880235747113170e-03,2.496880235747113170e-03,1.666662469506263690e-03,6.853628878941435687e+00,7.825082982167970158e+00,5.370062255859380684e+00,9.974566502388756278e-05,9.974566502388756278e-05,6.666649132967003913e-05
1.807467379857450851e+02,2.056612133606132886e+02,1.434633850097656307e+02,2.596625900771000733e-03,2.596625900771000733e-03,1.733328960835933729e-03,6.834833326185020042e+00,7.810287376953283456e+00,5.348608398437505684e+00,9.973571681847880760e-05,9.973571681847880760e-05,6.666649132966982229e-05
1.875815713119301051e+02,2.134715007375665721e+02,1.488119934082031364e+02,2.696361617589479540e-03,2.696361617589479540e-03,1.799995452165603551e-03,6.811637147206567988e+00,7.789904886971669384e+00,5.319873046874988631e+00,9.972577059725457049e-05,9.972577059725457049e-05,6.666649132967003913e-05
1.943932084591366731e+02,2.212614056245382415e+02,1.541318664550781250e+02,2.796087388186734111e-03,2.796087388186734111e-03,1.866661943495273590e-03,6.778333578568151552e+00,7.760652271445025008e+00,5.279321289062522737e+00,9.971564063366786246e-05,9.971564063366786246e-05,6.666649132967003913e-05
2.011715420377048247e+02,2.290220578959832665e+02,1.594111877441406477e+02,2.895803028820401973e-03,2.895803028820401973e-03,1.933328434824943629e-03,6.735249281403469013e+00,7.722673045220517452e+00,5.228076171874988631e+00,9.970588412350385454e-05,9.970588412350385454e-05,6.666649132967003913e-05
2.079067913191082937e+02,2.367447309412037839e+02,1.646392639160156364e+02,2.995508912943905828e-03,2.995508912943905828e-03,1.999994926154613668e-03,6.690388396615446709e+00,7.680763597232157736e+00,5.175408935546869316e+00,9.969594385104973977e-05,9.969594385104973977e-05,6.666649132966960545e-05
2.145971797157237404e+02,2.444254945384359416e+02,1.698146728515625057e+02,3.095204856794955568e-03,3.095204856794955568e-03,2.066661417484283274e-03,6.642635903733122404e+00,7.628603468502035412e+00,5.116796875000005684e+00,9.968619123126333526e-05,9.968619123126333526e-05,6.666649132967003913e-05
2.212398156194568628e+02,2.520540980069379771e+02,1.749314697265625114e+02,3.194891048026218903e-03,3.194891048026218903e-03,2.133327908813953313e-03,6.596779190935620818e+00,7.580787188629983575e+00,5.063269042968727263e+00,9.967588358123337725e-05,9.967588358123337725e-05,6.666667759418513570e-05
2.278365948103924836e+02,2.596348851955679606e+02,1.799947387695312386e+02,3.294566931607452280e-03,3.294566931607452280e-03,2.199994586408138449e-03,6.553848186871704229e+00,7.535798007927951403e+00,5.011804199218772737e+00,9.966632055647848751e-05,9.966632055647848751e-05,6.666649132966960545e-05
2.343904429972641879e+02,2.671706832034959120e+02,1.850065429687500114e+02,3.394233252163930768e-03,3.394233252163930768e-03,2.266661077737808054e-03,6.515828185512305026e+00,7.498757071578836531e+00,4.966741943359352263e+00,9.965601694112693684e-05,9.965601694112693684e-05,6.666649132967003913e-05
2.409062711827764929e+02,2.746694402750747486e+02,1.899732849121093636e+02,3.493889269105057704e-03,3.493889269105057704e-03,2.333327569067478093e-03,6.473092138399152873e+00,7.456534798547977516e+00,4.913842773437522737e+00,9.964608660902344803e-05,9.964608660902344803e-05,6.666649132967003913e-05
2.473793633211756458e+02,2.821259750736227261e+02,1.948871276855468864e+02,3.593535355714081152e-03,3.593535355714081152e-03,2.399994060397148132e-03,6.408779156701598367e+00,7.400185035346908080e+00,4.827496337890607947e+00,9.963652941138122221e-05,9.963652941138122221e-05,6.666649132967003913e-05
2.537881424778772441e+02,2.895261601089696342e+02,1.997146240234374943e+02,3.693171885125462375e-03,3.693171885125462375e-03,2.466660551726818171e-03,6.286806303941176566e+00,7.308920040444434107e+00,4.649078369140625000e+00,9.962623184377097235e-05,9.962623184377097235e-05,6.666649132967003913e-05
2.600749487818184207e+02,2.968350801494140683e+02,2.043637023925781193e+02,3.792798116969233347e-03,3.792798116969233347e-03,2.533327043056488211e-03,6.206732181907852919e+00,7.234073273395722481e+00,4.539654541015607947e+00,9.961667852832105721e-05,9.961667852832105721e-05,6.666649132966960545e-05
2.662816809637262736e+02,3.040691534228097908e+02,2.089033569335937273e+02,3.892414795497554404e-03,3.892414795497554404e-03,2.599993534386157816e-03,6.128496453421632850e+00,7.152658854163178148e+00,4.420495605468772737e+00,9.960638498917890465e-05,9.960638498917890465e-05,6.666649132967003913e-05
2.724101774171479065e+02,3.112218122769729689e+02,2.133238525390625000e+02,3.992021180486733309e-03,3.992021180486733309e-03,2.666660025715827855e-03,6.066367497072917558e+00,7.082766076798520771e+00,4.325579833984363631e+00,9.959683555314444159e-05,9.959683555314444159e-05,6.666649132967003913e-05
2.784765449142208240e+02,3.183045783537714897e+02,2.176494323730468636e+02,4.091618016039877750e-03,4.091618016039877750e-03,2.733326517045497894e-03,6.020522950596387091e+00,7.025428776321405167e+00,4.261431884765613631e+00,9.958654604051968978e-05,9.958654604051968978e-05,6.666649132967003913e-05
2.844970678648172111e+02,3.253300071300928948e+02,2.219108642578124773e+02,4.191204562080397440e-03,4.191204562080397440e-03,2.799993008375167933e-03,5.981554408865463301e+00,6.973762583753455147e+00,4.210266113281278422e+00,9.957700048201113124e-05,9.957700048201113124e-05,6.666649132967003913e-05
2.904786222736826744e+02,3.323037697138463500e+02,2.261211303710937557e+02,4.290781562562408571e-03,4.290781562562408571e-03,2.866659499704837973e-03,5.920234584515981169e+00,6.917028871851471195e+00,4.159948730468755684e+00,9.956671499307227780e-05,9.956671499307227780e-05,6.666649132966960545e-05
2.963988568581986556e+02,3.392207985856978212e+02,2.302810791015625114e+02,4.390348277555480849e-03,4.390348277555480849e-03,2.933325991034507578e-03,5.859730121876793874e+00,6.849536571122030182e+00,4.078942871093715894e+00,9.955717330953697819e-05,9.955717330953697819e-05,6.666649132967003913e-05
3.022585869800754494e+02,3.460703351568198514e+02,2.343600219726562273e+02,4.489905450865017827e-03,4.489905450865017827e-03,2.999992482364177617e-03,5.790573735556790780e+00,6.787811672492409798e+00,4.001269531250017053e+00,9.954689184211475139e-05,9.954689184211475139e-05,6.666649132967003913e-05
3.080491607156322402e+02,3.528581468293122612e+02,2.383612915039062443e+02,4.589452342707132579e-03,4.589452342707132579e-03,3.066658973693847656e-03,5.745385635471450314e+00,6.739387204884394578e+00,3.936010742187505684e+00,9.953698324480144549e-05,9.953698324480144549e-05,6.666667759418470202e-05
3.137945463511036905e+02,3.595975340341966557e+02,2.422973022460937500e+02,4.688989325951934024e-03,4.688989325951934024e-03,3.133325651288032358e-03,5.666551474661616794e+00,6.677308637262456159e+00,3.850329589843738631e+00,9.952744736913595597e-05,9.952744736913595597e-05,6.666630506515537624e-05
3.194610978257653073e+02,3.662748426714591119e+02,2.461476318359374886e+02,4.788516773321069980e-03,4.788516773321069980e-03,3.199991956353187735e-03,1.399959743408714985e+00,1.659984689030295613e+00,9.465332031250284217e-01,2.488031415184659145e-05,2.488031415184659145e-05,1.666657626628841038e-05
3.208610575691740223e+02,3.679348273604894075e+02,2.470941650390625171e+02,4.813397087472916572e-03,4.813397087472916572e-03,3.216658532619476145e-03,5.161621564178119570e+00,6.191884448023643017e+00,3.494702148437482947e+00,9.329538719193147811e-05,9.329538719193147811e-05,6.249994039535548482e-05
3.260226791333521419e+02,3.741267118085130505e+02,2.505888671875000000e+02,4.906692474664848050e-03,4.906692474664848050e-03,3.279158473014831630e-03,4.647958759372613713e+00,5.555322737642370612e+00,3.138232421874988631e+00,8.395833304109846795e-05,8.395833304109846795e-05,5.625002086162567139e-05
3.306706378927247556e+02,3.796820345461554211e+02,2.537270996093749886e+02,4.990650807705946518e-03,4.990650807705946518e-03,3.335408493876457301e-03,5.514297189910337238e+00,6.570507883134837357e+00,3.709130859375022737e+00,9.949742979327436121e-05,9.949742979327436121e-05,6.666630506515494256e-05
3.361849350826350928e+02,3.862525424292902585e+02,2.574362304687500114e+02,5.090148237499220879e-03,5.090148237499220879e-03,3.402074798941612244e-03,5.502577328396739631e+00,6.555659613816885667e+00,3.688537597656250000e+00,9.948716043901503769e-05,9.948716043901503769e-05,6.666667759418470202e-05
3.416875124110318325e+02,3.928082020431071442e+02,2.611247680664062614e+02,5.189635397938235917e-03,5.189635397938235917e-03,3.468741476535796946e-03,5.477281320940562637e+00,6.526326129230824336e+00,3.632189941406238631e+00,9.947763429248197842e-05,9.947763429248197842e-05,6.666630506515537624e-05
3.471647937319723951e+02,3.993345281723379685e+02,2.647569580078125000e+02,5.289113032230717895e-03,5.289113032230717895e-03,3.535407781600952322e-03,5.435359559784558314e+00,6.493595865957331625e+00,3.565893554687477263e+00,9.946736894994850225e-05,9.946736894994850225e-05,6.666667759418470202e-05
3.526001532917569534e+02,4.058281240382953001e+02,2.683228515624999773e+02,5.388580401180666397e-03,5.388580401180666397e-03,3.602074459195137024e-03,5.405625788703730450e+00,6.471067890772246756e+00,3.530407714843761369e+00,9.945784666650584610e-05,9.945784666650584610e-05,6.666630506515494256e-05
3.580057790804606839e+02,4.122991919290675469e+02,2.718532592773437386e+02,5.488038247847172243e-03,5.488038247847172243e-03,3.668740764260291966e-03,5.389189127235169963e+00,6.456143273813552241e+00,3.510974121093738631e+00,9.944758533375879644e-05,9.944758533375879644e-05,6.666667759418513570e-05
3.633949682076958538e+02,4.187553352028810991e+02,2.753642333984374773e+02,5.587485833180931040e-03,5.587485833180931040e-03,3.735407441854477102e-03,5.330417623456753518e+00,6.419754547463014660e+00,3.443139648437522737e+00,9.943806691153043997e-05,9.943806691153043997e-05,6.666630506515494256e-05
3.687253858311526074e+02,4.251750897503441138e+02,2.788073730468750000e+02,5.686923900092461480e-03,5.686923900092461480e-03,3.802073746919632045e-03,5.226592771549519512e+00,6.391457667462475456e+00,3.376867675781227263e+00,9.942780958575089117e-05,9.942780958575089117e-05,6.666667759418470202e-05
3.739519786027021269e+02,4.315665474178065892e+02,2.821842407226562273e+02,5.786351709678212371e-03,5.786351709678212371e-03,3.868740424513816747e-03,4.882631569828561169e+00,6.309271635633763253e+00,3.148913574218795475e+00,9.941829502219633186e-05,9.941829502219633186e-05,6.666630506515494256e-05
3.788346101725306880e+02,4.378758190534403525e+02,2.853331542968750227e+02,5.885770004700408703e-03,5.885770004700408703e-03,3.935406729578971689e-03,4.589162082455345626e+00,6.216744932382425759e+00,2.930187988281204525e+00,9.940804170123062472e-05,9.940804170123062472e-05,6.666667759418470202e-05
3.834237722549860337e+02,4.440925639858227782e+02,2.882633422851562273e+02,5.985178046401639328e-03,5.985178046401639328e-03,4.002073407173156391e-03,4.429203439204513870e+00,6.147623588755891433e+00,2.792211914062477263e+00,9.939816072471619607e-05,9.939816072471619607e-05,6.666630506515537624e-05
3.878529756941905475e+02,4.502401875745786697e+02,2.910555541992187045e+02,6.084576207126355524e-03,6.084576207126355524e-03,4.068739712238311768e-03,3.513709403915981966e+00,5.835135535283370700e+00,2.084570312500034106e+00,9.938865194460827501e-05,9.938865194460827501e-05,6.666667759418470202e-05
3.913666850981065295e+02,4.560753231098620404e+02,2.931401245117187386e+02,6.183964859070963799e-03,6.183964859070963799e-03,4.135406389832496470e-03,1.158825210963755126e+00,5.003531159568581188e+00,2.936035156249658939e-01,9.937840462662973773e-05,9.937840462662973773e-05,6.666630506515537624e-05
3.925255103090702846e+02,4.610788542694306216e+02,2.934337280273437045e+02,6.283343263697593536e-03,6.283343263697593536e-03,4.202072694897651846e-03,-8.239544292263190073e-01,4.291926344250043712e+00,-1.028369140624931788e+00,9.936889969963062091e-05,9.936889969963062091e-05,6.666667759418470202e-05
3.917015558798439656e+02,4.653707806136806653e+02,2.924053588867187727e+02,6.382712163397224157e-03,6.382712163397224157e-03,4.268739372491836548e-03,-1.316884887856247133e+00,4.018684816190159381e+00,-1.422802734375011369e+00,9.935902650226417776e-05,9.935902650226417776e-05,6.666630506515537624e-05
3.903846709919877185e+02,4.693894654298708247e+02,2.909825561523437614e+02,6.482071189899488335e-03,6.482071189899488335e-03,4.335405677556991924e-03,-1.325559328445365281e+00,3.845972405359020740e+00,-1.652148437499988631e+00,9.934841509654825098e-05,9.934841509654825098e-05,6.666667759418470202e-05
3.890591116635423532e+02,4.732354378352298454e+02,2.893304077148437727e+02,6.581419604996036586e-03,6.581419604996036586e-03,4.402072355151176626e-03,-2.240694563338644230e+01,-7.248782590908319889e+00,-2.148371582031251137e+01,9.933928606627173696e-05,9.933928606627173696e-05,6.666630506515450888e-05
3.666521660301559109e+02,4.659866552443215255e+02,2.678466918945312614e+02,6.680758891062308323e-03,6.680758891062308323e-03,4.468738660216331135e-03,-2.994283792643705056e+01,-1.199464428351501510e+01,-2.947117919921876705e+01,9.932941875294074019e-05,9.932941875294074019e-05,6.666667759418556938e-05
3.367093281037188603e+02,4.539920109608065104e+02,2.383755126953124943e+02,6.780088309815249063e-03,6.780088309815249063e-03,4.535405337810516704e-03,-1.549462024677563932e+01,-5.117842584340337453e+00,-1.586027832031248863e+01,9.931955339942226402e-05,9.931955339942226402e-05,6.666630506515450888e-05
3.212147078569432210e+02,4.488741683764661730e+02,2.225152343750000057e+02,6.879407863214671327e-03,6.879407863214671327e-03,4.602071642875671213e-03,-1.635734521217500514e+01,-6.162454082751935402e+00,-1.686735839843751705e+01,9.930895012856717774e-05,9.930895012856717774e-05,6.666667759418470202e-05
3.048573626447682159e+02,4.427117142937142376e+02,2.056478759765624886e+02,6.978716813343238505e-03,6.978716813343238505e-03,4.668738320469855915e-03,-1.295201328375713956e+01,-3.996054409831060639e+00,-1.300422973632811363e+01,9.929982864361960870e-05,9.929982864361960870e-05,6.666667759418556938e-05
2.919053493610110763e+02,4.387156598838831769e+02,1.926436462402343750e+02,7.078016641986858114e-03,7.078016641986858114e-03,4.735404998064041485e-03,-1.328097344232406840e+01,-4.513982734775879635e+00,-1.338403320312500000e+01,9.928996916646649906e-05,9.928996916646649906e-05,6.666630506515450888e-05
2.786243759186870079e+02,4.342016771491072973e+02,1.792596130371093750e+02,7.177306611153324613e-03,7.177306611153324613e-03,4.802071303129195994e-03,-1.439097774220999781e+01,-4.824784452828851045e+00,-1.417012329101561363e+01,1.116892476821767372e-04,1.116892476821767372e-04,7.499977946281467800e-05
2.642333981764770101e+02,4.293768926962784462e+02,1.650894897460937614e+02,7.288995858835501350e-03,7.288995858835501350e-03,4.877071082592010672e-03,-8.717110466139473601e+00,-1.337357949840850324e+00,-9.038439941406267053e+00,1.116767745872266140e-04,1.116767745872266140e-04,7.499977946281381064e-05
2.555162877103375365e+02,4.280395347464375959e+02,1.560510498046874943e+02,7.400672633422727964e-03,7.400672633422727964e-03,4.952070862054824482e-03,-5.602899187117543534e+00,-6.605462612016594903e-01,-5.775128173828107947e+00,7.444400843354456038e-05,7.444400843354456038e-05,5.000010132789629164e-05
2.499133885232199930e+02,4.273789884852359364e+02,1.502759216308593864e+02,7.475116641856272524e-03,7.475116641856272524e-03,5.002070963382720774e-03,-8.823322995453281692e+00,-1.712284185916985280e+00,-8.737158203125034106e+00,1.023517408249661337e-04,1.023517408249661337e-04,6.874985992908529825e-05
2.410900655277667113e+02,4.256667042993189511e+02,1.415387634277343523e+02,7.577468382681238658e-03,7.577468382681238658e-03,5.070820823311806072e-03,-1.008228619261976178e+01,-2.992798652874625986e+00,-9.820721435546857947e+00,1.023412660184422340e-04,1.023412660184422340e-04,6.874948740005423775e-05
2.310077793351469495e+02,4.226739056464443252e+02,1.317180419921874943e+02,7.679809648699680892e-03,7.679809648699680892e-03,5.139570310711860310e-03,-6.084513208830770736e+00,-7.366429327112200554e-02,-5.706518554687491473e+00,9.767995686227239766e-05,9.767995686227239766e-05,6.562508642673527126e-05
2.249232661263161788e+02,4.226002413531732032e+02,1.260115234375000028e+02,7.777489605561953290e-03,7.777489605561953290e-03,5.205195397138595581e-03,-5.101802438177600152e+00,4.440947386116249618e-01,-5.252416992187505684e+00,9.941348069086516914e-05,9.941348069086516914e-05,6.679669022560154323e-05
2.198214636881385786e+02,4.230443360917848281e+02,1.207591064453124972e+02,7.876903086252818459e-03,7.876903086252818459e-03,5.271992087364197124e-03,-4.189605002263590450e+00,5.397081805720631564e-01,-4.551940917968750000e+00,9.417269905518180217e-05,9.417269905518180217e-05,6.328113377094234104e-05
2.156318586858749882e+02,4.235840442723568913e+02,1.162071655273437472e+02,7.971075785308000261e-03,7.971075785308000261e-03,5.335273221135139465e-03,-5.952415339218362078e+00,1.946069188750357171e+00,-6.782385253906241473e+00,1.698184102647166960e-04,1.698184102647166960e-04,1.141272485256196803e-04
2.096794433466566261e+02,4.255301134611072484e+02,1.094247802734375057e+02,8.140894195572716957e-03,8.140894195572716957e-03,5.449400469660759146e-03,-2.022945128022001882e+00,8.875164472606797972e-01,-2.278909301757821027e+00,6.199127895106792963e-05,6.199127895106792963e-05,4.166662693023698988e-05
2.076564982186346242e+02,4.264176299083679282e+02,1.071458709716796847e+02,8.202885474523784887e-03,8.202885474523784887e-03,5.491067096590996136e-03,-2.409375092457082701e+00,9.460439431259146659e-01,-2.664913940429684658e+00,7.438431466185065066e-05,7.438431466185065066e-05,4.999972879886609850e-05
2.052471231261775415e+02,4.273636738514938429e+02,1.044809570312500000e+02,8.277269789185635537e-03,8.277269789185635537e-03,5.541066825389862234e-03,-3.626682011932132355e+00,2.302965803885740570e+00,-4.293399047851551131e+00,1.394563249739154409e-04,1.394563249739154409e-04,9.374991059303301039e-05
2.016204411142454092e+02,4.296666396553795835e+02,1.001875579833984489e+02,8.416726114159550978e-03,8.416726114159550978e-03,5.634816735982895244e-03,-1.446594866755958719e+00,6.813601560274378244e-01,-1.715762329101579553e+00,4.957980114772379820e-05,4.957980114772379820e-05,3.333315253257682076e-05
2.001738462474894504e+02,4.303479998114070213e+02,9.847179565429686932e+01,8.466305915307274776e-03,8.466305915307274776e-03,5.668149888515472065e-03,-4.913413193590855599e+00,2.059786478135379184e-01,-5.187030029296863631e+00,9.915148973165671675e-05,9.915148973165671675e-05,6.666667759418556938e-05
1.952604330538985948e+02,4.305539784592205592e+02,9.328476562500000568e+01,8.565457405038931493e-03,8.565457405038931493e-03,5.734816566109657635e-03,-2.958140342112727694e+00,1.316467445467026209e+00,-3.352835083007818184e+00,9.776706772270625512e-05,9.776706772270625512e-05,6.574131548404624215e-05
1.923022927117858671e+02,4.318704459046875854e+02,8.993193054199218750e+01,8.663224472761637748e-03,8.663224472761637748e-03,5.800557881593703877e-03,-1.881553333102772285e+00,1.825828796479299854e+00,-2.499429321289056816e+00,1.035123464358904399e-04,1.035123464358904399e-04,6.961226463317923135e-05
1.904207393786830949e+02,4.336962747011668853e+02,8.743250122070313068e+01,8.766736819197528188e-03,8.766736819197528188e-03,5.870170146226883108e-03,-1.063297314762678525e+00,1.915836558239050191e+00,-1.946441650390625000e+00,9.599201726929323941e-05,9.599201726929323941e-05,6.456114351749420166e-05
1.893574420639204163e+02,4.356121112594059355e+02,8.548605957031250568e+01,8.862728836466821428e-03,8.862728836466821428e-03,5.934731289744377310e-03,-4.113764092339891931e+00,2.298217753337894464e-02,-4.338735961914068184e+00,9.946367702381476994e-05,9.946367702381476994e-05,6.690211594104732151e-05
1.852436779715805244e+02,4.356350934369393144e+02,8.114732360839843750e+01,8.962192513490636198e-03,8.962192513490636198e-03,6.001633405685424631e-03,-6.115455460129567200e+00,-1.489543115873345869e+00,-5.925729370117181816e+00,9.672931735757277216e-05,9.672931735757277216e-05,6.507001817226444607e-05
1.791282225114509572e+02,4.341455503210659685e+02,7.522159423828125568e+01,9.058921830848208970e-03,9.058921830848208970e-03,6.066703423857689077e-03,-2.500777119438055252e+00,8.279847548658381129e-01,-3.131985473632823869e+00,1.011849948278457922e-04,1.011849948278457922e-04,6.807371973991359348e-05
1.766274453920129019e+02,4.349735350759318067e+02,7.208960876464843182e+01,9.160106825676054762e-03,9.160106825676054762e-03,6.134777143597602671e-03,-1.507263291442058062e+00,1.519044510041908325e+00,-2.291397094726562500e+00,1.010861746900699326e-04,1.010861746900699326e-04,6.801448762416839600e-05
1.751201821005708439e+02,4.364925795859737150e+02,6.979821166992186932e+01,9.261193000366124695e-03,9.261193000366124695e-03,6.202791631221771067e-03,-2.301575295656277831e+00,9.430557242345116720e-01,-2.863235473632812500e+00,1.002448392735146021e-04,1.002448392735146021e-04,6.745457649230939684e-05
1.728186068049145661e+02,4.374356353102082267e+02,6.693497619628905682e+01,9.361437839639639297e-03,9.361437839639639297e-03,6.270246207714080464e-03,-1.545039120761600770e+00,1.225685074691000409e+00,-2.289981079101551131e+00,9.372671740086671588e-05,9.372671740086671588e-05,6.307512521743809109e-05
1.712735676841529653e+02,4.386613203848992271e+02,6.464499511718750568e+01,9.455164557040506013e-03,9.455164557040506013e-03,6.333321332931518555e-03,-2.197001370484485960e-01,2.610776957816710819e+00,-1.138583374023440342e+00,1.010460227309616793e-04,1.010460227309616793e-04,6.800740957260166530e-05
1.710538675471045167e+02,4.412720973427159379e+02,6.350641174316406534e+01,9.556210579771467692e-03,9.556210579771467692e-03,6.401328742504120220e-03,2.518713199225146582e-01,3.508903690918941720e+00,-8.626678466796917633e-01,1.167027300709028159e-04,1.167027300709028159e-04,7.855296134948695774e-05
1.713057388670270313e+02,4.447810010336348796e+02,6.264374389648437358e+01,9.672913309842370508e-03,9.672913309842370508e-03,6.479881703853607178e-03,1.229334175444307675e-01,2.826095378343438824e+00,-8.461242675781193157e-01,9.597369193681953847e-05,9.597369193681953847e-05,6.460770964622497559e-05
1.714286722845714621e+02,4.476070964119783184e+02,6.179761962890625426e+01,9.768887001779190046e-03,9.768887001779190046e-03,6.544489413499832153e-03,-5.770819352449052531e-02,2.418315612480853360e+00,-8.932250976562485789e-01,8.520589877711488846e-05,8.520589877711488846e-05,5.736351013183559056e-05
1.713709640910469716e+02,4.500254120244591718e+02,6.090439453125000568e+01,9.854092900556304935e-03,9.854092900556304935e-03,6.601852923631667744e-03,-5.046963636190469060e-01,2.814608657568214767e+00,-1.566360473632819605e+00,1.085683661755394019e-04,1.085683661755394019e-04,7.309913635253958292e-05
1.708662677274279247e+02,4.528400206820273866e+02,5.933803405761718608e+01,9.962661266731844337e-03,9.962661266731844337e-03,6.674952059984207327e-03,-4.626929919219264775e-01,2.606539115755879266e+00,-1.477014160156251421e+00,1.003545228368141889e-04,1.003545228368141889e-04,6.757676601409912109e-05
1.704035747355059982e+02,4.554465597977832658e+02,5.786101989746093466e+01,1.006301578956865853e-02,1.006301578956865853e-02,6.742528825998306448e-03,-1.120181399647890430e+00,2.227778488658771039e+00,-2.080030822753904829e+00,1.003444528173448591e-04,1.003444528173448591e-04,6.757602095603960218e-05
1.692833933358581078e+02,4.576743382864420369e+02,5.578098907470702983e+01,1.016336024238600338e-02,1.016336024238600338e-02,6.810104846954346050e-03,-9.596746499231585403e-01,1.881169032375964889e+00,-1.787652587890626421e+00,8.531093810499636165e-05,8.531093810499636165e-05,5.745664238929713841e-05
1.683237186859349492e+02,4.595555073188180017e+02,5.399333648681640341e+01,1.024867118049099975e-02,1.024867118049099975e-02,6.867561489343643188e-03,-6.973891725704106648e-01,2.350111031418919083e+00,-1.789187622070315342e+00,9.906341827938154598e-05,9.906341827938154598e-05,6.672590970993076687e-05
1.676263295133645386e+02,4.619056183502369208e+02,5.220414886474608807e+01,1.034773459877038129e-02,1.034773459877038129e-02,6.934287399053573955e-03,-8.334291907544297828e-01,2.501043346932419809e+00,-2.071551513671863631e+00,1.085855700142471930e-04,1.085855700142471930e-04,7.314756512641872044e-05
1.667929003226101088e+02,4.644066616971693406e+02,5.013259735107422443e+01,1.045632016878462849e-02,1.045632016878462849e-02,7.007434964179992676e-03,-1.402383718560912484e+00,1.886062181586225961e+00,-2.295446777343755684e+00,9.500279471780052887e-05,9.500279471780052887e-05,6.400346755981462660e-05
1.653905166040491963e+02,4.662927238787555666e+02,4.783715057373046875e+01,1.055132296350242901e-02,1.055132296350242901e-02,7.071438431739807302e-03,-1.570231753492834059e+00,2.645765616763696926e+00,-2.615359497070315342e+00,1.221322420849706158e-04,1.221322420849706158e-04,8.229017257690377646e-05
1.638202848505563622e+02,4.689384894955192635e+02,4.522179107666015341e+01,1.067345520558739963e-02,1.067345520558739963e-02,7.153728604316711079e-03,-1.023902094654545181e+00,2.008677469003600891e+00,-1.888691711425778408e+00,9.159013082854841614e-05,9.159013082854841614e-05,6.171837449073843546e-05
1.627963827559018171e+02,4.709471669645228644e+02,4.333309936523437500e+01,1.076504533641594805e-02,1.076504533641594805e-02,7.215446978807449514e-03,-9.760516814397135477e-01,1.931639295645652510e+00,-1.948571777343744316e+00,9.158174284473394322e-05,9.158174284473394322e-05,6.171762943267804918e-05
1.618203310744621035e+02,4.728788062601685169e+02,4.138452758789063068e+01,1.085662707926068199e-02,1.085662707926068199e-02,7.277164608240127563e-03,-5.231306345960433646e-01,2.158919042338652616e+00,-1.637648010253911934e+00,9.157335639715068198e-05,9.157335639715068198e-05,6.171762943267804918e-05
1.612972004398660602e+02,4.750377253025071695e+02,3.974687957763671875e+01,1.094820043565783267e-02,1.094820043565783267e-02,7.338882237672805613e-03,-3.467185988503445060e-01,2.262786001278129788e+00,-1.499789428710940342e+00,9.156423460739138154e-05,9.156423460739138154e-05,6.171762943267804918e-05
1.609504818410157156e+02,4.773005113037852993e+02,3.824709014892577841e+01,1.103976467026522405e-02,1.103976467026522405e-02,7.400599867105483662e-03,-1.866077255627089926e-01,3.200915567085303337e+00,-1.720245361328125000e+00,1.220733425985626869e-04,1.220733425985626869e-04,8.229091763496416273e-05
1.607638741154530067e+02,4.805014268708706027e+02,3.652684478759765341e+01,1.116183801286378674e-02,1.116183801286378674e-02,7.482890784740447825e-03,-7.690294618902271395e-02,2.019510312769853044e+00,-1.038652038574213066e+00,7.628854871977001906e-05,7.628854871977001906e-05,5.143135786056518555e-05
1.606869711692639839e+02,4.825209371836404557e+02,3.548819274902344034e+01,1.123812656158355676e-02,1.123812656158355676e-02,7.534322142601013010e-03,-4.479663225666570270e-01,2.532820822079031586e+00,-1.475689697265629263e+00,9.921076017792816726e-05,9.921076017792816726e-05,6.689131259918212891e-05
1.602390048466973269e+02,4.850537580057194873e+02,3.401250305175781108e+01,1.133733732176148493e-02,1.133733732176148493e-02,7.601213455200195139e-03,-7.060915349908896133e-01,2.309193363055044301e+00,-1.807832336425782671e+00,1.005392937266022524e-04,1.005392937266022524e-04,6.779357790946943102e-05
1.595329133117064373e+02,4.873629513687745316e+02,3.220467071533202841e+01,1.143787661548808718e-02,1.143787661548808718e-02,7.669007033109664570e-03,-1.622337999687033516e-01,3.133930478163904354e+00,-1.659109497070311079e+00,1.206342531319855305e-04,1.206342531319855305e-04,8.135288953781127930e-05
1.593706795117377339e+02,4.904968818469384360e+02,3.054556121826171733e+01,1.155851086862007271e-02,1.155851086862007271e-02,7.750359922647475849e-03,-1.213720638462802981e-01,1.976631283561459895e+00,-1.075928497314450283e+00,7.665302588713909793e-05,7.665302588713909793e-05,5.169808864593540554e-05
1.592493074478914536e+02,4.924735131304998959e+02,2.946963272094726705e+01,1.163516389450721181e-02,1.163516389450721181e-02,7.802058011293411255e-03,-3.936735357373777333e-02,2.899635803807825596e+00,-1.367159271240232954e+00,1.074657762351188817e-04,1.074657762351188817e-04,7.248595356941153756e-05
1.592099400943177159e+02,4.953731489343077214e+02,2.810247344970703409e+01,1.174262967074233069e-02,1.174262967074233069e-02,7.874543964862822792e-03,-3.909988670154405099e-01,2.566715801624752658e+00,-1.679190063476568184e+00,1.045503314505338149e-04,1.045503314505338149e-04,7.052645087242230548e-05
1.588189412273022754e+02,4.979398647359324741e+02,2.642328338623046591e+01,1.184718000219286450e-02,1.184718000219286450e-02,7.945070415735245098e-03,-2.063554115055922011e+00,1.479860029606811622e+00,-3.001043701171873579e+00,1.045394018214136633e-04,1.045394018214136633e-04,7.052719593048095703e-05
1.567553871122463534e+02,4.994197247655392857e+02,2.342223968505859233e+01,1.195171940401427817e-02,1.195171940401427817e-02,8.015597611665726055e-03,-1.584107277517887269e+00,1.038853129085225646e+00,-2.306079101562495737e+00,7.839701209709677709e-05,7.839701209709677709e-05,5.289539694786071777e-05
1.551712798347284661e+02,5.004585778946245114e+02,2.111616058349609659e+01,1.203011641611137494e-02,1.203011641611137494e-02,8.068493008613586773e-03,-1.190943105539076896e+00,1.965127977192366870e+00,-2.356992340087892046e+00,1.045202805065696683e-04,1.045202805065696683e-04,7.052645087242057076e-05
1.539803367291893892e+02,5.024237058718168782e+02,1.875916824340820455e+01,1.213463669661794461e-02,1.213463669661794461e-02,8.139019459486007343e-03,-6.043554463057034809e-01,2.726172260676605674e+00,-2.014133453369140625e+00,1.175724428663163512e-04,1.175724428663163512e-04,7.934272289276088352e-05
1.533759812828836857e+02,5.051498781324934839e+02,1.674503479003906392e+01,1.225220913948426096e-02,1.225220913948426096e-02,8.218362182378768227e-03,-2.566217111241542170e-01,2.919401148509507493e+00,-1.739297103881838780e+00,1.175578853134379154e-04,1.175578853134379154e-04,7.934346795082126980e-05
1.531193595717595315e+02,5.080692792810029914e+02,1.500573768615722514e+01,1.236976702479769888e-02,1.236976702479769888e-02,8.297705650329589497e-03,1.767616993069509590e-02,1.545753714932914136e+00,-7.459506988525390625e-01,5.877376061669443985e-05,5.877376061669443985e-05,3.967136144638130912e-05
1.531370357416902266e+02,5.096150329959359055e+02,1.425978698730468608e+01,1.242854078541439332e-02,1.242854078541439332e-02,8.337377011775970806e-03,6.412667000830651887e-03,2.570306361976861353e+00,-1.348933792114255681e+00,1.010366697819595899e-04,1.010366697819595899e-04,6.820335984229937420e-05
1.531434484086910572e+02,5.121853393579127669e+02,1.291085319519043040e+01,1.252957745519635291e-02,1.252957745519635291e-02,8.405580371618270180e-03,7.638541014688371433e-02,2.266566376606647282e+00,-1.204547882080078125e+00,9.056760115888455587e-05,9.056760115888455587e-05,6.114169955253635769e-05
1.532198338188379410e+02,5.144519057345194142e+02,1.170630531311035227e+01,1.262014505635523746e-02,1.262014505635523746e-02,8.466722071170806538e-03,1.290832434149535857e-01,3.302409971138558831e+00,-1.851522064208985796e+00,1.358345526970717448e-04,1.358345526970717448e-04,9.171292185783386230e-05
1.533489170622528945e+02,5.177543157056579730e+02,9.854783248901366477e+00,1.275597960905230921e-02,1.275597960905230921e-02,8.558434993028640400e-03,-5.045169607518573685e-02,1.377582589381745493e+00,-9.891973495483394885e-01,6.366687712499284613e-05,6.366687712499284613e-05,4.299059510231087455e-05
1.532984653661777088e+02,5.191318982950397185e+02,8.865585899353026988e+00,1.281964648617730206e-02,1.281964648617730206e-02,8.601425588130951275e-03,-1.151938169957361424e+01,-4.895439306737421248e+01,-2.962740840911865092e+01,9.833614499026033240e-05,9.833614499026033240e-05,6.640627980232169381e-05
1.417790836666040946e+02,4.701775052276655060e+02,-2.076182250976562216e+01,1.291798263116756239e-02,1.291798263116756239e-02,8.667831867933272968e-03,9.899639382539646704e-01,2.729991317580072518e+00,-9.089920043945340922e-01,1.216096969470937400e-04,1.216096969470937400e-04,8.213222026825020561e-05
1.427690476048580592e+02,4.729074965452455785e+02,-2.167081451416015625e+01,1.303959232811465613e-02,1.303959232811465613e-02,8.749964088201523174e-03,1.343541535069817883e+00,3.916656318779473622e+00,-1.080928802490234375e+00,1.614394442060913815e-04,1.614394442060913815e-04,1.090466976165771484e-04
1.441125891399278771e+02,4.768241528640250522e+02,-2.275174331665039062e+01,1.320103177232074751e-02,1.320103177232074751e-02,8.859010785818100323e-03,8.239432842974281357e-01,2.414615175116637147e+00,-6.351165771484375000e-01,9.868243212154612087e-05,9.868243212154612087e-05,6.666630506515537624e-05
1.449365324242253052e+02,4.792387680391416893e+02,-2.338685989379882812e+01,1.329971420444229363e-02,1.329971420444229363e-02,8.925677090883255699e-03,7.806415669521697964e-01,1.929073805019470456e+00,-8.082603454589829539e-01,9.867416514427844454e-05,9.867416514427844454e-05,6.666705012321402779e-05
1.457171739911774750e+02,4.811678418441611598e+02,-2.419512023925781108e+01,1.339838836958657207e-02,1.339838836958657207e-02,8.992344141006469727e-03,7.883897602421257034e-01,1.981609329739399072e+00,-7.757957458496136383e-01,9.866442951383946891e-05,9.866442951383946891e-05,6.666630506515537624e-05
1.465055637514196007e+02,4.831494511739005588e+02,-2.497091598510742472e+01,1.349705279910041154e-02,1.349705279910041154e-02,9.059010446071625103e-03,1.973285010990366573e-01,4.886317729803408838e-01,-1.936325073242173289e-01,2.466421888573482046e-05,2.466421888573482046e-05,1.666620373725821724e-05
1.467028922525186374e+02,4.836380829468808997e+02,-2.516454849243164205e+01,1.352171701798614636e-02,1.352171701798614636e-02,9.075676649808883320e-03,-4.915304448385597880e-01,-8.626850520082768981e+00,-4.531929779052735086e+00,8.815229915821662376e-05,8.815229915821662376e-05,5.957037210464581622e-05
1.462113618076800776e+02,4.750112324267981307e+02,-2.969647827148437713e+01,1.360986931714436299e-02,1.360986931714436299e-02,9.135247021913529136e-03,9.825930897171986089e-01,1.540194148703051269e+00,-1.314071655273433947e+00,1.345963888699387018e-04,1.345963888699387018e-04,9.096637368202070695e-05
1.471939548973972762e+02,4.765514265755011820e+02,-3.101054992675781108e+01,1.374446570601430169e-02,1.374446570601430169e-02,9.226213395595549843e-03,6.532736057590966539e-01,1.572585744957223142e+00,-5.419555664062514211e-01,7.899436677326170109e-05,7.899436677326170109e-05,5.339384078979596271e-05
1.478472285031563729e+02,4.781240123204584052e+02,-3.155250549316406250e+01,1.382346007278756339e-02,1.382346007278756339e-02,9.279607236385345806e-03,1.222403748682410196e+00,3.053406564814906687e+00,-9.606781005859375000e-01,1.480968860360729750e-04,1.480968860360729750e-04,1.001127064228050922e-04
1.490696322518387831e+02,4.811774188852733118e+02,-3.251318359375000000e+01,1.397155695882363637e-02,1.397155695882363637e-02,9.379719942808150898e-03,8.145100799595752505e-01,2.168144265305500085e+00,-6.036270141601534078e-01,9.860789715291501389e-05,9.860789715291501389e-05,6.666630506515537624e-05
1.498841423317983583e+02,4.833455631505788119e+02,-3.311681060791015341e+01,1.407016485597655138e-02,1.407016485597655138e-02,9.446386247873306274e-03,8.072140909628160443e-01,2.143502174695242957e+00,-6.203262329101590922e-01,9.859670544244691914e-05,9.859670544244691914e-05,6.666630506515537624e-05
1.506913564227611744e+02,4.854890653252740549e+02,-3.373713684082031250e+01,1.416876156141899830e-02,1.416876156141899830e-02,9.513052552938461651e-03,8.131531690468989382e-01,2.142628383270789527e+00,-6.137542724609375000e-01,9.858845409769709245e-05,9.858845409769709245e-05,6.666705012321402779e-05
1.515045095918080733e+02,4.876316937085448444e+02,-3.435089111328125000e+01,1.426735001551669539e-02,1.426735001551669539e-02,9.579719603061675678e-03,7.622403435515252568e-01,1.904680669968342954e+00,-7.947738647460909078e-01,9.857873537256166274e-05,9.857873537256166274e-05,6.666630506515537624e-05
1.522667499353595986e+02,4.895363743785131874e+02,-3.514566497802734091e+01,1.436592875088925705e-02,1.436592875088925705e-02,9.646385908126831055e-03,4.802104988276880704e-01,-2.505755072736974398e+00,-2.152171325683596592e+00,9.856901856313687871e-05,9.856901856313687871e-05,6.666630506515537624e-05
1.527469604341872866e+02,4.870306193057762130e+02,-3.729783630371093750e+01,1.446449776945239393e-02,1.446449776945239393e-02,9.713052213191986431e-03,-1.163593592866760673e+00,-2.218547034617517966e+01,-7.148866271972657671e+00,3.499158154676544619e-05,3.499158154676544619e-05,2.366825938224757786e-05
1.515833668413205260e+02,4.648451489596010333e+02,-4.444670257568359517e+01,1.449948935099915938e-02,1.449948935099915938e-02,9.736720472574234009e-03,1.051561121669806198e+00,3.096217738129666941e+00,-6.364883422851548289e-01,1.202500856055249701e-04,1.202500856055249701e-04,8.134171366691589355e-05
1.526349279629903322e+02,4.679413666977307003e+02,-4.508319091796875000e+01,1.461973943660468435e-02,1.461973943660468435e-02,9.818062186241149902e-03,3.056104321113934930e-01,2.064111895940186514e+00,-1.029959106445311079e+00,9.988753967086864971e-05,9.988753967086864971e-05,6.757602095603873482e-05
1.529405383951017257e+02,4.700054785936708868e+02,-4.611315002441406108e+01,1.471962697627555300e-02,1.471962697627555300e-02,9.885638207197188637e-03,-5.129649411272202997e+01,-3.022279954835622675e+02,-1.313425018310547046e+02,7.381527350214245331e-05,7.381527350214245331e-05,4.994124174118041992e-05
1.016440442823796957e+02,1.677774831101086193e+02,-1.774556518554687727e+02,1.479344224977769545e-02,1.479344224977769545e-02,9.935579448938369057e-03,6.474773709405923228e-01,1.007943169265587358e+00,-1.329656982421852263e+00,9.888950816664028587e-05,9.888950816664028587e-05,6.691217422485386257e-05
1.022915216533202880e+02,1.687854262793742066e+02,-1.787853088378906250e+02,1.489233175794433574e-02,1.489233175794433574e-02,1.000249162316322292e-02,9.022586264626255570e-01,1.439336161133923042e+00,-1.920025634765636369e+00,1.423431417628406859e-04,1.423431417628406859e-04,9.632557630539009819e-05
1.031937802797829136e+02,1.702247624405081297e+02,-1.807053344726562614e+02,1.503467489970717642e-02,1.503467489970717642e-02,1.009881719946861302e-02,6.187131482559493634e-01,9.877357234685462117e-01,-1.338897705078125000e+00,9.850165845750116778e-05,9.850165845750116778e-05,6.666630506515537624e-05
1.038124934280388629e+02,1.712124981639766759e+02,-1.820442321777343864e+02,1.513317655816467759e-02,1.513317655816467759e-02,1.016548350453376839e-02,6.168066991325673598e-01,9.665841144847036048e-01,-1.353149414062500000e+00,9.849342442767514139e-05,9.849342442767514139e-05,6.666630506515364152e-05
1.044293001271714303e+02,1.721790822784613795e+02,-1.833973815917968864e+02,1.523166998259235273e-02,1.523166998259235273e-02,1.023214980959892204e-02,6.043570345922972820e-01,9.370341223878710935e-01,-1.368420410156232947e+00,9.848372442840085117e-05,9.848372442840085117e-05,6.666705012321576251e-05
1.050336571617637276e+02,1.731161164008492506e+02,-1.847658020019531193e+02,1.533015370702075358e-02,1.533015370702075358e-02,1.029881685972213780e-02,5.960813881694804195e-01,9.277813514109141124e-01,-1.371716308593732947e+00,9.847402633929823457e-05,9.847402633929823457e-05,6.666630506515537624e-05
1.056297385499332080e+02,1.740438977522601647e+02,-1.861375183105468523e+02,1.542862773336005182e-02,1.542862773336005182e-02,1.036548316478729317e-02,6.033008251109777120e-01,9.216129080365078607e-01,-1.379553222656284106e+00,9.846433016046964026e-05,9.846433016046964026e-05,6.666630506515364152e-05
1.062330393750441857e+02,1.749655106602966725e+02,-1.875170715332031364e+02,1.552709206352052146e-02,1.552709206352052146e-02,1.043214946985244682e-02,6.030703986948395823e-01,9.238492952602541664e-01,-1.379418945312494316e+00,9.845463589046657416e-05,9.845463589046657416e-05,6.666630506515537624e-05
1.068361097737390253e+02,1.758893599555569267e+02,-1.888964904785156307e+02,1.562554669941098803e-02,1.562554669941098803e-02,1.049881577491760219e-02,6.031870835016661658e-01,9.020169363840864207e-01,-1.400634765625000000e+00,9.844494352960822536e-05,9.844494352960822536e-05,6.666705012321576251e-05
1.074392968572406915e+02,1.767913768919410131e+02,-1.902971252441406307e+02,1.572399164294059626e-02,1.572399164294059626e-02,1.056548282504081795e-02,6.047794135906201518e-01,8.839727405863015974e-01,-1.415521240234369316e+00,9.843378635212771122e-05,9.843378635212771122e-05,6.666630506515364152e-05
1.080440762708313116e+02,1.776753496325273147e+02,-1.917126464843750000e+02,1.582242542929272397e-02,1.582242542929272397e-02,1.063214913010597160e-02,6.061988544789898015e-01,8.820102890650218797e-01,-1.419805908203102263e+00,9.842556467566307421e-05,9.842556467566307421e-05,6.666630506515537624e-05
1.086502751253103014e+02,1.785573599215923366e+02,-1.931324523925781023e+02,1.592085099396838704e-02,1.592085099396838704e-02,1.069881543517112697e-02,6.050508624943091718e-01,8.725548395532030099e-01,-1.433050537109409106e+00,9.841587803707113613e-05,9.841587803707113613e-05,6.666630506515537624e-05
1.092553259878046106e+02,1.794299147611455396e+02,-1.945655029296875114e+02,1.601926687200545818e-02,1.601926687200545818e-02,1.076548174023628235e-02,5.890036424282101279e-01,8.494506364986023073e-01,-1.437011718750000000e+00,9.840619330536010123e-05,9.840619330536010123e-05,6.666705012321402779e-05
1.098443296302328207e+02,1.802793653976441419e+02,-1.960025146484375114e+02,1.611767306531081828e-02,1.611767306531081828e-02,1.083214879035949638e-02,5.823310364552298779e-01,8.426170159723938013e-01,-1.436230468749982947e+00,9.839651047932260197e-05,9.839651047932260197e-05,6.666630506515537624e-05
1.104266606666880506e+02,1.811219824136165357e+02,-1.974387451171874943e+02,1.621606957579014088e-02,1.621606957579014088e-02,1.089881509542465175e-02,5.858680596422942699e-01,8.419107909782326260e-01,-1.435333251953125000e+00,9.838682955839311850e-05,9.838682955839311850e-05,6.666630506515537624e-05
1.110125287263303449e+02,1.819638932045947683e+02,-1.988740783691406193e+02,1.631445640534853400e-02,1.631445640534853400e-02,1.096548140048980713e-02,5.786226409193631071e-01,8.441452512689693322e-01,-1.433233642578130684e+00,9.837715054265838699e-05,9.837715054265838699e-05,6.666630506515537624e-05
1.115911513672497080e+02,1.828080384558637377e+02,-2.003073120117187500e+02,1.641283355589119239e-02,1.641283355589119239e-02,1.103214770555496251e-02,5.546832547189666229e-01,8.327538608024553923e-01,-1.436108398437511369e+00,9.836747343068899530e-05,9.836747343068899530e-05,6.666705012321402779e-05
1.121458346219686746e+02,1.836407923166661931e+02,-2.017434204101562614e+02,1.651120102932188138e-02,1.651120102932188138e-02,1.109881475567817653e-02,5.460896042630878355e-01,8.297241266131720749e-01,-1.437634277343761369e+00,9.835633265252441415e-05,9.835633265252441415e-05,6.666630506515537624e-05
1.126919242262317624e+02,1.844705164432793651e+02,-2.031810546875000227e+02,1.660955736197440580e-02,1.660955736197440580e-02,1.116548106074333191e-02,5.397528273392282472e-01,8.525868799064824088e-01,-1.427587890624977263e+00,9.834812506167439627e-05,9.834812506167439627e-05,6.666630506515537624e-05
1.132316770535709907e+02,1.853231033231858476e+02,-2.046086425781250000e+02,1.670790548703608019e-02,1.670790548703608019e-02,1.123214736580848729e-02,5.369022967067849095e-01,8.684173698429162869e-01,-1.420526123046869316e+00,9.833845365934609783e-05,9.833845365934609783e-05,6.666705012321402779e-05
1.137685793502777756e+02,1.861915206930287638e+02,-2.060291687011718693e+02,1.680624394069542629e-02,1.680624394069542629e-02,1.129881441593170131e-02,5.362111288392839015e-01,8.698012584853245244e-01,-1.418853759765653422e+00,9.832878415853493759e-05,9.832878415853493759e-05,6.666630506515537624e-05
1.143047904791170595e+02,1.870613219515140884e+02,-2.074480224609375227e+02,1.690457272485396123e-02,1.690457272485396123e-02,1.136548072099685669e-02,5.344767523025240052e-01,8.751339086992118155e-01,-1.414685058593704525e+00,9.831911655955316576e-05,9.831911655955316576e-05,6.666630506515537624e-05
1.148392672314195835e+02,1.879364558602133002e+02,-2.088627075195312273e+02,1.700289184141351440e-02,1.700289184141351440e-02,1.143214702606201207e-02,5.226711752999193550e-01,8.841312688510356566e-01,-1.403808593750028422e+00,9.830945086118994536e-05,9.830945086118994536e-05,6.666630506515537624e-05
1.153619384067195028e+02,1.888205871290643358e+02,-2.102665161132812557e+02,1.710120129227470434e-02,1.710120129227470434e-02,1.149881333112716744e-02,5.147243337656846052e-01,8.815320716506960252e-01,-1.400659179687494316e+00,9.829978706287628709e-05,9.829978706287628709e-05,6.666705012321402779e-05
1.158766627404851874e+02,1.897021192007150319e+02,-2.116671752929687500e+02,1.719950107933758063e-02,1.719950107933758063e-02,1.156548038125038147e-02,5.104761155055825839e-01,8.846822492091632739e-01,-1.395007324218738631e+00,9.828866060252947068e-05,9.828866060252947068e-05,6.666630506515537624e-05
1.163871388559907700e+02,1.905868014499241951e+02,-2.130621826171874886e+02,1.729778973994011010e-02,1.729778973994011010e-02,1.163214668631553685e-02,4.925635879021115215e-01,8.928272025206354101e-01,-1.379028320312500000e+00,9.828046530941172976e-05,9.828046530941172976e-05,6.666630506515537624e-05
1.168797024438928815e+02,1.914796286524448305e+02,-2.144412109374999886e+02,1.739607020524952183e-02,1.739607020524952183e-02,1.169881299138069222e-02,4.851052953194709971e-01,8.993717311775810686e-01,-1.372973632812488631e+00,9.827080720874875608e-05,9.827080720874875608e-05,6.666630506515364152e-05
1.173648077392123525e+02,1.923790003836224116e+02,-2.158141845703124773e+02,1.749434101245827058e-02,1.749434101245827058e-02,1.176547929644584586e-02,4.804649526322748443e-01,9.118566598621100638e-01,-1.361816406250000000e+00,9.826115100589408180e-05,9.826115100589408180e-05,6.666705012321576251e-05
1.178452726918446274e+02,1.932908570434845217e+02,-2.171760009765624773e+02,1.759260216346416467e-02,1.759260216346416467e-02,1.183214634656906163e-02,4.653614441949827096e-01,9.246558403435187756e-01,-1.339697265625034106e+00,9.825149670095179033e-05,9.825149670095179033e-05,6.666630506515537624e-05
1.183106341360396101e+02,1.942155128838280405e+02,-2.185156982421875114e+02,1.769085366016511646e-02,1.769085366016511646e-02,1.189881265163421700e-02,4.618097544181836156e-01,9.233923665999554942e-01,-1.337329101562488631e+00,9.824184429248553063e-05,9.824184429248553063e-05,6.666630506515364152e-05
1.187724438904577937e+02,1.951389052504279960e+02,-2.198530273437500000e+02,1.778909550445760199e-02,1.778909550445760199e-02,1.196547895669937064e-02,4.607051789949991871e-01,9.250613219367380680e-01,-1.338269042968761369e+00,9.823219378081102238e-05,9.823219378081102238e-05,6.666630506515537624e-05
1.192331490694527929e+02,1.960639665723647340e+02,-2.211912963867187614e+02,1.788732769823841301e-02,1.788732769823841301e-02,1.203214526176452602e-02,4.534976501100373980e-01,9.294149990355435875e-01,-1.335046386718744316e+00,9.822108160944392763e-05,9.822108160944392763e-05,6.666705012321576251e-05
1.196866467195628303e+02,1.969933815714002776e+02,-2.225263427734375057e+02,1.798554877984785694e-02,1.798554877984785694e-02,1.209881231188774178e-02,4.343308648538624084e-01,9.330868435286561180e-01,-1.313684082031244316e+00,9.821289858758311397e-05,9.821289858758311397e-05,6.666630506515364152e-05
1.201209775844166927e+02,1.979264684149289337e+02,-2.238400268554687500e+02,1.808376167843544005e-02,1.808376167843544005e-02,1.216547861695289542e-02,4.282232229923153000e-01,9.338754359931158433e-01,-1.302001953125000000e+00,9.820325376115601745e-05,9.820325376115601745e-05,6.666630506515537624e-05
1.205492008074090080e+02,1.988603438509220496e+02,-2.251420288085937500e+02,1.818196493219659607e-02,1.818196493219659607e-02,1.223214492201805080e-02,4.271115137673575646e-01,9.368274158827318843e-01,-1.295141601562505684e+00,9.819361082928287909e-05,9.819361082928287909e-05,6.666630506515537624e-05
1.209763123211763656e+02,1.997971712668047815e+02,-2.264371704101562557e+02,1.828015854302587895e-02,1.828015854302587895e-02,1.229881122708320618e-02,4.263102892412860001e-01,9.331283164157184729e-01,-1.297058105468721578e+00,9.818396979075633135e-05,9.818396979075633135e-05,6.666705012321402779e-05
1.214026226104176516e+02,2.007302995832204999e+02,-2.277342285156249773e+02,1.837834251281663528e-02,1.837834251281663528e-02,1.236547827720642020e-02,4.256580207591156295e-01,9.277866977711823893e-01,-1.293469238281261369e+00,9.817433064501779327e-05,9.817433064501779327e-05,6.666630506515537624e-05
1.218282806311767672e+02,2.016580862809916823e+02,-2.290276977539062386e+02,1.847651684346165307e-02,1.847651684346165307e-02,1.243214458227157558e-02,4.251174592392175100e-01,9.268208870938963173e-01,-1.289123535156250000e+00,9.816469339216093992e-05,9.816469339216093992e-05,6.666630506515537624e-05
1.222533980904159847e+02,2.025849071680855786e+02,-2.303168212890624886e+02,1.857468153685381401e-02,1.857468153685381401e-02,1.249881088733673096e-02,4.102367237852178050e-01,9.293371310297686705e-01,-1.280297851562522737e+00,9.815505803075635916e-05,9.815505803075635916e-05,6.666630506515537624e-05
1.226636348142012025e+02,2.035142442991153473e+02,-2.315971191406250114e+02,1.867283659488457037e-02,1.867283659488457037e-02,1.256547719240188633e-02,4.053393844726258521e-01,9.199005261710908599e-01,-1.265832519531244316e+00,9.814396215514914479e-05,9.814396215514914479e-05,6.666630506515537624e-05
1.230689741986738284e+02,2.044341448252864382e+02,-2.328629516601562557e+02,1.877098055703971952e-02,1.877098055703971952e-02,1.263214349746704171e-02,2.531214052226147260e-01,5.756947232089544286e-01,-7.879394531250056843e-01,6.133581649450658979e-05,6.133581649450658979e-05,4.166662693023612252e-05
1.233220956038964431e+02,2.050098395484953926e+02,-2.336508911132812614e+02,1.883231637353422611e-02,1.883231637353422611e-02,1.267381012439727783e-02,2.478838867783110800e-01,5.248549536024427198e-01,-1.382629394531250000e+00,9.078379083606730182e-05,9.078379083606730182e-05,6.167590618133544922e-05
1.235699794906747542e+02,2.055346945020978353e+02,-2.350335205078125114e+02,1.892310016437029341e-02,1.892310016437029341e-02,1.273548603057861328e-02,5.269225585057029093e-01,1.271598610017235842e+00,-1.702697753906250000e+00,1.328700333156768165e-04,1.328700333156768165e-04,9.027719497680698757e-05
1.240969020491804571e+02,2.068062931121150712e+02,-2.367362182617187614e+02,1.905597019768597022e-02,1.905597019768597022e-02,1.282576322555542027e-02,3.743053961732556445e-01,9.053560430109257595e-01,-1.201367187499982947e+00,9.439619709832730576e-05,9.439619709832730576e-05,6.414502859115531197e-05
1.244712074453537127e+02,2.077116491551259969e+02,-2.379375854492187443e+02,1.915036639478429753e-02,1.915036639478429753e-02,1.288990825414657558e-02,3.836477313369641706e-01,9.360019942067197007e-01,-1.246386718750017053e+00,9.809857068264135616e-05,9.809857068264135616e-05,6.666630506515537624e-05
1.248548551766906769e+02,2.086476511493327166e+02,-2.391839721679687614e+02,1.924846496546693889e-02,1.924846496546693889e-02,1.295657455921173096e-02,3.812313206334465576e-01,9.408981644563993996e-01,-1.244226074218744316e+00,9.808748673250863859e-05,9.808748673250863859e-05,6.666630506515537624e-05
1.252360864973241235e+02,2.095885493137891160e+02,-2.404281982421875057e+02,1.934655245219944752e-02,1.934655245219944752e-02,1.302324086427688633e-02,3.771093430685255043e-01,9.431825237565760744e-01,-1.237048339843767053e+00,9.807932794244494934e-05,9.807932794244494934e-05,6.666630506515537624e-05
1.256131958403926490e+02,2.105317318375456921e+02,-2.416652465820312727e+02,1.944463178014189247e-02,1.944463178014189247e-02,1.308990716934204171e-02,3.689901614402941732e-01,9.469485013464975509e-01,-1.225866699218727263e+00,9.806970933125616630e-05,9.806970933125616630e-05,6.666630506515364152e-05
1.259821860018329431e+02,2.114786803388921896e+02,-2.428911132812500000e+02,1.954270148947314864e-02,1.954270148947314864e-02,1.315657347440719535e-02,3.499008631566908889e-01,9.518110594084987497e-01,-1.211926269531261369e+00,9.806009260625303536e-05,9.806009260625303536e-05,6.666779518127441406e-05
1.263320868649896340e+02,2.124304913983006884e+02,-2.441030395507812614e+02,1.964076158207940168e-02,1.964076158207940168e-02,1.322324126958846977e-02,3.440033288408415046e-01,9.543841249985973718e-01,-1.203442382812482947e+00,9.805047776752923161e-05,9.805047776752923161e-05,6.666630506515537624e-05
1.266760901938304755e+02,2.133848755232992858e+02,-2.453064819335937443e+02,1.973881205984693091e-02,1.973881205984693091e-02,1.328990757465362514e-02,2.110133588683424932e-01,6.264892853242258752e-01,-7.731689453125056843e-01,6.381552851237107249e-05,6.381552851237107249e-05,4.339218139648437500e-05
