Sigma_1,Sigma_2,Sigma_12,Epsilon_1,Epsilon_2,Epsilon_12,dSigma_1,dSigma_2,dSigma_12,dEpsilon_1,dEpsilon_2,dEpsilon_12
-0.000000000000000000e+00,-0.000000000000000000e+00,-0.000000000000000000e+00,0.000000000000000000e+00,0.000000000000000000e+00,0.000000000000000000e+00,1.155190937678818308e+01,7.618208042252793355e+00,5.765533256530761541e+00,1.999800121638574792e-04,6.666447875155136660e-05,6.666670087724923816e-05
1.155190937678818308e+01,7.618208042252793355e+00,5.765533256530761541e+00,1.999800121638574792e-04,6.666447875155136660e-05,6.666670087724923816e-05,5.774104434444728540e+00,3.807913093892572043e+00,2.880305290222168857e+00,9.997499944099476950e-05,3.333057289245535239e-05,3.333335043862462586e-05
1.732601381123291162e+01,1.142612113614536540e+01,8.645838546752930398e+00,2.999550116048522487e-04,9.999505164400671899e-05,1.000000513158738640e-04,5.773427654659879948e+00,3.807284836983372500e+00,2.879055404663084516e+00,9.996502871346707886e-05,3.332946200261451561e-05,3.333335043862461231e-05
2.309944146589279157e+01,1.523340597312873790e+01,1.152489395141601491e+01,3.999200403183193276e-04,1.333245136466212346e-04,1.333334017544984763e-04,5.772748034211947044e+00,3.806653439611887180e+00,2.877803039550782316e+00,9.995499016253158245e-05,3.332835118637794171e-05,3.333335043862462586e-05
2.887218950010473861e+01,1.904005941274062508e+01,1.440269699096679723e+01,4.998750304808509100e-04,1.666528648329991763e-04,1.666667521931231022e-04,5.772067866408839620e+00,3.806025006107546460e+00,2.876552581787107599e+00,9.994504669895497122e-05,3.332724044440422929e-05,3.333335043862462586e-05
3.464425736651357823e+01,2.284608441884817154e+01,1.727924957275390483e+01,5.998200771798058812e-04,1.999801052774034056e-04,2.000001026317477280e-04,5.771391728597343729e+00,3.805393431627276613e+00,2.875301361083984375e+00,9.993505868506125708e-05,3.332611813782512377e-05,3.333333879709243232e-05
4.041564909511092196e+01,2.665147785047544815e+01,2.015455093383788920e+01,6.997551358648671383e-04,2.333062234152285294e-04,2.333334414288401604e-04,5.770708933986412603e+00,3.804764822148172243e+00,2.874050903320316763e+00,9.992507266705201192e-05,3.332503082141061970e-05,3.333336208015679229e-05
4.618635802909733457e+01,3.045624267262362039e+01,2.302860183715820597e+01,7.996802085319191502e-04,2.666312542366391491e-04,2.666668035089969527e-04,5.770028638813400335e+00,3.804136123143930348e+00,2.872801208496092329e+00,9.991499559590334614e-05,3.332389702479112261e-05,3.333333879709245943e-05
5.195638666791073490e+01,3.426037879576755074e+01,2.590140304565429830e+01,8.995952041278224964e-04,2.999551512614302717e-04,3.000001423060894121e-04,5.769353913075669027e+00,3.803504284675135239e+00,2.871550750732417612e+00,9.990510662625400919e-05,3.332280985485512386e-05,3.333336208015679229e-05
5.772574058098640393e+01,3.806388308044268598e+01,2.877295379638671591e+01,9.995003107540765055e-04,3.332779611162853955e-04,3.333335043862462044e-04,5.768666415095516697e+00,3.802878461775520691e+00,2.870300292968753553e+00,9.989512659297180089e-05,3.332167620780199409e-05,3.333333879709245943e-05
6.349440699608192062e+01,4.186676154221820667e+01,3.164325408935546946e+01,1.099395437347048306e-03,3.665996373240873896e-04,3.666668431833386638e-04,5.767990587647489065e+00,3.802246446888553066e+00,2.869052124023436789e+00,9.988514855340403092e-05,3.332058918431525431e-05,3.333336208015679229e-05
6.926239758372940969e+01,4.566900798910675974e+01,3.451230621337890625e+01,1.199280585900452337e-03,3.999202265084026440e-04,4.000002052634954561e-04,5.767314212714040877e+00,3.801617394543512773e+00,2.867805480957031250e+00,9.987517250695308706e-05,3.331945568657665880e-05,3.333333879709240522e-05
7.502971179644345057e+01,4.947062538365027251e+01,3.738011169433593750e+01,1.299155758407405424e-03,4.332396821949793028e-04,4.333335440605878613e-04,5.766625066174000835e+00,3.800988254977085035e+00,2.866555786132813921e+00,9.986519845280017980e-05,3.331834553766088421e-05,3.333333879709245943e-05
8.079633686261745140e+01,5.327161363862735755e+01,4.024666748046875142e+01,1.399020956860205604e-03,4.665580277326401870e-04,4.666668828576803207e-04,5.765953698449507669e+00,3.800359029871131611e+00,2.865307617187497158e+00,9.985513339833408490e-05,3.331728200531015567e-05,3.333338536322112515e-05
8.656229056106695907e+01,5.707197266849848916e+01,4.311197509765624858e+01,1.498876090258539689e-03,4.998753097379503426e-04,5.000002682209014459e-04,5.765269582657097658e+00,3.799732764818948283e+00,2.864060974121095171e+00,9.984534931301090703e-05,3.331612545952788908e-05,3.333333879709245943e-05
9.232756014372405673e+01,6.087170543331743744e+01,4.597603607177734375e+01,1.598721439571550596e-03,5.331914351974782317e-04,5.333336070179939053e-04,5.763997959805394089e+00,3.798984274869916078e+00,2.862608337402349434e+00,9.983528824037877190e-05,3.331501553251257474e-05,3.333333879709245943e-05
9.809155810352945082e+01,6.467068970818735352e+01,4.883864440917969318e+01,1.698556727811929368e-03,5.665064507299908065e-04,5.666669458150863647e-04,5.760518265391041837e+00,3.797692146004706615e+00,2.859910583496088066e+00,9.982513622067449785e-05,3.331390567922734493e-05,3.333333879709245943e-05
1.038520763689204927e+02,6.846838185419206013e+01,5.169855499267578125e+01,1.798381864032603866e-03,5.998203564092181514e-04,6.000002846121788242e-04,5.755049810919231845e+00,3.795874631301359159e+00,2.856207275390623579e+00,9.981535806883657692e-05,3.331284243627598025e-05,3.333338536322112515e-05
1.096071261798397245e+02,7.226425648549341929e+01,5.455476226806640483e+01,1.898197222101440443e-03,6.331331988454941316e-04,6.333336699753999493e-04,5.751903331615167758e+00,3.794331744448129484e+00,2.852433776855470171e+00,9.980539595727186408e-05,3.331168619293304808e-05,3.333333879709245943e-05
1.153590295114548923e+02,7.605858822994154878e+01,5.740719604492187500e+01,1.998002618058712307e-03,6.664448850384271797e-04,6.666670087724924088e-04,5.748302958267998974e+00,3.792947483828157829e+00,2.849472045898437500e+00,9.979543583449714331e-05,3.331057656145975342e-05,3.333333879709245943e-05
1.211073324697228912e+02,7.985153571376970660e+01,6.025666809082031250e+01,2.097798053893209450e-03,6.997554615998869331e-04,7.000003475695848682e-04,5.746670819783844308e+00,3.791990619041641253e+00,2.847796630859377842e+00,9.978547769925192115e-05,3.330946700368694457e-05,3.333333879709245943e-05
1.268540032895067355e+02,8.364352633281134786e+01,6.310446472167969034e+01,2.197583531592461371e-03,7.330649286035738777e-04,7.333336863666773276e-04,5.744719737207717003e+00,3.790832067039232811e+00,2.845986938476556816e+00,9.977552155116279839e-05,3.330840405068387529e-05,3.333338536322112515e-05
1.325987230267144525e+02,8.743435839985058067e+01,6.595045166015624716e+01,2.297359053143624170e-03,7.663733326542577530e-04,7.666670717298984528e-04,5.742437347258402269e+00,3.789532872920929663e+00,2.843011474609383527e+00,9.976556738963563223e-05,3.330724810899493571e-05,3.333333879709245943e-05
1.383411603739728548e+02,9.122389127277151033e+01,6.879346313476563068e+01,2.397124620533259802e-03,7.996805807632526887e-04,8.000004105269909122e-04,5.739627717318654732e+00,3.788044161006766331e+00,2.839889526367187500e+00,9.975561521385336791e-05,3.330613877294526584e-05,3.333333879709245943e-05
1.440807880912915095e+02,9.501193543377827666e+01,7.163335266113281818e+01,2.496880235747113170e-03,8.329867195361979545e-04,8.333337493240833716e-04,5.734112136450903563e+00,3.785773348058782517e+00,2.835949707031232947e+00,9.974566502388756278e-05,3.330502951123229163e-05,3.333333879709235101e-05
1.498149002277424131e+02,9.879770878183705918e+01,7.446930236816405113e+01,2.596625900771000733e-03,8.662917490474302462e-04,8.666670881211757226e-04,5.729010723063254318e+00,3.783923804642128630e+00,2.833190917968764211e+00,9.973571681847880760e-05,3.330392032296122101e-05,3.333333879709245943e-05
1.555439109508056674e+02,1.025816325864791878e+02,7.730249328613281534e+01,2.696361617589479540e-03,8.995956693703914672e-04,9.000004269182681821e-04,5.724984668562115075e+00,3.782379511876669653e+00,2.831585693359372158e+00,9.972577059725457049e-05,3.330281120901188406e-05,3.333333879709245943e-05
1.612688956193677825e+02,1.063640120983558575e+02,8.013407897949218750e+01,2.796087388186734111e-03,9.328984805794033512e-04,9.333337657153606415e-04,5.721116189247538841e+00,3.780468474726220052e+00,2.828854370117198869e+00,9.971564063366786246e-05,3.330170216871142490e-05,3.333333879709245943e-05
1.669900118086153213e+02,1.101444805730820775e+02,8.296293334960938637e+01,2.895803028820401973e-03,9.662001827481147762e-04,9.666671045124531009e-04,5.715630110990844059e+00,3.777958489434482203e+00,2.824465942382801131e+00,9.970588412350385454e-05,3.330068624140397615e-05,3.333343192934979087e-05
1.727056419196061654e+02,1.139224390625165597e+02,8.578739929199218750e+01,2.995508912943905828e-03,9.995008689895187523e-04,1.000000536441802892e-03,5.711305284517209202e+00,3.775753698545912584e+00,2.820816040039062500e+00,9.969594385104973977e-05,3.329948430637373960e-05,3.333333879709256785e-05
1.784169472041233746e+02,1.176981927610624723e+02,8.860821533203125000e+01,3.095204856794955568e-03,1.032800353295892492e-03,1.033333875238895460e-03,5.707003351116469503e+00,3.773707533221255517e+00,2.817687988281250000e+00,9.968619123126333526e-05,3.329837548786342312e-05,3.333333879709235101e-05
1.841239505552398441e+02,1.214719002942837278e+02,9.142590332031250000e+01,3.194891048026218903e-03,1.066098728783755915e-03,1.066667214035987811e-03,5.702724183808612679e+00,3.771575595191407615e+00,2.814459228515630684e+00,9.967588358123337725e-05,3.329726674275077479e-05,3.333333879709256785e-05
1.898266747390484568e+02,1.252434758894751354e+02,9.424036254882813068e+01,3.294566931607452280e-03,1.099395995526506690e-03,1.100000552833080378e-03,5.695797853109041853e+00,3.767610289240636234e+00,2.806884765625000000e+00,9.966632055647848751e-05,3.329615807191573310e-05,3.333333879709235101e-05
1.955224725921574986e+02,1.290110861787157717e+02,9.704724731445313068e+01,3.394233252163930768e-03,1.132692153598422423e-03,1.133333891630172729e-03,5.688452477969008214e+00,3.763888987603053238e+00,2.799685668945301131e+00,9.965601694112693684e-05,3.329504947468522533e-05,3.333333879709235101e-05
2.012109250701265069e+02,1.327749751663188249e+02,9.984693298339843182e+01,3.493889269105057704e-03,1.165987203073107648e-03,1.166667230427265081e-03,5.681557925269714815e+00,3.760423944510392857e+00,2.793402099609380684e+00,9.964608660902344803e-05,3.329394095105209575e-05,3.333333879709256785e-05
2.068924829953962217e+02,1.365353991108292178e+02,1.026403350830078125e+02,3.593535355714081152e-03,1.199281144024159744e-03,1.200000569224357648e-03,5.673043762749216512e+00,3.756090762175801956e+00,2.784899902343738631e+00,9.963652941138122221e-05,3.329283250167445508e-05,3.333333879709235101e-05
2.125655267581454382e+02,1.402914898730050197e+02,1.054252349853515511e+02,3.693171885125462375e-03,1.232573976525834199e-03,1.233333908021449999e-03,5.663362487751129493e+00,3.751524908098986089e+00,2.776837158203136369e+00,9.962623184377097235e-05,3.329181714022957581e-05,3.333343192934989929e-05
2.182288892458965677e+02,1.440430147811040058e+02,1.082020721435546875e+02,3.792798116969233347e-03,1.265865793666063775e-03,1.266667339950799899e-03,5.654217346755501694e+00,3.746946323716542793e+00,2.769189453124994316e+00,9.961667852832105721e-05,3.329061582056321890e-05,3.333333879709256785e-05
2.238831065926520694e+02,1.477899611048205486e+02,1.109712615966796818e+02,3.892414795497554404e-03,1.299156409486626994e-03,1.300000678747892466e-03,5.644872879095800045e+00,3.742672852888432544e+00,2.761727905273446027e+00,9.960638498917890465e-05,3.328950759257640925e-05,3.333333879709235101e-05
2.295279794717478694e+02,1.515326339577089811e+02,1.137329895019531278e+02,3.992021180486733309e-03,1.332445917079203403e-03,1.333334017544984818e-03,5.632534724696910189e+00,3.737555494120215371e+00,2.753948974609372158e+00,9.959683555314444159e-05,3.328839943815054860e-05,3.333333879709235101e-05
2.351605141964447796e+02,1.552701894518291965e+02,1.164869384765625000e+02,4.091618016039877750e-03,1.365734316517353952e-03,1.366667356342077169e-03,5.619873661071920878e+00,3.731801945165898360e+00,2.743640136718752842e+00,9.958654604051968978e-05,3.328729135727804753e-05,3.333333879709256785e-05
2.407803878575167005e+02,1.590019913969950949e+02,1.192305786132812528e+02,4.191204562080397440e-03,1.399021607874631999e-03,1.400000695139169736e-03,5.604168296473176270e+00,3.724507506317792149e+00,2.730963134765616473e+00,9.957700048201113124e-05,3.328618335061593256e-05,3.333333879709235101e-05
2.463845561539898767e+02,1.627264989033128870e+02,1.219615417480468693e+02,4.290781562562408571e-03,1.432307791225247932e-03,1.433334033936262087e-03,5.583112043154073945e+00,3.715329674320486220e+00,2.714166259765619316e+00,9.956671499307227780e-05,3.328507541727125478e-05,3.333333879709256785e-05
2.519676681971439507e+02,1.664418285776333732e+02,1.246757080078124886e+02,4.390348277555480849e-03,1.465592866642519186e-03,1.466667372733354655e-03,5.556850281315917073e+00,3.703216819127590043e+00,2.691363525390642053e+00,9.955717330953697819e-05,3.328396755812221795e-05,3.333333879709235101e-05
2.575245184784598678e+02,1.701450453967609633e+02,1.273670715332031307e+02,4.489905450865017827e-03,1.498876834200641404e-03,1.500000711530447006e-03,5.519788555131185603e+00,3.686187994988046057e+00,2.660424804687494316e+00,9.954689184211475139e-05,3.328295276208204957e-05,3.333343192934989929e-05
2.630443070335910534e+02,1.738312333917490093e+02,1.300274963378906250e+02,4.589452342707132579e-03,1.532159786962723454e-03,1.533334143459796906e-03,5.482298536189432525e+00,3.670905754258399156e+00,2.631677246093744316e+00,9.953698324480144549e-05,3.328175205751546066e-05,3.333333879709235101e-05
2.685266055697804859e+02,1.775021391460074085e+02,1.326591735839843693e+02,4.688989325951934024e-03,1.565441539020238915e-03,1.566667482256889257e-03,5.427649754095170920e+00,3.650621314991184363e+00,2.593041992187494316e+00,9.952744736913595597e-05,3.328064441913795857e-05,3.333333879709256785e-05
2.739542553238756568e+02,1.811527604609985929e+02,1.352522155761718636e+02,4.788516773321069980e-03,1.598722183439376873e-03,1.600000821053981824e-03,5.346782147830651866e+00,3.626067613838642956e+00,2.552154541015625000e+00,9.951717192973382614e-05,3.327953685492704081e-05,3.333333879709235101e-05
2.793010374717063087e+02,1.847788280748372358e+02,1.378043701171874886e+02,4.888033945250803806e-03,1.632001720294303914e-03,1.633334159851074175e-03,5.292953638259291438e+00,3.610302920668175375e+00,2.527447509765636369e+00,9.950763992344451025e-05,3.327842936398889111e-05,3.333333879709256785e-05
2.845939911099656001e+02,1.883891309955054112e+02,1.403318176269531250e+02,4.987541585174248317e-03,1.665280149658292805e-03,1.666667498648166743e-03,5.218569748766412886e+00,3.591381861528105901e+00,2.501843261718761369e+00,9.949736849937558525e-05,3.327732194720258059e-05,3.333333879709235101e-05
2.898125608587320130e+02,1.919805128570335171e+02,1.428336608886718864e+02,5.087038953673623902e-03,1.698557471605495386e-03,1.700000837445259094e-03,5.172557512596483775e+00,3.576555333234239242e+00,2.477282714843738631e+00,9.948784035969555906e-05,3.327621460389568707e-05,3.333333879709235101e-05
2.949851183713284968e+02,1.955570681902677563e+02,1.453109436035156250e+02,5.186526794033319461e-03,1.731833686209391073e-03,1.733334176242351445e-03,5.136422032350708378e+00,3.564564335541433593e+00,2.457446289062488631e+00,9.947757294902128539e-05,3.327510733406148849e-05,3.333333879709256785e-05
3.001215404036792052e+02,1.991216325258091899e+02,1.477683898925781136e+02,5.286004366982340746e-03,1.765108793543452561e-03,1.766667515039444013e-03,5.084149028490060118e+00,3.550273064409054768e+00,2.442559814453147737e+00,9.946804867407097600e-05,3.327400013835701137e-05,3.333333879709235101e-05
3.052056894321692653e+02,2.026719055902182447e+02,1.502109497070312614e+02,5.385472415656411722e-03,1.798382793681809573e-03,1.800000853836536364e-03,5.042072008830530194e+00,3.537484560611602546e+00,2.426782226562494316e+00,9.945778527396722385e-05,3.327289301588843944e-05,3.333333879709256785e-05
3.102477614409997955e+02,2.062093901508298472e+02,1.526377319335937557e+02,5.484930200930378946e-03,1.831655686697698012e-03,1.833334192633628932e-03,5.001848222563808122e+00,3.523765290618598556e+00,2.398046875000005684e+00,9.944826486120526138e-05,3.327178596753484381e-05,3.333333879709235101e-05
3.152496096635636036e+02,2.097331554414484458e+02,1.550357788085937614e+02,5.584378465791584208e-03,1.864927472665232856e-03,1.866667531430721283e-03,4.963453398908768577e+00,3.506461171989371906e+00,2.356030273437511369e+00,9.943800546951576946e-05,3.327067899262445283e-05,3.333333879709235101e-05
3.202130630624723722e+02,2.132396166134378177e+02,1.573918090820312727e+02,5.683816471261099977e-03,1.898198151657857309e-03,1.900000870227813634e-03,4.922223040804340144e+00,3.484165205210928207e+00,2.302435302734352263e+00,9.942811853571372621e-05,3.326957209114967708e-05,3.333333879709256785e-05
3.251352861032767123e+02,2.167237818186487459e+02,1.596942443847656250e+02,5.783244589796813703e-03,1.931467723749006986e-03,1.933334209024906202e-03,4.905562878183786779e+00,3.477424911705298882e+00,2.291107177734375000e+00,9.941860391166155303e-05,3.326865116272522890e-05,3.333352506160723074e-05
3.300408489814604991e+02,2.202012067303540448e+02,1.619853515625000000e+02,5.882663193708475256e-03,1.964736374911732215e-03,1.966667734086513433e-03,4.892876022717416618e+00,3.472102688829863837e+00,2.283068847656238631e+00,9.940835052835682306e-05,3.326735850340059586e-05,3.333333879709235101e-05
3.349337250041779157e+02,2.236733094191839086e+02,1.642684204101562386e+02,5.982071544236832079e-03,1.998003733415132811e-03,2.000001072883605784e-03,4.861394655202730064e+00,3.462352021539288671e+00,2.258752441406272737e+00,9.939883976092106499e-05,3.326625182329670180e-05,3.333333879709278469e-05
3.397951196593806458e+02,2.271356614407231973e+02,1.665271728515625114e+02,6.081470383997753144e-03,2.031269985238429512e-03,2.033334411680698568e-03,4.804600969979446745e+00,3.447780848058300762e+00,2.218566894531250000e+00,9.938859037987232692e-05,3.326514521637688807e-05,3.333333879709235101e-05
3.445997206293600925e+02,2.305834422887814981e+02,1.687457397460937614e+02,6.180858974377625471e-03,2.064535130454806400e-03,2.066667750477790919e-03,4.769729427791787657e+00,3.437660887960873879e+00,2.193792724609352263e+00,9.937908346629650835e-05,3.326403868352152682e-05,3.333333879709235101e-05
3.493694500571518802e+02,2.340211031767423719e+02,1.709395324707031136e+02,6.280238057843921980e-03,2.097799169138327927e-03,2.100001089274883270e-03,4.781235831069523101e+00,3.437448684221806161e+00,2.202453613281250000e+00,9.936920824566916610e-05,3.326293222405711167e-05,3.333333879709235101e-05
3.541506858882214033e+02,2.374585518609641781e+02,1.731419860839843636e+02,6.379607266089591146e-03,2.131062101362385039e-03,2.133334428071975621e-03,4.759424463772063518e+00,3.429211273768061119e+00,2.198223876953136369e+00,9.935859474057701091e-05,3.326182583797670372e-05,3.333333879709235101e-05
3.589101103519934668e+02,2.408877631347322392e+02,1.753402099609375000e+02,6.478965860830168157e-03,2.164323927200361743e-03,2.166667766869067972e-03,4.755423858718927477e+00,3.423811280309649874e+00,2.193548583984380684e+00,9.934946376409861668e-05,3.326071952593819686e-05,3.333333879709278469e-05
3.636655342107123943e+02,2.443115744150418891e+02,1.775337585449218807e+02,6.578315324594266773e-03,2.197584646726299940e-03,2.200001105666160757e-03,4.727040503680882466e+00,3.412538264383556452e+00,2.173724365234363631e+00,9.933959442865424039e-05,3.325961328704777481e-05,3.333333879709235101e-05
3.683925747143932767e+02,2.477241126794254455e+02,1.797074829101562443e+02,6.677654919022921014e-03,2.230844260013347714e-03,2.233334444463253108e-03,4.676255959652053207e+00,3.390889074943231662e+00,2.135791015625017053e+00,9.932972705362433374e-05,3.325850712218364133e-05,3.333333879709235101e-05
3.730688306740453299e+02,2.511150017543686772e+02,1.818432739257812614e+02,6.776984646076545347e-03,2.264102767135531356e-03,2.266667783260345459e-03,4.611640349985862031e+00,3.372149658454986820e+00,2.099902343749988631e+00,9.931912168674623953e-05,3.325740103067402476e-05,3.333333879709235101e-05
3.776804710240311920e+02,2.544871514128236640e+02,1.839431762695312500e+02,6.876303767763291587e-03,2.297360168166205380e-03,2.300001122057437810e-03,4.416852986300455086e+00,3.315576139547488310e+00,1.963824462890613631e+00,9.930999825706263162e-05,3.325629501251285355e-05,3.333333879709235101e-05
3.820973240103316471e+02,2.578027275523711523e+02,1.859070007324218636e+02,6.975613766020354219e-03,2.330616463178718234e-03,2.333334460854530161e-03,4.229014455304763942e+00,3.261223891800568708e+00,1.838189697265647737e+00,9.930013676086660301e-05,3.325518906835585320e-05,3.333333879709278469e-05
3.863263384656364110e+02,2.610639514441717211e+02,1.877451904296875114e+02,7.074913902781220822e-03,2.363871652247074087e-03,2.366667799651622946e-03,4.186101140754260541e+00,3.239072215378257624e+00,1.792089843749977263e+00,9.928953749058569422e-05,3.325408319731007478e-05,3.333333879709235101e-05
3.905124396063906715e+02,2.643030236595499787e+02,1.895372802734374886e+02,7.174203440271806516e-03,2.397125735444384162e-03,2.400001138448715297e-03,4.196048784185791192e+00,3.232116332430109651e+00,1.785479736328113631e+00,9.928041971579183722e-05,3.325297740025458942e-05,3.333333879709235101e-05
3.947084883905764627e+02,2.675351399919800883e+02,1.913227600097656023e+02,7.273483859987598353e-03,2.430378712844638751e-03,2.433334477245807648e-03,4.198989362030602024e+00,3.226701614034368504e+00,1.782617187500022737e+00,9.927056409229483708e-05,3.325187167651719178e-05,3.333333879709235101e-05
3.989074777526070648e+02,2.707618416060144568e+02,1.931053771972656250e+02,7.372754424079893190e-03,2.463630584521155943e-03,2.466667816042899999e-03,4.206604031675055921e+00,3.222926216566122548e+00,1.783203125000000000e+00,9.926071042579056453e-05,3.325095182614944134e-05,3.333352506160744758e-05
4.031140817842821207e+02,2.739847678225805794e+02,1.948885803222656250e+02,7.472015134505683755e-03,2.496881536347305384e-03,2.500001341104507446e-03,4.186250665761065193e+00,3.210510323176094971e+00,1.770703125000011369e+00,9.925011927653173971e-05,3.324966044345378444e-05,3.333333879709235101e-05
4.073003324500431859e+02,2.771952781457566743e+02,1.966592834472656364e+02,7.571265253782215494e-03,2.530131196790759169e-03,2.533334679901599797e-03,4.129923394738170828e+00,3.189575319927200781e+00,1.746899414062482947e+00,9.924100903304765992e-05,3.324855494007050369e-05,3.333333879709235101e-05
4.114302558447813567e+02,2.803848534656838751e+02,1.984061828613281193e+02,7.670506262815263154e-03,2.563379751730829673e-03,2.566668018698692148e-03,3.972454348506232691e+00,3.133880101787269723e+00,1.639630126953136369e+00,9.923116123247179010e-05,3.324744951064021944e-05,3.333333879709278469e-05
4.154027101932875894e+02,2.835187335674711449e+02,2.000458129882812557e+02,7.769737424047734944e-03,2.596627201241469892e-03,2.600001357495784933e-03,3.753322423738438829e+00,3.063076163736525359e+00,1.517028808593721578e+00,9.922131538589971933e-05,3.324634415426998280e-05,3.333333879709235101e-05
4.191560326170260282e+02,2.865818097312076702e+02,2.015628417968749773e+02,7.868958739433634664e-03,2.629873545395739875e-03,2.633334696292877284e-03,3.335797776776132650e+00,2.920051601399791252e+00,1.236785888671903422e+00,9.921073234855047607e-05,3.324523887183843118e-05,3.333333879709235101e-05
4.224918303938021609e+02,2.895018613326074615e+02,2.027996276855468807e+02,7.968169471782185140e-03,2.663118784267578306e-03,2.666668035089969635e-03,3.395766178770202259e+00,2.933537749724507648e+00,1.274212646484357947e+00,9.920162962685774577e-05,3.324413366267335926e-05,3.333333879709235101e-05
4.258875965725723631e+02,2.924353990823319691e+02,2.040738403320312386e+02,8.067371101409042886e-03,2.696362917930251665e-03,2.700001373887061986e-03,2.824642351865179535e+00,2.743296053530855261e+00,9.056640625000227374e-01,9.919178963989187803e-05,3.324302852676826181e-05,3.333333879709235101e-05
4.287122389244375427e+02,2.951786951358628244e+02,2.049795043945312614e+02,8.166562891048934764e-03,2.729605946457019927e-03,2.733334712684154337e-03,1.988324680856521809e+00,2.455133414816145887e+00,3.454345703124772626e-01,9.918121267944723929e-05,3.324192346477973167e-05,3.333333879709278469e-05
4.307005636052940645e+02,2.976338285506789703e+02,2.053249389648437386e+02,8.265744103728382003e-03,2.762847869921799659e-03,2.766668051481247122e-03,1.667037264117425366e+00,2.347646777323632250e+00,1.719787597656363687e-01,9.917211559391098108e-05,3.324081847581395258e-05,3.333333879709235101e-05
4.323676008694114898e+02,2.999814753280026025e+02,2.054969177246093750e+02,8.364916219322292984e-03,2.796088688397613611e-03,2.800001390278339473e-03,1.879252757953111086e+00,2.420860167750333858e+00,3.223266601562500000e-01,9.916228146044335501e-05,3.323971356075129668e-05,3.333333879709235101e-05
4.342468536273646009e+02,3.024023354957529364e+02,2.058192443847656250e+02,8.464078500782736339e-03,2.829328401958364908e-03,2.833334729075431824e-03,2.007858852478364042e+00,2.457673061708078421e+00,3.993896484374772626e-01,9.915244927757339843e-05,3.323860871891782393e-05,3.333333879709235101e-05
4.362547124798429650e+02,3.048600085574610148e+02,2.062186340332031023e+02,8.563230950060309737e-03,2.862567010677282732e-03,2.866668067872524175e-03,1.797248588198897323e+00,2.377770267025994144e+00,2.554931640625000000e-01,9.914188041192095735e-05,3.323750395030789645e-05,3.333333879709235101e-05
4.380519610680418623e+02,3.072377788244870089e+02,2.064741271972656023e+02,8.662372830472230695e-03,2.895804514627590628e-03,2.900001406669616526e-03,4.967471143539228251e-01,1.912259045693076587e+00,-5.990356445312272626e-01,9.913279083276042847e-05,3.323639925557723973e-05,3.333333879709278469e-05
4.385487081823957851e+02,3.091500378701800855e+02,2.058750915527343750e+02,8.761505621304991123e-03,2.929040913883167868e-03,2.933334745466709310e-03,-1.000601162061173000e+00,1.331688345836994358e+00,-1.710198974609369316e+00,9.912296449664584341e-05,3.323529463383420590e-05,3.333333879709235101e-05
4.375481070203346121e+02,3.104817262160170799e+02,2.041648925781250057e+02,8.860628585801636967e-03,2.962276208517002074e-03,2.966668084263801661e-03,-3.667514337254033308e+00,2.705208801530716300e-01,-3.701458740234357947e+00,9.911314010815040765e-05,3.323419008595613136e-05,3.333333879709235101e-05
4.338805926830805788e+02,3.107522470961701515e+02,2.004634338378906477e+02,8.959741725909787374e-03,2.995510398602958205e-03,3.000001423060894012e-03,-3.967087688558990521e+00,1.305640895919282229e-01,-3.922698974609403422e+00,9.910257932822449933e-05,3.323308561127167812e-05,3.333333879709235101e-05
4.299135049945215883e+02,3.108828111857620797e+02,1.965407348632812443e+02,9.058844305238011874e-03,3.028743484214229884e-03,3.033334761857986363e-03,-1.271130240832974323e+00,1.078097908642973835e+00,-2.145483398437505684e+00,9.909349724595770126e-05,3.323216690486775760e-05,3.333352506160744758e-05
4.286423747536886140e+02,3.119609090944050536e+02,1.943952514648437386e+02,9.157937802483969575e-03,3.061975651119097641e-03,3.066668286919593811e-03,-3.553206965491938263e+00,5.422804213492327108e-02,-3.968225097656244316e+00,9.908367869792579496e-05,3.323087687594813294e-05,3.333333879709235101e-05
4.250891677881966757e+02,3.120151371365399768e+02,1.904270263671874943e+02,9.257021481181895370e-03,3.095206527995045774e-03,3.100001625716686162e-03,-5.498246964959434990e+00,-7.647823481937621182e-01,-5.425476074218750000e+00,9.907312397528997283e-05,3.322977262124396369e-05,3.333333879709235101e-05
4.195909208232372407e+02,3.112503547883462147e+02,1.850015502929687443e+02,9.356094605157185343e-03,3.128436300616289738e-03,3.133334964513778513e-03,-7.344885886566771660e+00,-1.501044615575381158e+00,-6.555474853515619316e+00,9.906404751053483893e-05,3.322848276378527477e-05,3.333315253257768812e-05
4.122460349366704691e+02,3.097493101727708336e+02,1.784460754394531250e+02,9.455158652667720182e-03,3.161664783380075013e-03,3.166668117046356201e-03,-3.892265137293804855e+00,-1.220633378263187296e-01,-3.883819580078125000e+00,9.905423479688452160e-05,3.322775000901175002e-05,3.333352506160744758e-05
4.083537697993766642e+02,3.096272468349445148e+02,1.745622558593750000e+02,9.554212887464604703e-03,3.194892533389086763e-03,3.200001642107963649e-03,-5.368719843880739973e+00,-9.022968059922504835e-01,-5.264550781249994316e+00,9.904442402746370389e-05,3.322627463405803186e-05,3.333315253257725444e-05
4.029850499554959242e+02,3.087249500289522643e+02,1.692977050781250057e+02,9.653257311492068407e-03,3.228118808023144794e-03,3.233334794640540903e-03,-1.015724450344276875e+01,-3.286462831359642678e+00,-9.463146972656261369e+00,9.903387737350728692e-05,3.322554200156429757e-05,3.333352506160744758e-05
3.928278054520531555e+02,3.054384871975926217e+02,1.598345581054687443e+02,9.752291188865575694e-03,3.261344350024709092e-03,3.266668319702148351e-03,-1.140203751821223932e+01,-3.809299413675717005e+00,-1.019664916992186932e+01,9.902480839029878523e-05,3.322406679756367484e-05,3.333315253257768812e-05
3.814257679338409162e+02,3.016291877839169047e+02,1.496379089355468750e+02,9.851315997255874479e-03,3.294568416822272767e-03,3.300001472234726039e-03,-7.276594050515313938e+00,-2.010803742097436952e+00,-7.100701904296869316e+00,9.901500344854617663e-05,3.322333428732284280e-05,3.333352506160744758e-05
3.741491738833256022e+02,2.996183840418194677e+02,1.425372070312500057e+02,9.950331000704420656e-03,3.327791751109595610e-03,3.333334997296333486e-03,-1.342214338664433626e+01,-5.109396019921973675e+00,-1.253429565429686932e+01,9.900520044805495579e-05,3.322223053383102642e-05,3.333352506160701390e-05
3.607270304966812660e+02,2.945089880218974940e+02,1.300029113769531364e+02,1.004933620115247561e-02,3.361013981643426636e-03,3.366668522357940500e-03,-1.814628507796510348e+01,-7.278510906705832895e+00,-1.603702087402345455e+01,9.899466185375044303e-05,3.322075558730586825e-05,3.333315253257768812e-05
3.425807454187161625e+02,2.872304771151916611e+02,1.139658905029296818e+02,1.014833086300622605e-02,3.394234737230732504e-03,3.400001674890518188e-03,-9.758474775140598467e+00,-3.391964756131471859e+00,-9.294235229492187500e+00,9.898560034264820839e-05,3.322002325962256433e-05,3.333352506160744758e-05
3.328222706435755640e+02,2.838385123590601893e+02,1.046716552734374943e+02,1.024731646334887426e-02,3.427454760490355069e-03,3.433335199952125636e-03,-1.245329209897687406e+01,-4.601299591766235153e+00,-1.123135681152342613e+01,9.897580316356457963e-05,3.321854848441262512e-05,3.333315253257725444e-05
3.203689785445986900e+02,2.792372127672939541e+02,9.344029846191406818e+01,1.034629226651243884e-02,3.460673308974767694e-03,3.466668352484702890e-03,-1.824487297855102952e+01,-7.299418545119976898e+00,-1.545980834960937500e+01,9.896527060702063616e-05,3.321781627891717131e-05,3.333352506160744758e-05
3.021241055660476604e+02,2.719377942221739772e+02,7.798049011230469318e+01,1.044525753711945948e-02,3.493891125253684865e-03,3.500001877546310338e-03,-1.165637293112564521e+01,-4.077204869543379573e+00,-9.952960205078127842e+00,9.895621469486678978e-05,3.321634167454670314e-05,3.333315253257768812e-05
2.904677326349220152e+02,2.678605893526305977e+02,6.802752990722656534e+01,1.054421375181432627e-02,3.527107466928231568e-03,3.533335030078888026e-03,-1.172977519411881531e+01,-3.917924807287931799e+00,-9.568684387207028408e+00,9.894642333112789456e-05,3.321560959121394596e-05,3.333352506160744758e-05
2.787379574408031999e+02,2.639426645453426659e+02,5.845884552001953693e+01,1.064316017514545416e-02,3.560323076519445514e-03,3.566668555140495474e-03,-7.870332707529485106e+00,-2.190602049177812205e+00,-6.644973754882819605e+00,9.893663390527981938e-05,3.321413515831395449e-05,3.333315253257725444e-05
2.708676247332737148e+02,2.617520624961648537e+02,5.181387176513671733e+01,1.074209680905073398e-02,3.593537211677759469e-03,3.600001707673072728e-03,-5.955825483152864308e+00,-1.259789922284767272e+00,-5.032164001464842329e+00,9.892610939141351090e-05,3.321340319645390768e-05,3.333352506160744758e-05
2.649117992501208505e+02,2.604922725738800864e+02,4.678170776367187500e+01,1.084102291844214749e-02,3.626750614874213376e-03,3.633335232734680176e-03,-4.492046213716378134e+00,-5.584102716932193289e-01,-3.890501403808592329e+00,9.891706093608822192e-05,3.321192893499273421e-05,3.333315253257768812e-05
2.604197530364044724e+02,2.599338623021868671e+02,4.289120635986328267e+01,1.093993997937823572e-02,3.659962543809206111e-03,3.666668385267257864e-03,-3.739157084561782085e+00,-2.372442371089391600e-01,-3.469656372070311079e+00,9.890727731890272545e-05,3.321119709502216508e-05,3.333352506160701390e-05
2.566805959518426903e+02,2.596966180650779279e+02,3.942154998779297159e+01,1.103884725669713844e-02,3.693173740904228276e-03,3.700001910328864878e-03,-4.165143990513229255e+00,-3.477056390283905785e-01,-3.690962219238286934e+00,9.889749563664861076e-05,3.320972300474523894e-05,3.333315253257768812e-05
2.525154519613294610e+02,2.593489124260495373e+02,3.573058776855468466e+01,1.113774475233378705e-02,3.726383463908973515e-03,3.733335062861442566e-03,-3.857570940356850997e+00,-1.503332010902340699e-01,-3.330303192138671875e+00,9.888697915647580439e-05,3.320899128663769295e-05,3.333352506160744758e-05
2.486578810209726100e+02,2.591985792249593032e+02,3.240028457641601278e+01,1.123663173149026286e-02,3.759592455195611208e-03,3.766668587923050013e-03,-3.257770453120173215e+00,1.146485635225076294e-01,-2.906233215332029829e+00,9.887793814857687158e-05,3.320751736751292177e-05,3.333315253257725444e-05
2.454001105678524368e+02,2.593132277884818109e+02,2.949405136108398295e+01,1.133550966963883973e-02,3.792799972563124129e-03,3.800001740455627268e-03,-3.033449678021924001e+00,1.933987811677297941e-01,-2.827623748779295454e+00,9.886816226875420888e-05,3.320678577146442267e-05,3.333352506160744758e-05
2.423666608898305128e+02,2.595066265696495407e+02,2.666642761230468750e+01,1.143437783190759394e-02,3.826006758334588552e-03,3.833335265517234716e-03,-2.897429171970429707e+00,2.615444857652278188e-01,-2.653900146484375000e+00,9.885765180690092579e-05,3.320531202301692589e-05,3.333315253257768812e-05
2.394692317178600831e+02,2.597681710554147685e+02,2.401252746582031250e+01,1.153323548371449486e-02,3.859212070357605478e-03,3.866668418049812404e-03,-2.884495832997345133e+00,3.188640695820481596e-01,-2.508118438720703836e+00,9.884861637946343316e-05,3.320458054900101916e-05,3.333352506160744758e-05
2.365847358848627380e+02,2.600870351249968166e+02,2.150440902709960866e+01,1.163208410009395830e-02,3.892416650906606497e-03,3.900001943111419851e-03,-2.544205795075924925e+00,4.785188958863386688e-01,-2.343253707885740056e+00,9.883884629603538474e-05,3.320347804121846769e-05,3.333352506160701390e-05
2.340405300897868131e+02,2.605655540208831553e+02,1.916115531921386861e+01,1.173092294638999368e-02,3.925620128947824965e-03,3.933335468173026865e-03,-2.320272126609950192e+00,5.563231035541207348e-01,-2.249608230590823155e+00,9.882907814418376291e-05,3.320200454983227023e-05,3.333315253257768812e-05
2.317202579631768629e+02,2.611218771244372761e+02,1.691154708862304545e+01,1.182975202453417744e-02,3.958822133497657235e-03,3.966668620705604553e-03,-2.428211051292294087e+00,4.671614229168312704e-01,-2.445115661621093395e+00,9.881857569911910166e-05,3.320127325804386048e-05,3.333352506160701390e-05
2.292920469118845688e+02,2.615890385473541073e+02,1.446643142700195206e+01,1.192857060023329654e-02,3.992023406755701095e-03,4.000002145767211567e-03,-2.054445618011556007e+00,6.343917550615287837e-01,-2.138799095153807173e+00,9.880954770390137920e-05,3.319979993769619359e-05,3.333315253257768812e-05
2.272376012938730128e+02,2.622234303024156361e+02,1.232763233184814489e+01,1.202738014793719792e-02,4.025223206693397289e-03,4.033335298299789255e-03,-1.654696048476665737e+00,8.138220675908200974e-01,-1.874865341186524148e+00,9.879978534178997240e-05,3.319906876787445671e-05,3.333352506160788126e-05
2.255829052453963470e+02,2.630372523700064562e+02,1.045276699066162074e+01,1.212617993327898790e-02,4.058422275461271746e-03,4.066668823361397136e-03,-1.450615001716414554e+00,9.173251831015818425e-01,-1.752353429794309747e+00,9.879002490830769700e-05,3.319759561809087350e-05,3.333315253257682076e-05
2.241322902436799325e+02,2.639545775531080380e+02,8.700413560867310991e+00,1.222496995818729559e-02,4.091619871079362619e-03,4.100001975893973957e-03,-1.436397407398402493e+00,9.541825825525052096e-01,-1.783631348609925560e+00,9.877953047108915807e-05,3.319686457021239073e-05,3.333352506160788126e-05
2.226958928362815300e+02,2.649087601356605433e+02,6.916782212257385432e+00,1.232374948865838475e-02,4.124816735649575010e-03,4.133335500955581839e-03,-1.279569899269830557e+00,1.028233900444831761e+00,-1.674115300178527832e+00,9.877050989872543374e-05,3.319539159162346320e-05,3.333315253257768812e-05
2.214163229370116994e+02,2.659369940361053750e+02,5.242666912078857600e+00,1.242251999855711019e-02,4.158012127241198473e-03,4.166668653488159527e-03,-1.234314387086385523e+00,1.051862133930740129e+00,-1.650275516510010032e+00,9.876075524878173695e-05,3.319466066499607987e-05,3.333352506160701390e-05
2.201820085499253139e+02,2.669888561700361151e+02,3.592391395568847567e+00,1.252128075380589192e-02,4.191206787906194553e-03,4.200002178549766541e-03,-1.121672160981574962e+00,1.089026129209116789e+00,-1.422705078124999467e+00,9.875100252496396558e-05,3.319318785757145035e-05,3.333315253257768812e-05
2.190603363889437389e+02,2.680778822992452319e+02,2.169686317443848100e+00,1.262003175633085589e-02,4.224399975763766003e-03,4.233335331082344229e-03,-1.050462937763455784e+00,1.120039941299239672e+00,-1.271543502807617632e+00,9.874125172757743096e-05,3.319245705261323481e-05,3.333352506160701390e-05
2.180098734511802832e+02,2.691979222405444716e+02,8.981428146362304688e-01,1.271877300805843332e-02,4.257592432816379238e-03,4.266668856143951243e-03,-9.111291974045627740e-01,1.170818983807350833e+00,-1.173629570007324041e+00,9.873003171682707968e-05,3.319098441609529687e-05,3.333315253257768812e-05
2.170987442537757204e+02,2.703687412243518224e+02,-2.754867553710935724e-01,1.281750303977526040e-02,4.290783417232474535e-03,4.300002008676528931e-03,-1.037295014659378012e+00,1.102265132135698877e+00,-1.244359397888183949e+00,9.872175605328548098e-05,3.319025373278196300e-05,3.333352506160701390e-05
2.160614492391163424e+02,2.714710063564875213e+02,-1.519846153259277521e+00,1.291622479582854588e-02,4.323973670965256498e-03,4.333335533738135945e-03,-1.055312441836036896e+00,1.082647504558053697e+00,-1.293156623840332031e+00,9.871201102998501675e-05,3.318878126714122634e-05,3.333315253257768812e-05
2.150061367972803055e+02,2.725536538610455750e+02,-2.813002777099609553e+00,1.301493680685853090e-02,4.357162452232397724e-03,4.366668686270713633e-03,-1.040881079963043021e+00,1.090737395719145297e+00,-1.293129539489746627e+00,9.870226793083636263e-05,3.318805070566532844e-05,3.333352506160788126e-05
2.139652557173172625e+02,2.736443912567647203e+02,-4.106132316589356179e+00,1.311363907478936726e-02,4.390350502938063053e-03,4.400002211332321514e-03,-1.053559073553600456e+00,1.091569282356999793e+00,-1.305461502075194957e+00,9.869252675460959967e-05,3.318657841042647882e-05,3.333315253257682076e-05
2.129116966437636620e+02,2.747359605391217201e+02,-5.411593818664551137e+00,1.321233160154397686e-02,4.423537081348489532e-03,4.433335363864898335e-03,-1.083559606219864691e+00,1.086393285619806193e+00,-1.260910487174987438e+00,9.868278750073747330e-05,3.318584797076373077e-05,3.333352506160788126e-05
2.118281370375437973e+02,2.758223538247415263e+02,-6.672504305839538574e+00,1.331101438904471433e-02,4.456722929319253262e-03,4.466668888926506216e-03,-1.071950133999138188e+00,1.102086525814627294e+00,-1.285977101325988414e+00,9.867305016930671968e-05,3.318474670658318887e-05,3.333352506160701390e-05
2.107561869035446591e+02,2.769244403505561536e+02,-7.958481407165526988e+00,1.340968743921402105e-02,4.489907676025836451e-03,4.500002413988113230e-03,-1.102652981138106725e+00,1.102477780548895225e+00,-1.346725082397462359e+00,9.866331475887231417e-05,3.318327466799320807e-05,3.333315253257768812e-05
2.096535339224065524e+02,2.780269181311050488e+02,-9.305206489562989347e+00,1.350835075397289337e-02,4.523090950693829659e-03,4.533335566520690918e-03,-1.056298219817875861e+00,1.091342262708394628e+00,-1.150385856628416192e+00,9.865211129240179788e-05,3.318254441022662482e-05,3.333352506160701390e-05
2.085972357025886765e+02,2.791182603938134434e+02,-1.045559234619140554e+01,1.360700286526529516e-02,4.556273495104056284e-03,4.566669091582297932e-03,-9.735327484862352776e-01,1.143777766426524067e+00,-9.915494918823242188e-01,9.864384984546899215e-05,3.318107254239848619e-05,3.333315253257768812e-05
2.076237029541024413e+02,2.802620381602399675e+02,-1.144714183807372976e+01,1.370564671511076416e-02,4.589454567646454770e-03,4.600002244114875620e-03,-9.050009996257983858e-01,1.149077448015987102e+00,-9.332426071166999293e-01,9.863412019633921446e-05,3.318034240638173538e-05,3.333352506160788126e-05
2.067187019544766429e+02,2.814111156082559546e+02,-1.238038444519042969e+01,1.380428083530710337e-02,4.622634910052836506e-03,4.633335769176483501e-03,-8.177953749906521352e-01,1.203874934946668418e+00,-8.104663848876949572e-01,9.862439246593156239e-05,3.317887070884272677e-05,3.333315253257682076e-05
2.059009065794859907e+02,2.826149905432026230e+02,-1.319085083007812464e+01,1.390290522777303493e-02,4.655813780761679233e-03,4.666668921709060322e-03,-8.566084051207667471e-01,1.200348570831408779e+00,-8.310298919677734375e-01,9.861466665455481673e-05,3.317814069454631809e-05,3.333352506160788126e-05
2.050442981743652240e+02,2.838153391140340318e+02,-1.402188072204589808e+01,1.400151989442758975e-02,4.688991921456225551e-03,4.700002446770668203e-03,-7.736223971323852311e-01,1.225202410977942691e+00,-8.087390899658206678e-01,9.860494276098599742e-05,3.317666916792787885e-05,3.333315253257768812e-05
2.042706757772328388e+02,2.850405415250119745e+02,-1.483061981201171875e+01,1.410012483718857575e-02,4.722168590624153429e-03,4.733335599303245891e-03,-7.146073156235956958e-01,1.241914823032459481e+00,-7.790054321289066053e-01,9.859522078465611516e-05,3.317593927466486181e-05,3.333352506160701390e-05
2.035560684616092431e+02,2.862824563480444340e+02,-1.560962524414062536e+01,1.419872005797323186e-02,4.755344529898818291e-03,4.766669124364852905e-03,-6.967974136992438616e-01,1.224333990951834039e+00,-7.921813964843718026e-01,9.858403176247684807e-05,3.317446791893316482e-05,3.333315253257768812e-05
2.028592710479099992e+02,2.875067903389962680e+02,-1.640180664062499716e+01,1.429730408973570871e-02,4.788518997817751456e-03,4.800002276897430593e-03,-6.515138190600850976e-01,1.272080499856144797e+00,-7.057559967041058258e-01,9.857578272756163662e-05,3.317373814711987307e-05,3.333352506160701390e-05
2.022077572288499141e+02,2.887788708388524128e+02,-1.710756263732910298e+01,1.439587987246327035e-02,4.821692735964871329e-03,4.833335801959037607e-03,-6.508535458910387206e-01,1.271967894435988455e+00,-7.192016601562514211e-01,9.856606650039852202e-05,3.317226696202164871e-05,3.333315253257768812e-05
2.015569036829588754e+02,2.900508387332884013e+02,-1.782676429748535440e+01,1.449444593896366887e-02,4.854865002926892978e-03,4.866668954491615295e-03,-6.599907397624349414e-01,1.265133252612656634e+00,-6.988426208496036907e-01,9.855635218820706089e-05,3.317153731163292874e-05,3.333352506160701390e-05
2.008969129431964404e+02,2.913159719859010579e+02,-1.852560691833495810e+01,1.459300229115187593e-02,4.888036540238525907e-03,4.900002479553222309e-03,-6.504004006766592738e-01,1.266124213969987977e+00,-6.897506713867223027e-01,9.854663979108092831e-05,3.317006629713521726e-05,3.333315253257768812e-05
2.002465125425197812e+02,2.925820961998710459e+02,-1.921535758972168040e+01,1.469154893094295686e-02,4.921206606535661124e-03,4.933335632085799997e-03,-5.527467717560909932e-01,1.318124410463099139e+00,-6.256290435790994309e-01,9.853692930757509960e-05,3.316933676836535810e-05,3.333352506160788126e-05
1.996937657707636902e+02,2.939002206103341450e+02,-1.984098663330077983e+01,1.479008586025053196e-02,4.954375943304026482e-03,4.966669157147407879e-03,-5.758061201426585285e-01,1.324786891448638926e+00,-5.805603027343764211e-01,9.852722073800182501e-05,3.316823659973468230e-05,3.333352506160701390e-05
1.991179596506210316e+02,2.952250075017827839e+02,-2.042154693603515625e+01,1.488861308098853378e-02,4.987544179903761164e-03,5.000002682209014893e-03,-5.786746296018634439e-01,1.328235576797737849e+00,-5.768463134765617895e-01,9.851604613093402352e-05,3.316676584108006060e-05,3.333315253257768812e-05
1.985392850210191682e+02,2.965532430785805218e+02,-2.099839324951171804e+01,1.498712912711946781e-02,5.020710945744841225e-03,5.033335834741592581e-03,-6.042589639693005665e-01,1.321477107613475255e+00,-6.084777832031242895e-01,9.850780948123319392e-05,3.316603649413697730e-05,3.333352506160701390e-05
1.979350260570498676e+02,2.978747201861939971e+02,-2.160687103271484233e+01,1.508563693660070100e-02,5.053876982238978202e-03,5.066669359803199595e-03,-6.744687920794945057e-01,1.284927907773237621e+00,-6.277824401855482961e-01,9.849810664828290152e-05,3.316456590600307119e-05,3.333315253257768812e-05
1.972605572649703731e+02,2.991596480939672347e+02,-2.223465347290039062e+01,1.518413504324898390e-02,5.087041548144981273e-03,5.100002512335777283e-03,-6.274920247822137753e-01,1.295760842589345430e+00,-6.163352966308579539e-01,9.848840572700308382e-05,3.316383668039435406e-05,3.333352506160701390e-05
1.966330652401881594e+02,3.004554089365565801e+02,-2.285098876953124858e+01,1.528262344897598699e-02,5.120205384825375627e-03,5.133336037397384297e-03,-7.312644115272348699e-01,1.246225727866828947e+00,-5.404960632324247172e-01,9.847870671617249549e-05,3.316236626274820382e-05,3.333315253257768812e-05
1.959018008286609245e+02,3.017016346644234090e+02,-2.339148483276367330e+01,1.538110215569215948e-02,5.153367751088123831e-03,5.166669189929961985e-03,-6.309060304473348424e-01,1.285180802365346153e+00,-4.196838378906235789e-01,9.846900961522735141e-05,3.316163715866900924e-05,3.333352506160788126e-05
1.952708947982135896e+02,3.029868154667887552e+02,-2.381116867065429688e+01,1.547957116530738683e-02,5.186529388246792840e-03,5.200002714991569866e-03,-5.594564835506901090e-01,1.309046294806478272e+00,-3.143081665039062500e-01,9.845931442425959190e-05,3.316016691103616798e-05,3.333315253257682076e-05
1.947114383146628995e+02,3.042958617615952335e+02,-2.412547683715820312e+01,1.557803047973164642e-02,5.219689555157829008e-03,5.233335867524146687e-03,-5.605872235285005445e-01,1.308960758175089722e+00,-2.605598449707038355e-01,9.844962114182939650e-05,3.315943792845960775e-05,3.333352506160788126e-05
1.941508510911343990e+02,3.056048225197703232e+02,-2.438603668212890696e+01,1.567648010087347582e-02,5.252848993086288616e-03,5.266669392585754568e-03,-6.246294449372271629e-01,1.286663149765104208e+00,-1.860137939453103684e-01,9.843846297424505010e-05,3.315796785147238218e-05,3.333315253257768812e-05
1.935262216461971718e+02,3.068914856695354274e+02,-2.457205047607421733e+01,1.577491856384772087e-02,5.286006960937760998e-03,5.300002545118332256e-03,-6.567415383051979916e-01,1.276684765753429929e+00,-1.474723815917968750e-01,9.843024044645098947e-05,3.315723898970890371e-05,3.333352506160701390e-05
1.928694801078919738e+02,3.081681704352888573e+02,-2.471952285766601420e+01,1.587334880429417186e-02,5.319164199927469902e-03,5.333336070179939270e-03,-6.603351628417897246e-01,1.250284491188324409e+00,-1.628349304199261383e-01,9.842055288797682544e-05,3.315576908333520145e-05,3.333315253257768812e-05
1.922091449450501841e+02,3.094184549264771817e+02,-2.488235778808594034e+01,1.597176935718214869e-02,5.352319969010805104e-03,5.366669222712516958e-03,-6.808003169223866280e-01,1.255963300530595461e+00,-1.465591430664048289e-01,9.841086723578681972e-05,3.315504034280200574e-05,3.333352506160701390e-05
1.915283446281277975e+02,3.106744182270077772e+02,-2.502891693115234517e+01,1.607018022441793551e-02,5.385475009353607109e-03,5.400002747774123972e-03,-6.589918052331142917e-01,1.253247461139551433e+00,-1.466346740722670461e-01,9.840118349018975308e-05,3.315357060678682244e-05,3.333315253257768812e-05
1.908693528228946832e+02,3.119276656881473286e+02,-2.517555160522461222e+01,1.616858140790812526e-02,5.418628579960393932e-03,5.433335900306701660e-03,-6.465690857712900197e-01,1.268770386014296037e+00,-1.554641723632776973e-01,9.839150164997825798e-05,3.315284198745962335e-05,3.333352506160701390e-05
1.902227837371233932e+02,3.131964360741616247e+02,-2.533101577758788991e+01,1.626697290955810352e-02,5.451781421947853555e-03,5.466669425368308674e-03,-6.127132718057168859e-01,1.281275169108027967e+00,-1.274681091308593750e-01,9.838182171457640623e-05,3.315137242177086663e-05,3.333315253257768812e-05
1.896100704653176763e+02,3.144777112432696526e+02,-2.545848388671874929e+01,1.636535473127267992e-02,5.484932794369624422e-03,5.500002577900886362e-03,-6.408712248504855324e-01,1.266654605254075250e+00,-1.225692749023430395e-01,9.837067789985470823e-05,3.315064392384308584e-05,3.333352506160788126e-05
1.889691992404671907e+02,3.157443658485237279e+02,-2.558105316162109233e+01,1.646372540917253463e-02,5.518083438293467508e-03,5.533336102962494243e-03,-6.638739659477721489e-01,1.252106112851436137e+00,-1.261955261230482961e-01,9.836246770145509744e-05,3.314954499485968376e-05,3.333352506160701390e-05
1.883053252745194186e+02,3.169964719613751640e+02,-2.570724868774414062e+01,1.656208787687398973e-02,5.551232983288327191e-03,5.566669628024101257e-03,-6.756631874086735934e-01,1.242859016235854597e+00,-1.322555541992187500e-01,9.835279347798070448e-05,3.314807568460201997e-05,3.333315253257768812e-05
1.876296620871107450e+02,3.182393309776110186e+02,-2.583950424194335938e+01,1.666044067035197043e-02,5.584381058972929211e-03,5.600002780556678945e-03,-6.626912540919533967e-01,1.243652829619747990e+00,-1.361305236816434672e-01,9.834312115706428381e-05,3.314734736817315230e-05,3.333352506160701390e-05
1.869669708330187916e+02,3.194829838072307666e+02,-2.597563476562500284e+01,1.675878379150903472e-02,5.617528406341102364e-03,5.633336305618285959e-03,-6.870956659887781370e-01,1.237890984378964276e+00,-1.341072082519509934e-01,9.833345073882032716e-05,3.314587822816211782e-05,3.333315253257768812e-05
1.862798751670300135e+02,3.207208747916097309e+02,-2.610974197387695384e+01,1.685711724224785504e-02,5.650674284569264481e-03,5.666669458150863647e-03,-8.016209067914132902e-01,1.192499893752085427e+00,-7.224426269531392109e-02,9.832378222179513627e-05,3.314515003284904116e-05,3.333352506160701390e-05
1.854782542602386002e+02,3.219133746853618163e+02,-2.618198623657226776e+01,1.695544102446965018e-02,5.683819434602113523e-03,5.700002983212470661e-03,-9.620606728351503989e-01,1.151965742833908735e+00,-1.513214111328053946e-02,9.831411560631483915e-05,3.314368106305080885e-05,3.333315253257768812e-05
1.845161935874034498e+02,3.230653404281957251e+02,-2.619711837768554830e+01,1.705375514007596502e-02,5.716963115665164331e-03,5.733336135745048349e-03,-9.501831833103722147e-01,1.162329997470465059e+00,-1.476135253906107891e-02,9.830298611552060195e-05,3.314295298904781223e-05,3.333352506160788126e-05
1.835660104040930776e+02,3.242276704256661901e+02,-2.621187973022460938e+01,1.715205812619148562e-02,5.750106068654212144e-03,5.766669660806656231e-03,-9.238826326460696237e-01,1.139569444384619601e+00,-3.197937011718465783e-02,9.829478821995682458e-05,3.314148418898966997e-05,3.333315253257682076e-05
1.826421277714470079e+02,3.253672398700508097e+02,-2.624385910034179403e+01,1.725035291441144245e-02,5.783247552843201814e-03,5.800002813339233051e-03,-9.132245653976269750e-01,1.159854367213199566e+00,-3.979949951172301326e-02,9.828512730395561059e-05,3.314075623627073253e-05,3.333352506160788126e-05
1.817289032060493810e+02,3.265270942372640093e+02,-2.628365859985351705e+01,1.734863804171539806e-02,5.816388309079472546e-03,5.833336338400840933e-03,-8.819678323729931435e-01,1.174517438063105601e+00,-4.560317993163920391e-02,9.827546828725455819e-05,3.313928760658411965e-05,3.333315253257768812e-05
1.808469353736763878e+02,3.277016116753271149e+02,-2.632926177978515625e+01,1.744691351000265261e-02,5.849527596686056666e-03,5.866669490933418621e-03,-7.968228644606654143e-01,1.200626278595564145e+00,-6.973876953124857891e-02,9.826581116863589149e-05,3.313855977446055617e-05,3.333352506160701390e-05
1.800501125092157224e+02,3.289022379539226790e+02,-2.639900054931640483e+01,1.754517932117128851e-02,5.882666156460517222e-03,5.900003015995025635e-03,-7.935786875380586025e-01,1.203480167226075537e+00,-3.872070312500142109e-02,9.825615594754449900e-05,3.313709131511164557e-05,3.333315253257768812e-05
1.792565338216776638e+02,3.301057181211487546e+02,-2.643772125244140625e+01,1.764343547711883300e-02,5.915803247775628868e-03,5.933336168527603323e-03,-8.636814527888247994e-01,1.193514395088811852e+00,1.517944335937571054e-02,9.824650262407058632e-05,3.313636360400065706e-05,3.333352506160701390e-05
1.783928523688888390e+02,3.312992325162375664e+02,-2.642254180908203054e+01,1.774168197974290359e-02,5.948939611379629525e-03,5.966669693589210337e-03,-7.402207987560416313e-01,1.222991617876004966e+00,2.557067871093821054e-02,9.823685119678821076e-05,3.313489531473704647e-05,3.333315253257768812e-05
1.776526315701327974e+02,3.325222241341135714e+02,-2.639697113037109233e+01,1.783991883093969180e-02,5.982074506694366571e-03,6.000002846121788025e-03,-7.303778328987959867e-01,1.224643987122988165e+00,3.819198608398011174e-02,9.822573804157616606e-05,3.313416772461174470e-05,3.333352506160701390e-05
1.769222537372340014e+02,3.337468681212365595e+02,-2.635877914428711222e+01,1.793814456898126797e-02,6.015208674418978316e-03,6.033336371183395039e-03,-7.286973876080651280e-01,1.224552351506645209e+00,4.244003295898579609e-02,9.821755417403765787e-05,3.313269960540134174e-05,3.333315253257768812e-05
1.761935563496259363e+02,3.349714204727432048e+02,-2.631633911132812642e+01,1.803636212315530563e-02,6.048341374024379657e-03,6.066669523715972727e-03,-7.187380043617395131e-01,1.228464713521361773e+00,4.039154052734517109e-02,9.820790843368190637e-05,3.313197213645688310e-05,3.333352506160788126e-05
1.754748183452641968e+02,3.361998851862645665e+02,-2.627594757080078125e+01,1.813457003158898753e-02,6.081473346160836541e-03,6.100003048777580608e-03,-7.150287590490904677e-01,1.226703094513197811e+00,4.113159179687642109e-02,9.819826458727642926e-05,3.313087444502781087e-05,3.333352506160701390e-05
1.747597895862151063e+02,3.374265882807777643e+02,-2.623481597900390483e+01,1.823276829617626396e-02,6.114604220605864351e-03,6.133336573839187622e-03,-7.317207039245090527e-01,1.218726319176312245e+00,2.117614746093465783e-02,9.818862263514388511e-05,3.312940658083737139e-05,3.333315253257768812e-05
1.740280688822905972e+02,3.386453145999540766e+02,-2.621363983154297017e+01,1.833095691881140785e-02,6.147733627186701723e-03,6.166669726371765310e-03,-7.384702574480002113e-01,1.196402782389668573e+00,-1.705780029296732891e-02,9.817898257606649803e-05,3.312867929306483050e-05,3.333352506160701390e-05
1.732895986248425970e+02,3.398417173823437452e+02,-2.623069763183593750e+01,1.842913590138747434e-02,6.180862306479766553e-03,6.200003251433372324e-03,-7.499596059003863502e-01,1.204735439810065145e+00,-1.756210327148366446e-02,9.816934440948568708e-05,3.312721159884780137e-05,3.333315253257768812e-05
1.725396390189422107e+02,3.410464528221538103e+02,-2.624825973510742116e+01,1.852730524579696003e-02,6.213989518078614355e-03,6.233336403965950012e-03,-7.392409146039256029e-01,1.184252011331523136e+00,-1.790695190429758554e-02,9.815824551648311136e-05,3.312648443197247633e-05,3.333352506160701390e-05
1.718003981043382851e+02,3.422307048334853334e+02,-2.626616668701171875e+01,1.862546349131344314e-02,6.247116002510586831e-03,6.266669929027557026e-03,-7.302971163815641376e-01,1.188825515032249314e+00,-3.066940307617471717e-02,9.815007389644969660e-05,3.312501690769503043e-05,3.333315253257768812e-05
1.710701009879567209e+02,3.434195303485175828e+02,-2.629683609008789347e+01,1.872361356520989284e-02,6.280241019418281861e-03,6.300003081560134714e-03,-7.221221093565191040e-01,1.189370327435938179e+00,-3.776245117187215783e-02,9.814044140486408163e-05,3.312391967729647752e-05,3.333315253257768812e-05
1.703479788786002018e+02,3.446089006759535209e+02,-2.633459854125976562e+01,1.882175400661475692e-02,6.313364939095578339e-03,6.333336234092712402e-03,-7.134346047679684943e-01,1.190087428727963470e+00,-4.494400024414346717e-02,9.813081080355112729e-05,3.312356286406907546e-05,3.333389759063720703e-05
1.696345442738322333e+02,3.457989881046814844e+02,-2.637954254150390909e+01,1.891988481741830805e-02,6.346488501959647414e-03,6.366670131683349609e-03,-7.239042657045047235e-01,1.189624707344592025e+00,-4.371109008788920391e-02,9.812118209260797808e-05,3.312172541002859211e-05,3.333315253257768812e-05
1.689106400081277286e+02,3.469886128120260764e+02,-2.642325363159179830e+01,1.901800599951091603e-02,6.379610227369676007e-03,6.400003284215927297e-03,-7.352977205930244509e-01,1.182945692414762107e+00,-4.228973388671875000e-02,9.811155527059828296e-05,3.312062839767003497e-05,3.333315253257768812e-05
1.681753422875347042e+02,3.481715585044408385e+02,-2.646554336547851705e+01,1.911611755478151431e-02,6.412730855767346042e-03,6.433336436748504986e-03,-1.156420614194615837e+00,1.047533611522169394e+00,3.051757812500355271e-02,9.810193033785163941e-05,3.311953145775439755e-05,3.333315253257682076e-05
1.670189216733400883e+02,3.492190921159630079e+02,-2.643502578735351349e+01,1.921421948511936595e-02,6.445850387225100439e-03,6.466669589281081806e-03,-9.667516787541785561e-01,1.107461722203652243e+00,6.496429443359019729e-02,9.809084567838008417e-05,3.311917483735018347e-05,3.333389759063720703e-05
1.660521699945859098e+02,3.503265538381666602e+02,-2.637006149291992330e+01,1.931231033079774603e-02,6.478969562062450623e-03,6.500003486871719013e-03,-7.681397261193296799e-01,1.172998035773787251e+00,8.807067871093821054e-02,9.808268627950131324e-05,3.311733777203867968e-05,3.333315253257768812e-05
1.652840302684665801e+02,3.514995518739404474e+02,-2.628199081420898509e+01,1.941039301707724735e-02,6.512086899834489302e-03,6.533336639404296702e-03,-7.353325902107030743e-01,1.182855563056250503e+00,6.502990722656321054e-02,9.807306700941251232e-05,3.311624105029747911e-05,3.333315253257768812e-05
1.645486976782558770e+02,3.526824074369966979e+02,-2.621696090698242188e+01,1.950846608408665986e-02,6.545203140884786781e-03,6.566669791936874390e-03,-7.406337697080971338e-01,1.165509320722549091e+00,5.673522949219034217e-02,9.806344962635590856e-05,3.311514440119348729e-05,3.333315253257768812e-05
1.638080639085477799e+02,3.538479167577192470e+02,-2.616022567749023153e+01,1.960652953371301577e-02,6.578318285285980269e-03,6.600002944469452078e-03,-7.704006193768577759e-01,1.137593926234785613e+00,3.330383300780681566e-02,9.805383412912066499e-05,3.311478797307990107e-05,3.333389759063720703e-05
1.630376632891709221e+02,3.549855106839540326e+02,-2.612692184448242472e+01,1.970458336784213643e-02,6.611433073259060170e-03,6.633336842060089285e-03,-7.470968355029299346e-01,1.131376561036461226e+00,7.421875000002131628e-03,9.804422051716554787e-05,3.311295129635599688e-05,3.333315253257768812e-05
0.000000000000000000e+00,0.000000000000000000e+00,0.000000000000000000e+00,0.000000000000000000e+00,0.000000000000000000e+00,0.000000000000000000e+00,0.000000000000000000e+00,0.000000000000000000e+00,0.000000000000000000e+00,0.000000000000000000e+00,0.000000000000000000e+00,0.000000000000000000e+00
