Sigma_1,Sigma_2,Sigma_12,Epsilon_1,Epsilon_2,Epsilon_12,dSigma_1,dSigma_2,dSigma_12,dEpsilon_1,dEpsilon_2,dEpsilon_12
-0.000000000000000000e+00,-0.000000000000000000e+00,-0.000000000000000000e+00,0.000000000000000000e+00,0.000000000000000000e+00,0.000000000000000000e+00,9.637822801806958495e+00,1.095434429194091308e+01,1.575904846191406250e+01,1.333241062473146973e-04,1.333241062473146973e-04,2.000000094994902611e-04
9.637822801806958495e+00,1.095434429194091308e+01,1.575904846191406250e+01,1.333241062473146973e-04,1.333241062473146973e-04,2.000000094994902611e-04,4.815670033640722991e+00,5.473885757174855371e+00,7.872642517089843750e+00,6.665539379159600257e-05,6.665539379159600257e-05,9.999999310821293700e-05
1.445349283544768149e+01,1.642823004911576845e+01,2.363169097900390625e+01,1.999795000389106999e-04,1.999795000389106999e-04,3.000000026077031981e-04,4.813914875286817718e+00,5.471901627119205358e+00,7.868988037109375000e+00,6.665093950772614040e-05,6.665093950772614040e-05,1.000000163912773241e-04
1.926740771073449920e+01,2.190013167623497381e+01,3.150067901611328125e+01,2.666304395466368403e-04,2.666304395466368403e-04,4.000000189989805222e-04,4.812158475134495461e+00,5.469916955227006383e+00,7.865328979492190342e+00,6.664652073144885841e-05,6.664652073144885841e-05,9.999996982514860414e-05
2.407956618586899467e+01,2.737004863146198019e+01,3.936600799560547159e+01,3.332769602780856987e-04,3.332769602780856987e-04,4.999999888241291263e-04,4.810403121032532425e+00,5.467934792565333879e+00,7.861676025390622158e+00,6.664205599510791356e-05,6.664205599510791356e-05,1.000000163912772699e-04
2.888996930690152709e+01,3.283798342402731407e+01,4.722768402099609375e+01,3.999190162731936123e-04,3.999190162731936123e-04,6.000000052154063962e-04,4.808644235072371487e+00,5.465952088422646682e+00,7.858021545410153408e+00,6.663761512720566124e-05,6.663761512720566124e-05,1.000000163912773783e-04
3.369861354197389858e+01,3.830393551244996075e+01,5.508570556640624716e+01,4.665566314003992735e-04,4.665566314003992735e-04,7.000000216066837744e-04,4.806887922762555831e+00,5.463971895674625046e+00,7.854370117187500000e+00,6.663317485134360616e-05,6.663317485134360616e-05,1.000000163912772699e-04
3.850550146473645441e+01,4.376790740812458580e+01,6.294007568359374716e+01,5.331898062517428797e-04,5.331898062517428797e-04,8.000000379979610443e-04,4.805137240521361264e+00,5.461991163837268459e+00,7.850720214843747158e+00,6.662878170556475309e-05,6.662878170556475309e-05,9.999992325901983000e-05
4.331063870525781567e+01,4.922989857196185426e+01,7.079079589843749432e+01,5.998185879573076328e-04,5.998185879573076328e-04,8.999999612569808743e-04,4.803376915191385876e+00,5.460009886291267378e+00,7.847070312500008527e+00,6.662429607150047780e-05,6.662429607150047780e-05,1.000000163912773783e-04
4.811401562044920155e+01,5.468990845825312164e+01,7.863786621093750284e+01,6.664428840288081106e-04,6.664428840288081106e-04,9.999999776482582526e-04,4.801628327901511284e+00,5.458031123397660167e+00,7.843426513671872158e+00,6.661985757060564020e-05,6.661985757060564020e-05,1.000000163912772699e-04
5.291564394835071283e+01,6.014793958165078180e+01,8.648129272460937500e+01,7.330627415994137508e-04,7.330627415994137508e-04,1.099999994039535522e-03,4.799870100720319499e+00,5.456051819733964692e+00,7.839779663085948869e+00,6.661541966061226231e-05,6.661541966061226231e-05,1.000000163912772699e-04
5.771551404907103233e+01,6.560399140138474650e+01,9.432107238769532387e+01,7.996781612600260131e-04,7.996781612600260131e-04,1.200000010430812792e-03,4.798041143153177757e+00,5.454029213662948905e+00,7.836029052734375000e+00,6.661098234228991083e-05,6.661098234228991083e-05,1.000000163912772699e-04
6.251355519222421009e+01,7.105802061504769540e+01,1.021571014404296989e+02,8.662891436023159239e-04,8.662891436023159239e-04,1.300000026822090062e-03,4.792845516487197699e+00,5.450368789400613423e+00,7.827993774414053973e+00,6.660654561463244614e-05,6.660654561463244614e-05,1.000000163912774867e-04
6.730640070871140779e+01,7.650838940444830882e+01,1.099850952148437528e+02,9.328956892169483700e-04,9.328956892169483700e-04,1.400000043213367549e-03,4.788840099782177617e+00,5.446939654202481051e+00,7.820996093749997158e+00,6.660210947818793244e-05,6.660210947818793244e-05,9.999992325901972158e-05
7.209524080849358540e+01,8.195532905865078988e+01,1.178060913085937500e+02,9.994977986951363025e-04,9.994977986951363025e-04,1.499999966472387270e-03,4.784638234512485155e+00,5.443662439579085799e+00,7.814501953125002842e+00,6.659767393283775802e-05,6.659767393283775802e-05,1.000001095235348181e-04
7.687987904300607056e+01,8.739899149822987567e+01,1.256205932617187528e+02,1.066095472627974061e-03,1.066095472627974061e-03,1.600000075995922089e-03,4.778522844539267567e+00,5.439620629918024974e+00,7.805780029296883527e+00,6.659333200475917904e-05,6.659333200475917904e-05,1.000000163912772699e-04
8.165840188754533813e+01,9.283861212814790065e+01,1.334263732910156364e+02,1.132688804632733240e-03,1.132688804632733240e-03,1.700000092387199358e-03,4.773854359981925199e+00,5.435651181421079059e+00,7.797753906249994316e+00,6.658880460742389387e-05,6.658880460742389387e-05,9.999983012676239014e-05
8.643225624752726333e+01,9.827426330956897971e+01,1.412241271972656307e+02,1.199277609240157133e-03,1.199277609240157133e-03,1.799999922513961749e-03,4.767369782731904593e+00,5.431014677664464330e+00,7.788421630859346578e+00,6.658437083376296008e-05,6.658437083376296008e-05,1.000000163912772699e-04
9.119962603025916792e+01,1.037052779872334440e+02,1.490125488281249773e+02,1.265861980073920093e-03,1.265861980073920093e-03,1.899999938905239018e-03,4.758164097503154721e+00,5.422917907401995308e+00,7.772802734375034106e+00,6.657993765072441235e-05,6.657993765072441235e-05,1.000000163912774867e-04
9.595779012776232264e+01,1.091281958946354393e+02,1.567853515625000114e+02,1.332441917724644506e-03,1.332441917724644506e-03,1.999999955296516505e-03,4.749200929368512902e+00,5.414324298766914012e+00,7.755157470703125000e+00,6.657550505752523988e-05,6.657550505752523988e-05,1.000000163912770530e-04
1.007069910571308355e+02,1.145425201934023534e+02,1.645405090332031364e+02,1.399017422782169746e-03,1.399017422782169746e-03,2.099999971687793558e-03,4.744575696607142845e+00,5.408956212585906087e+00,7.746008300781227263e+00,6.657107305493435885e-05,6.657107305493435885e-05,1.000000163912774867e-04
1.054515667537379784e+02,1.199514764059882594e+02,1.722865173339843636e+02,1.465588495837104105e-03,1.465588495837104105e-03,2.199999988079071045e-03,4.739228094873425334e+00,5.402547721952387860e+00,7.735870361328125000e+00,6.656664164194736437e-05,6.656664164194736437e-05,1.000000163912774867e-04
1.101907948486114037e+02,1.253540241279406473e+02,1.800223876953124886e+02,1.532155137479051469e-03,1.532155137479051469e-03,2.300000004470348532e-03,4.729355471188355864e+00,5.393802534554680506e+00,7.719677734375011369e+00,6.656221081911134485e-05,6.656221081911134485e-05,1.000000163912770530e-04
1.149201503197997596e+02,1.307478266624953278e+02,1.877420654296875000e+02,1.598717348298162814e-03,1.598717348298162814e-03,2.400000020861625585e-03,4.719884253757143711e+00,5.385752417959821514e+00,7.705584716796863631e+00,6.655778058630812226e-05,6.655778058630812226e-05,1.000000163912774867e-04
1.196400345735569033e+02,1.361335790804551493e+02,1.954476501464843636e+02,1.665275128884470936e-03,1.665275128884470936e-03,2.500000037252903071e-03,4.709995261267891919e+00,5.375242684681012406e+00,7.689282226562511369e+00,6.655335094275576999e-05,6.655335094275576999e-05,1.000000163912770530e-04
1.243500298348247952e+02,1.415088217651361617e+02,2.031369323730468750e+02,1.731828479827226706e-03,1.731828479827226706e-03,2.600000053644180124e-03,4.699076932851397714e+00,5.363740160885356545e+00,7.671374511718738631e+00,6.654892188922212001e-05,6.654892188922212001e-05,1.000000163912774867e-04
1.290491067676761929e+02,1.468725619260215183e+02,2.108083068847656136e+02,1.798377401716448826e-03,1.798377401716448826e-03,2.700000070035457611e-03,4.687728256135585525e+00,5.353335881719715417e+00,7.653826904296892053e+00,6.654449342470385165e-05,6.654449342470385165e-05,1.000000163912774867e-04
1.337368350238117785e+02,1.522258978077412337e+02,2.184621337890625057e+02,1.864921895141152678e-03,1.864921895141152678e-03,2.800000086426735098e-03,4.676291574869253509e+00,5.340972482289600975e+00,7.636181640624982947e+00,6.654006554974783647e-05,6.654006554974783647e-05,9.999983012676239014e-05
1.384131265986810320e+02,1.575668702900308347e+02,2.260983154296874886e+02,1.931461960690900514e-03,1.931461960690900514e-03,2.899999916553497488e-03,4.662846529361644343e+00,5.327481180039995934e+00,7.616284179687511369e+00,6.653563826423633011e-05,6.653563826423633011e-05,1.000000163912770530e-04
1.430759731280426763e+02,1.628943514700708306e+02,2.337145996093750000e+02,1.997997598955136844e-03,1.997997598955136844e-03,2.999999932944774541e-03,4.643649514490419961e+00,5.309717984916545674e+00,7.588317871093750000e+00,6.653121156738718914e-05,6.653121156738718914e-05,1.000000163912774867e-04
1.477196226425330963e+02,1.682040694549873763e+02,2.413029174804687500e+02,2.064528810522524033e-03,2.064528810522524033e-03,3.099999949336052028e-03,4.615102476893781613e+00,5.284599026496294982e+00,7.549731445312488631e+00,6.652678545996824552e-05,6.652678545996824552e-05,1.000002026557921496e-04
1.523347251194268779e+02,1.734886684814836713e+02,2.488526489257812386e+02,2.131055595982492279e-03,2.131055595982492279e-03,3.200000151991844177e-03,4.586696454804410905e+00,5.256465411385732978e+00,7.509094238281250000e+00,6.652254579665511577e-05,6.652254579665511577e-05,9.999983012676239014e-05
1.569214215742312888e+02,1.787451338928694042e+02,2.563617431640624886e+02,2.197578141779147395e-03,2.197578141779147395e-03,3.299999982118606567e-03,4.555446133725411073e+00,5.225487525918651954e+00,7.465490722656284106e+00,6.651793499859795511e-05,6.651793499859795511e-05,1.000002026557921496e-04
1.614768677079566999e+02,1.839706214187880562e+02,2.638272338867187727e+02,2.264096076777745350e-03,2.264096076777745350e-03,3.400000184774398717e-03,4.521668967619405066e+00,5.189523497612640313e+00,7.417590332031238631e+00,6.651351065743976027e-05,6.651351065743976027e-05,9.999983012676239014e-05
1.659985366755761049e+02,1.891601449164006965e+02,2.712448242187500114e+02,2.330609587435185110e-03,2.330609587435185110e-03,3.500000014901161107e-03,4.494198886454938702e+00,5.159303229057371709e+00,7.376977539062465894e+00,6.650908690435542586e-05,6.650908690435542586e-05,9.999983012676239014e-05
1.704927355620310436e+02,1.943194481454580682e+02,2.786218017578124773e+02,2.397118674339540536e-03,2.397118674339540536e-03,3.599999845027923497e-03,4.462256647943121379e+00,5.128538359284618764e+00,7.329211425781295475e+00,6.650466373989399188e-05,6.650466373989399188e-05,1.000002026557921496e-04
1.749549922099741650e+02,1.994479865047426870e+02,2.859510131835937727e+02,2.463623338079434528e-03,2.463623338079434528e-03,3.700000047683715647e-03,4.382029182700534875e+00,5.069999293739130053e+00,7.206872558593715894e+00,6.650024116393662976e-05,6.650024116393662976e-05,9.999983012676239014e-05
1.793370213926746999e+02,2.045179857984818170e+02,2.931578857421874886e+02,2.530123579243371158e-03,2.530123579243371158e-03,3.799999877810478037e-03,4.337118921862327170e+00,5.031825965397899836e+00,7.132421875000034106e+00,6.649581917570141290e-05,6.649581917570141290e-05,1.000002026557925833e-04
1.836741403145370271e+02,2.095498117638797169e+02,3.002903076171875227e+02,2.596619398419072570e-03,2.596619398419072570e-03,3.900000080466270620e-03,4.285431096802454931e+00,4.984844627695338204e+00,7.042126464843704525e+00,6.649139777595855852e-05,6.649139777595855852e-05,9.999983012676239014e-05
1.879595714113394820e+02,2.145346563915750551e+02,3.073324340820312273e+02,2.663110796195031129e-03,2.663110796195031129e-03,3.999999910593033010e-03,4.242778500386890528e+00,4.952774829629731812e+00,6.976440429687500000e+00,6.648697696370322804e-05,6.648697696370322804e-05,1.000002026557917159e-04
1.922023499117263725e+02,2.194874312212047869e+02,3.143088745117187273e+02,2.729597773158734357e-03,2.729597773158734357e-03,4.100000113248824726e-03,4.218368928769052673e+00,4.930271130147502845e+00,6.930541992187500000e+00,6.648255673948272673e-05,6.648255673948272673e-05,9.999983012676239014e-05
1.964207188404954252e+02,2.244177023513522897e+02,3.212394165039062273e+02,2.796080329898217084e-03,2.796080329898217084e-03,4.199999943375587116e-03,4.187759912221736158e+00,4.902670129281489153e+00,6.864636230468761369e+00,6.647813710318082811e-05,6.647813710318082811e-05,1.000002026557925833e-04
2.006084787527171613e+02,2.293203724806337789e+02,3.281040527343749886e+02,2.862558467001397912e-03,2.862558467001397912e-03,4.300000146031379700e-03,4.133503758819387031e+00,4.851140987329330301e+00,6.730249023437522737e+00,6.647371805401560557e-05,6.647371805401560557e-05,9.999983012676239014e-05
2.047419825115365484e+02,2.341715134679631092e+02,3.348343017578125114e+02,2.929032185055413517e-03,2.929032185055413517e-03,4.399999976158142090e-03,4.029013213732525855e+00,4.788239330841349783e+00,6.447509765625000000e+00,6.646929959275467426e-05,6.646929959275467426e-05,1.000002026557925833e-04
2.087709957252690742e+02,2.389597527988044590e+02,3.412818115234375114e+02,2.995501484648168192e-03,2.995501484648168192e-03,4.500000178813934673e-03,3.988944348707690324e+00,4.752287317734527505e+00,6.352893066406238631e+00,6.646488171839623135e-05,6.646488171839623135e-05,9.999983012676239014e-05
2.127599400739767646e+02,2.437120401165389865e+02,3.476347045898437500e+02,3.061966366366564423e-03,3.061966366366564423e-03,4.600000008940697063e-03,9.742190687522054304e-01,1.173684747198876721e+00,1.527722167968761369e+00,1.661548378252553082e-05,1.661548378252553082e-05,2.500005066394771214e-05
2.137341591427289700e+02,2.448857248637378632e+02,3.491624267578125114e+02,3.078581850149089954e-03,3.078581850149089954e-03,4.625000059604644775e-03,3.301783103416227050e+00,3.964805690401249194e+00,5.055908203125000000e+00,5.690739760609835746e-05,5.690739760609835746e-05,8.562691509723680677e-05
2.170359422461451970e+02,2.488505305541391124e+02,3.542183349609375114e+02,3.135489247755188311e-03,3.135489247755188311e-03,4.710626974701881582e-03,3.932241418916675002e+00,4.703633558714045648e+00,6.036755371093761369e+00,6.787501736543700634e-05,6.787501736543700634e-05,1.021359115839001047e-04
2.209681836650618720e+02,2.535541641128531580e+02,3.602550903320312727e+02,3.203364265120625318e-03,3.203364265120625318e-03,4.812762886285781687e-03,4.674487157772631463e+00,5.601284976812877403e+00,7.119592285156272737e+00,8.202399621787866829e-05,8.202399621787866829e-05,1.234356313943862915e-04
2.256426708228345035e+02,2.591554490896660354e+02,3.673746826171875455e+02,3.285388261338503986e-03,3.285388261338503986e-03,4.936198517680167978e-03,5.799923181554618168e+00,6.926101715571064688e+00,8.913159179687454525e+00,1.025200709314148632e-04,1.025200709314148632e-04,1.542951911687852687e-04
2.314425940043891217e+02,2.660815508052371001e+02,3.762878417968750000e+02,3.387908332269918849e-03,3.387908332269918849e-03,5.090493708848953247e-03,3.710345569888630735e+00,4.429498889851970489e+00,5.686328124999988631e+00,6.643899204871210259e-05,6.643899204871210259e-05,9.999983012676239014e-05
2.351529395742777524e+02,2.705110496950890706e+02,3.819741699218749886e+02,3.454347324318630952e-03,3.454347324318630952e-03,5.190493538975715637e-03,3.650296523348345090e+00,4.362832033848178526e+00,5.527001953125022737e+00,6.643420698268726401e-05,6.643420698268726401e-05,1.000002026557925833e-04
2.388032360976260975e+02,2.748738817289372491e+02,3.875011718750000114e+02,3.520781531301318216e-03,3.520781531301318216e-03,5.290493741631508220e-03,3.552331305562518082e+00,4.315753415554809180e+00,5.436645507812443157e+00,6.643016496696730472e-05,6.643016496696730472e-05,9.999983012676239014e-05
2.423555674031886156e+02,2.791896351444920583e+02,3.929378173828124545e+02,3.587211696268285521e-03,3.587211696268285521e-03,5.390493571758270611e-03,3.470494047682109340e+00,4.259378296183797374e+00,5.320410156250034106e+00,6.642538112298836811e-05,6.642538112298836811e-05,1.000002026557917159e-04
2.458260614508707249e+02,2.834490134406758557e+02,3.982582275390624886e+02,3.653637077391273889e-03,3.653637077391273889e-03,5.490493774414062327e-03,3.405304005964865155e+00,4.213259655383524205e+00,5.216687011718761369e+00,6.642134023044244523e-05,6.642134023044244523e-05,9.999983012676239014e-05
2.492313654568355901e+02,2.876622730960593799e+02,4.034749145507812500e+02,3.720058417621716334e-03,3.720058417621716334e-03,5.590493604540824717e-03,3.382913871158024222e+00,4.185241938126409877e+00,5.208178710937545475e+00,6.641655760780684759e-05,6.641655760780684759e-05,9.999983012676239014e-05
2.526142793279936143e+02,2.918475150341857898e+02,4.086830932617187955e+02,3.786474975229523181e-03,3.786474975229523181e-03,5.690493434667587107e-03,3.356769600616814841e+00,4.131705593364017659e+00,5.132019042968750000e+00,6.641251783842411910e-05,6.641251783842411910e-05,1.000002026557925833e-04
2.559710489286104291e+02,2.959792206275498074e+02,4.138151123046875455e+02,3.852887493067947301e-03,3.852887493067947301e-03,5.790493637323379690e-03,3.283070663525535338e+00,4.040486593553794137e+00,5.002111816406227263e+00,6.640810750857669906e-05,6.640810750857669906e-05,9.999983012676239014e-05
2.592541195921359645e+02,3.000197072211036016e+02,4.188172241210937727e+02,3.919295600576524000e-03,3.919295600576524000e-03,5.890493467450142080e-03,8.103020988243656575e-01,1.003581139894777152e+00,1.237048339843738631e+00,1.660124506528640881e-05,1.660124506528640881e-05,2.500005066394771214e-05
2.600644216909603301e+02,3.010232883609983787e+02,4.200542724609375114e+02,3.935896845641810408e-03,3.935896845641810408e-03,5.915493518114089792e-03,3.008672563105108111e+00,3.734543159698091586e+00,4.581518554687534106e+00,6.225212177563346772e-05,6.225212177563346772e-05,9.374991059303301039e-05
2.630730942540654382e+02,3.047578315206964703e+02,4.246357910156250455e+02,3.998148967417443876e-03,3.998148967417443876e-03,6.009243428707122803e-03,5.840588607505424079e+00,7.237327513778552657e+00,8.839135742187409051e+00,1.224183758226689983e-04,1.224183758226689983e-04,1.843750476837159938e-04
2.689136828615708623e+02,3.119951590344750230e+02,4.334749267578124545e+02,4.120567343240112874e-03,4.120567343240112874e-03,6.193618476390838797e-03,7.790727396512693304e-01,9.685309394421892648e-01,1.180053710937500000e+00,1.659827505881474735e-05,1.659827505881474735e-05,2.500005066394771214e-05
2.696927556012221316e+02,3.129636899739172122e+02,4.346549804687499545e+02,4.137165618298927622e-03,4.137165618298927622e-03,6.218618527054786509e-03,2.444173301774810625e+00,3.171945906971757267e+00,3.825610351562545475e+00,5.432310749031634550e-05,5.432310749031634550e-05,8.182488381862623034e-05
2.721369289029969423e+02,3.161356358808889695e+02,4.384805908203125000e+02,4.191488725789243967e-03,4.191488725789243967e-03,6.300443410873412739e-03,2.867949018021363372e+00,3.899757704052433382e+00,4.579150390625045475e+00,6.702884673316557990e-05,6.702884673316557990e-05,1.009695231914521998e-04
2.750048779210183056e+02,3.200353935849414029e+02,4.430597412109375455e+02,4.258517572522409547e-03,4.258517572522409547e-03,6.401412934064864939e-03,2.753140172415385223e+00,3.847122536371671231e+00,4.625683593749954525e+00,6.809668655071397791e-05,6.809668655071397791e-05,1.025848090648656327e-04
2.777580180934336909e+02,3.238825161213130741e+02,4.476854248046875000e+02,4.326614259073123525e-03,4.326614259073123525e-03,6.503997743129730572e-03,2.438452022857291013e+00,3.655171112403877487e+00,4.263110351562545475e+00,6.456594029283137942e-05,6.456594029283137942e-05,9.727180004119855700e-05
2.801964701162909819e+02,3.275376872337169516e+02,4.519485351562500455e+02,4.391180199365954905e-03,4.391180199365954905e-03,6.601269543170929129e-03,2.352323030299714901e+00,3.733021952060482818e+00,4.329370117187409051e+00,6.726060973716915109e-05,6.726060973716915109e-05,1.013390719890594482e-04
2.825487931465906968e+02,3.312707091857774344e+02,4.562779052734374545e+02,4.458440809103124056e-03,4.458440809103124056e-03,6.702608615159988577e-03,2.361542880237493591e+00,3.817192120671620614e+00,4.339135742187522737e+00,6.898979373949707533e-05,6.898979373949707533e-05,1.039505004882812500e-04
2.849103360268281904e+02,3.350879013064490550e+02,4.606170410156249773e+02,4.527430602842621131e-03,4.527430602842621131e-03,6.806559115648269827e-03,2.095597927334722499e+00,3.444793321016220489e+00,3.983740234375034106e+00,6.254793790769208606e-05,6.254793790769208606e-05,9.425133466720546360e-05
2.870059339541629129e+02,3.385326946274652755e+02,4.646007812500000114e+02,4.589978540750313217e-03,4.589978540750313217e-03,6.900810450315475290e-03,1.756703605469454033e+00,3.574264206395923793e+00,3.948535156249988631e+00,6.821168564188819644e-05,6.821168564188819644e-05,1.027919352054595947e-04
2.887626375596323669e+02,3.421069588338611993e+02,4.685493164062500000e+02,4.658190226392201413e-03,4.658190226392201413e-03,7.003602385520934885e-03,7.974549693403218953e-01,3.092408764981598779e+00,3.177612304687500000e+00,6.412222454581315706e-05,6.412222454581315706e-05,9.663552045822195596e-05
2.895600925289726888e+02,3.451993675988427981e+02,4.717269287109375000e+02,4.722312450938014571e-03,4.722312450938014571e-03,7.100237905979156841e-03,-3.782724250669389221e-02,2.970055569302701315e+00,2.698315429687511369e+00,6.836615998759634771e-05,6.836615998759634771e-05,1.030385494232176000e-04
2.895222652864659949e+02,3.481694231681454994e+02,4.744252441406250114e+02,4.790678610925610918e-03,4.790678610925610918e-03,7.203276455402374441e-03,-2.584403755701032424e-01,2.735588875368364370e+00,2.383764648437477263e+00,6.580089735353043118e-05,6.580089735353043118e-05,9.917914867401105700e-05
2.892638249108958917e+02,3.509050120435138638e+02,4.768090087890624886e+02,4.856479508279141349e-03,4.856479508279141349e-03,7.302455604076385498e-03,-2.554376760543573255e+01,-1.082037456659946884e+01,-2.391831054687497726e+01,6.569388401811426803e-05,6.569388401811426803e-05,9.902343153953517552e-05
2.637200573054601591e+02,3.400846374769143949e+02,4.528906982421875114e+02,4.922173392297255617e-03,4.922173392297255617e-03,7.401479035615920674e-03,-2.389940063269756365e+01,-1.075622850499098604e+01,-2.308449707031246589e+01,6.661440364097437339e-05,6.661440364097437339e-05,1.004181802272798366e-04
2.398206566727625955e+02,3.293284089719234089e+02,4.298062011718750455e+02,4.988787795938229991e-03,4.988787795938229991e-03,7.501897215843200510e-03,-1.071740926435677466e+01,-4.029282420241486307e+00,-9.028491210937545475e+00,6.591647913213941057e-05,6.591647913213941057e-05,9.937286376953107653e-05
2.291032474084058208e+02,3.252991265516819226e+02,4.207777099609375000e+02,5.054704275070369401e-03,5.054704275070369401e-03,7.601270079612731587e-03,-1.020788484551630404e+01,-3.814971949970640708e+00,-8.386413574218750000e+00,6.660557605423812755e-05,6.660557605423812755e-05,1.004181802272798366e-04
2.188953625628895168e+02,3.214841546017112819e+02,4.123912963867187500e+02,5.121309851124607529e-03,5.121309851124607529e-03,7.701688259840011423e-03,-1.155726195040278981e+01,-4.761614101228872187e+00,-9.604016113281261369e+00,6.660114004693792195e-05,6.660114004693792195e-05,1.004189252853393555e-04
2.073381006124867270e+02,3.167225405004824097e+02,4.027872802734374886e+02,5.187910991171545451e-03,5.187910991171545451e-03,7.802107185125350779e-03,-1.046195663429281808e+01,-4.320386563779379685e+00,-8.609533691406227263e+00,6.564802781074477456e-05,6.564802781074477456e-05,9.898692369461007529e-05
1.968761439781939089e+02,3.124021539367030300e+02,3.941777465820312614e+02,5.253559018982290225e-03,5.253559018982290225e-03,7.901094108819960854e-03,-7.446070244338415023e+00,-2.407216796213504040e+00,-5.418749999999988631e+00,6.666755510793299921e-05,6.666755510793299921e-05,1.005321741104139854e-04
1.894300737338554939e+02,3.099949371404895260e+02,3.887589965820312727e+02,5.320226574090223225e-03,5.320226574090223225e-03,8.001626282930374839e-03,-9.200577095137987271e+00,-3.476810358765874298e+00,-6.898364257812545475e+00,6.666348136905638627e-05,6.666348136905638627e-05,1.005321741104122507e-04
1.802294966387175066e+02,3.065181267817236517e+02,3.818606323242187273e+02,5.386890055459279611e-03,5.386890055459279611e-03,8.102158457040787090e-03,-9.103038340428412312e+00,-3.426193271292504505e+00,-6.562377929687500000e+00,6.665866714227700746e-05,6.665866714227700746e-05,1.005314290523518644e-04
1.711264582982890943e+02,3.030919335104311472e+02,3.752982543945312273e+02,5.453548722601556618e-03,5.453548722601556618e-03,8.202689886093138955e-03,-8.140783091145664230e+00,-2.988915863323768463e+00,-5.712487792968715894e+00,6.665422406076145639e-05,6.665422406076145639e-05,1.005321741104139854e-04
1.629856752071434300e+02,3.001030176471073787e+02,3.695857666015625114e+02,5.520202946662318075e-03,5.520202946662318075e-03,8.303222060203552940e-03,-7.103504166005876641e+00,-2.312008251528880010e+00,-4.532409667968806843e+00,6.665015202494180974e-05,6.665015202494180974e-05,1.005314290523518644e-04
1.558821710411375534e+02,2.977910093955784987e+02,3.650533569335937045e+02,5.586853098687259885e-03,5.586853098687259885e-03,8.403753489255904804e-03,-6.465507687596897313e+00,-1.850534154813260557e+00,-3.869946289062454525e+00,6.831152736210682752e-05,6.831152736210682752e-05,1.030452549457550049e-04
1.494166633535406561e+02,2.959404752407652381e+02,3.611834106445312500e+02,5.655164626049366712e-03,5.655164626049366712e-03,8.506798744201659809e-03,-6.581720651357954921e+00,-1.926586087484679410e+00,-3.951513671874977263e+00,6.497471063089243354e-05,6.497471063089243354e-05,9.801909327507123126e-05
1.428349427021827012e+02,2.940138891532805587e+02,3.572318969726562727e+02,5.720139336680259146e-03,5.720139336680259146e-03,8.604817837476731041e-03,-7.485567202327047198e+00,-2.549600604640716028e+00,-4.573242187500000000e+00,6.386045932561378730e-05,6.386045932561378730e-05,9.634271264076163521e-05
1.353493754998556540e+02,2.914642885486398427e+02,3.526586547851562727e+02,5.783999796005872933e-03,5.783999796005872933e-03,8.701160550117492676e-03,-6.336294342660465873e+00,-1.786484649115664070e+00,-3.537719726562500000e+00,6.998836167180014223e-05,6.998836167180014223e-05,1.055955886840823782e-04
1.290130811571951881e+02,2.896778038995241786e+02,3.491209350585937727e+02,5.853988157677673075e-03,5.853988157677673075e-03,8.806756138801575054e-03,-5.484036236653054175e+00,-1.290633359758771803e+00,-2.889184570312522737e+00,6.490846623093213946e-05,6.490846623093213946e-05,9.793788194656372070e-05
1.235290449205421339e+02,2.883871705397654068e+02,3.462317504882812500e+02,5.918896623908605215e-03,5.918896623908605215e-03,8.904694020748138775e-03,-5.100486520803613644e+00,-1.050576216888600811e+00,-2.492724609374988631e+00,6.490425339517047476e-05,6.490425339517047476e-05,9.793788194656372070e-05
1.184285583997385203e+02,2.873365943228768060e+02,3.437390258789062614e+02,5.983800877303775689e-03,5.983800877303775689e-03,9.002631902694702495e-03,-5.046916325701388928e+00,-1.074663144686383021e+00,-2.418823242187556843e+00,6.490004110667590281e-05,6.490004110667590281e-05,9.793788194656372070e-05
1.133816420740371314e+02,2.862619311781904230e+02,3.413202026367187045e+02,6.048700918410451592e-03,6.048700918410451592e-03,9.100569784641266216e-03,-5.046864950642813596e+00,-9.285828857465503461e-01,-2.239257812499943157e+00,7.210621711144140494e-05,7.210621711144140494e-05,1.088194549083709717e-04
1.083347771233943178e+02,2.853333482924438727e+02,3.390809448242187614e+02,6.120807135521892997e-03,6.120807135521892997e-03,9.209389239549637188e-03,-4.376166667732718452e+00,-5.252498210230669429e-01,-1.757324218750000000e+00,7.029837096621163045e-05,7.029837096621163045e-05,1.060992479324333881e-04
1.039586104556615993e+02,2.848080984714208057e+02,3.373236206054687614e+02,6.191105506488104628e-03,6.191105506488104628e-03,9.315488487482070576e-03,-4.685241501687713139e+00,-8.240047508199381809e-01,-2.203417968749988631e+00,6.488658885861042086e-05,6.488658885861042086e-05,9.793788194656372070e-05
9.927336895397388616e+01,2.839840937206008675e+02,3.351202026367187727e+02,6.255992095346715048e-03,6.255992095346715048e-03,9.413426369428634297e-03,-4.644040302412548726e+00,-7.837965645084636890e-01,-1.977966308593750000e+00,6.488237886236817437e-05,6.488237886236817437e-05,9.793788194656372070e-05
9.462932865156133744e+01,2.832002971560924038e+02,3.331422363281250227e+02,6.320874474209083223e-03,6.320874474209083223e-03,9.511364251375198017e-03,-4.493571100222055748e+00,-8.829702775568080142e-01,-1.797338867187477263e+00,5.930283812680472999e-05,5.930283812680472999e-05,8.952096104621921902e-05
9.013575755133928169e+01,2.823173268785355958e+02,3.313448974609375455e+02,6.380177312335887953e-03,6.380177312335887953e-03,9.600885212421417236e-03,-4.366977066459327261e+00,-2.992211921844614153e-01,-1.320117187500045475e+00,7.526397960858771663e-05,7.526397960858771663e-05,1.136235892772678030e-04
8.576878048487995443e+01,2.820181056863511344e+02,3.300247802734375000e+02,6.455441291944475669e-03,6.455441291944475669e-03,9.714508801698685039e-03,-3.189273571795425255e+00,-4.065254642483751013e-02,-8.212768554687386313e-01,6.157547386237936793e-05,6.157547386237936793e-05,9.296387434005667916e-05
8.257950691308452917e+01,2.819774531399262969e+02,3.292035034179687614e+02,6.517016765806855037e-03,6.517016765806855037e-03,9.807472676038741718e-03,-3.344344952635779578e+00,7.203245415155379305e-02,-8.348876953124886313e-01,6.659078115054620911e-05,6.659078115054620911e-05,1.005426049232489849e-04
7.923516196044874960e+01,2.820494855940778507e+02,3.283686157226562727e+02,6.583607546957401246e-03,6.583607546957401246e-03,9.908015280961990703e-03,-2.907658540141184744e+00,2.317653373127086525e-01,-5.855957031250227374e-01,6.240762245617297727e-05,6.240762245617297727e-05,9.423270821571315403e-05
7.632750342030756485e+01,2.822812509313905593e+02,3.277830200195312500e+02,6.646015169413574224e-03,6.646015169413574224e-03,1.000224798917770386e-02,-2.866446194914217926e+00,4.804696208741461305e-01,-3.380493164062272626e-01,7.020336512743741847e-05,7.020336512743741847e-05,1.060120761394497263e-04
7.346105722539334693e+01,2.827617205522647055e+02,3.274449707031250227e+02,6.716218534541011642e-03,6.716218534541011642e-03,1.010826006531715358e-02,-2.941333833625293437e+00,3.550520242729362508e-01,-5.259033203125227374e-01,7.019917698001306577e-05,7.019917698001306577e-05,1.060113310813910747e-04
7.051972339176805349e+01,2.831167725765376417e+02,3.269190673828125000e+02,6.786417711521024708e-03,6.786417711521024708e-03,1.021427139639854466e-02,-2.188162755945882054e+00,3.011476490460154309e-01,-3.784912109375113687e-01,5.703237047585772018e-05,5.703237047585772018e-05,8.613467216491733913e-05
6.833156063582217143e+01,2.834179202255836572e+02,3.265405761718749886e+02,6.843450081996882428e-03,6.843450081996882428e-03,1.030040606856346200e-02,-3.021275846347975857e+00,3.755001457319053770e-01,-6.274658203124658939e-01,7.896349572457904420e-05,7.896349572457904420e-05,1.192636787891374062e-04
6.531028478947419558e+01,2.837934203713155625e+02,3.259131103515625227e+02,6.922413577721461472e-03,6.922413577721461472e-03,1.041966974735259940e-02,-3.058164460883112667e+00,-2.688703199810902333e-01,-1.208496093750000000e+00,5.428411031067198467e-05,5.428411031067198467e-05,8.199363946914672852e-05
6.225212032859108291e+01,2.835245500513344723e+02,3.247046142578125227e+02,6.976697688032133457e-03,6.976697688032133457e-03,1.050166338682174613e-02,-3.009759202618887741e+00,4.094337705271300365e-01,-5.905151367187500000e-01,7.401836562277632620e-05,7.401836562277632620e-05,1.118086278438581993e-04
5.924236112597219517e+01,2.839339838218616023e+02,3.241140991210937727e+02,7.050716053654909783e-03,7.050716053654909783e-03,1.061347201466560433e-02,-1.891446479238830136e+00,6.125224050599058501e-01,-4.737548828126136868e-02,6.106093498856914048e-05,6.106093498856914048e-05,9.224340319633449192e-05
5.735091464673336503e+01,2.845465062269215082e+02,3.240667236328125114e+02,7.111776988643478924e-03,7.111776988643478924e-03,1.070571541786193882e-02,-2.149415053702611544e+00,4.750941131927106653e-01,-1.977172851562158939e-01,6.452654854163190207e-05,6.452654854163190207e-05,9.748339653015136719e-05
5.520149959303075349e+01,2.850216003401142189e+02,3.238690063476562955e+02,7.176303537185110826e-03,7.176303537185110826e-03,1.080319881439209019e-02,-3.158093327750343349e+00,9.087292578112737829e-02,-6.950439453125341061e-01,7.180601423943059475e-05,7.180601423943059475e-05,1.084901392459872854e-04
5.204340626528041014e+01,2.851124732658953462e+02,3.231739624023437614e+02,7.248109551424541420e-03,7.248109551424541420e-03,1.091168895363807748e-02,-2.906462321078784328e+00,-1.846234357986418217e-01,-8.935302734375341061e-01,6.321748267306120245e-05,6.321748267306120245e-05,9.551793336868251438e-05
4.913694394420162581e+01,2.849278498300967044e+02,3.222804321289062273e+02,7.311327034097602623e-03,7.311327034097602623e-03,1.100720688700675999e-02,-4.104358835573151509e+00,-9.830693013230416000e-01,-1.861059570312477263e+00,6.321274689158849769e-05,6.321274689158849769e-05,9.551867842674290066e-05
4.503258510862847430e+01,2.839447805287736628e+02,3.204193725585937500e+02,7.374539780989191121e-03,7.374539780989191121e-03,1.110272556543350289e-02,-3.564438309608298994e+00,-1.946927453141711339e-01,-1.013989257812454525e+00,6.847572038188708826e-05,6.847572038188708826e-05,1.034781336784352385e-04
4.146814679902017531e+01,2.837500877834594917e+02,3.194053833007812955e+02,7.443015501371078209e-03,7.443015501371078209e-03,1.120620369911193813e-02,-2.952473426945104507e+00,-4.009213886561155959e-01,-9.084594726563182121e-01,6.215804947132860109e-05,6.215804947132860109e-05,9.393617510795697345e-05
3.851567337207507080e+01,2.833491663948033761e+02,3.184969238281249773e+02,7.505173550842406810e-03,7.505173550842406810e-03,1.130013987421989510e-02,-2.469469000653361945e+00,5.245275825092221567e-02,-5.658569335937500000e-01,6.643554170348339033e-05,6.643554170348339033e-05,1.004077494144439697e-04
3.604620437142170886e+01,2.834016191530542983e+02,3.179310668945312273e+02,7.571609092545890200e-03,7.571609092545890200e-03,1.140054762363433907e-02,-2.185092922996524578e+00,3.126736025677132602e-01,-3.797729492187045253e-01,6.880382465510818252e-05,6.880382465510818252e-05,1.039937138557420204e-04
3.386111144842518428e+01,2.837142927556220116e+02,3.175512939453125227e+02,7.640412917200998383e-03,7.640412917200998383e-03,1.150454133749008109e-02,-1.762984423736305928e+00,6.934908297379820397e-01,3.427734374997726263e-02,6.939129924121798659e-05,6.939129924121798659e-05,1.048900187015540386e-04
3.209812702468887835e+01,2.844077835853599936e+02,3.175855712890625000e+02,7.709804216442216369e-03,7.709804216442216369e-03,1.160943135619163513e-02,-1.262653162438503784e+00,1.288009817307340654e+00,5.833374023437727374e-01,7.205603753784092097e-05,7.205603753784092097e-05,1.089245080947882915e-04
3.083547386225037457e+01,2.856957934026673342e+02,3.181689086914062727e+02,7.781860253980057290e-03,7.781860253980057290e-03,1.171835586428642342e-02,-8.435969685614423952e-01,1.302644840868993015e+00,6.905883789062272626e-01,6.367755983492651151e-05,6.367755983492651151e-05,9.626597166061297284e-05
2.999187689368893217e+01,2.869984382435363273e+02,3.188594970703125000e+02,7.845537813814983802e-03,7.845537813814983802e-03,1.181462183594703640e-02,-8.483181235015031518e-01,1.316691052641886017e+00,6.534545898437613687e-01,6.411332231045542562e-05,6.411332231045542562e-05,9.693056344985996609e-05
2.914355877018742902e+01,2.883151292961782133e+02,3.195129516601562614e+02,7.909651136125439227e-03,7.909651136125439227e-03,1.191155239939689636e-02,-1.317469132337535598e+00,1.318307043596973926e+00,4.906127929687613687e-01,7.693100476180436686e-05,7.693100476180436686e-05,1.163169741630557669e-04
2.782608963784989342e+01,2.896334363397751872e+02,3.200035644531250227e+02,7.986582140887243594e-03,7.986582140887243594e-03,1.202786937355995213e-02,-1.630465639909232323e+00,1.061781380618469939e+00,1.950561523436817879e-01,7.692434776296851184e-05,7.692434776296851184e-05,1.163169741630557669e-04
2.619562399794066110e+01,2.906952177203936571e+02,3.201986206054687045e+02,8.063506488650212106e-03,8.063506488650212106e-03,1.214418634772300790e-02,-1.076667390797190649e+00,4.161817898806248195e-01,-6.701660156250000000e-02,3.845995498715643057e-05,3.845995498715643057e-05,5.815848708152701607e-05
2.511895660714347045e+01,2.911113995102742820e+02,3.201316040039062045e+02,8.101966443637368537e-03,8.101966443637368537e-03,1.220234483480453491e-02,-2.168150648726630436e+00,8.751142860526215372e-01,-1.780151367187272626e-01,7.691621174344721867e-05,7.691621174344721867e-05,1.163169741630557669e-04
2.295080595841684001e+01,2.919865137963269035e+02,3.199535888671874773e+02,8.178882655380815755e-03,8.178882655380815755e-03,1.231866180896759068e-02,-1.989899797544765647e+00,1.022131623319239679e+00,-7.397460937500000000e-02,7.690955716253312924e-05,7.690955716253312924e-05,1.163177192211144184e-04
2.096090616087207437e+01,2.930086454196461432e+02,3.198796142578124773e+02,8.255792212543348885e-03,8.255792212543348885e-03,1.243497952818870510e-02,-1.898753583185293081e+00,1.022630260523271772e+00,-6.170654296875000000e-02,7.690438141268705896e-05,7.690438141268705896e-05,1.163162291049953806e-04
1.906215257768678129e+01,2.940312756801694150e+02,3.198179077148437273e+02,8.332696593956035944e-03,8.332696593956035944e-03,1.255129575729370048e-02,-8.301620713570905252e-01,5.422452977164198273e-01,4.251708984372726263e-02,3.844960354017039339e-05,3.844960354017039339e-05,5.815923213958740234e-05
1.823199050632969076e+01,2.945735209778858348e+02,3.198604248046874545e+02,8.371146197496206337e-03,8.371146197496206337e-03,1.260945498943328788e-02,-1.474664332025671598e+00,1.040541154573361382e+00,1.351562500000227374e-01,7.689477224850048420e-05,7.689477224850048420e-05,1.163169741630557669e-04
1.675732617430401916e+01,2.956140621324591962e+02,3.199955810546874773e+02,8.448040969744706821e-03,8.448040969744706821e-03,1.272577196359634365e-02,-1.283651545186552667e+00,1.163640948611259773e+00,2.742553710937727374e-01,7.688959863057058530e-05,7.688959863057058530e-05,1.163169741630557669e-04
1.547367462911746649e+01,2.967777030810704559e+02,3.202698364257812500e+02,8.524930568375277407e-03,8.524930568375277407e-03,1.284208893775939941e-02,-6.018088802598775544e-01,6.190807477428279526e-01,1.773315429687727374e-01,3.844221307228688767e-05,3.844221307228688767e-05,5.815774202346836452e-05
1.487186574885758894e+01,2.973967838288132839e+02,3.204471679687500227e+02,8.563372781447564294e-03,8.563372781447564294e-03,1.290024667978286778e-02,-1.118049257401008134e+00,1.317252574771032414e+00,4.430053710937045253e-01,7.688073166606419762e-05,7.688073166606419762e-05,1.163184642791748047e-04
1.375381649145658081e+01,2.987140364035843163e+02,3.208901733398437273e+02,8.640253513113628492e-03,8.640253513113628492e-03,1.301656514406204258e-02,-1.136663732878941957e+00,1.294473622653015354e+00,3.887939453125000000e-01,7.687408288206513951e-05,7.687408288206513951e-05,1.163169741630557669e-04
1.261715275857763885e+01,3.000085100262373317e+02,3.212789672851562273e+02,8.717127595995693631e-03,8.717127595995693631e-03,1.313288211822509835e-02,-1.226626235168392753e+00,1.168762270386025648e+00,2.385742187500454747e-01,7.686891224640765574e-05,7.686891224640765574e-05,1.163169741630540321e-04
1.139052652340924610e+01,3.011772722966233573e+02,3.215175415039062727e+02,8.793996508242101287e-03,8.793996508242101287e-03,1.324919909238815238e-02,-1.090213707532832643e+00,2.485219109968284101e-01,-2.962890625000227374e-01,3.843187117224394767e-05,3.843187117224394767e-05,5.815774202346836452e-05
1.030031281587641345e+01,3.014257942076201857e+02,3.212212524414062500e+02,8.832428379414345235e-03,8.832428379414345235e-03,1.330735683441162075e-02,-2.152361483704044787e+00,4.585977890610024588e-01,-5.344726562499886313e-01,7.685931160256176398e-05,7.685931160256176398e-05,1.163169741630557669e-04
8.147951332172368666e+00,3.018843919966811882e+02,3.206867797851562614e+02,8.909287691016906999e-03,8.909287691016906999e-03,1.342367380857467651e-02,-1.786276330232348108e+00,6.228534820608047085e-01,-2.656372070312613687e-01,7.685414309558866175e-05,7.685414309558866175e-05,1.163169741630557669e-04
6.361675001940020557e+00,3.025072454787419929e+02,3.204211425781250000e+02,8.986141834112495660e-03,8.986141834112495660e-03,1.353999078273773228e-02,-3.707169254900690269e+00,-1.088047871725962068e+00,-2.219384765625022737e+00,7.684749865389563228e-05,7.684749865389563228e-05,1.163169741630557669e-04
2.654505747039330288e+00,3.014191976070160308e+02,3.182017578124999773e+02,9.062989332766391293e-03,9.062989332766391293e-03,1.365630775690078805e-02,-2.006062231441813726e+00,-7.089113812443770257e-01,-1.188037109374988631e+00,3.842153486374039195e-05,3.842153486374039195e-05,5.815923213958740234e-05
6.484435155975166731e-01,3.007102862257716538e+02,3.170137207031249886e+02,9.101410867630131685e-03,9.101410867630131685e-03,1.371446698904037545e-02,-1.975485661781305691e+00,5.074887688733156210e-01,-2.912353515624772626e-01,7.683937961899985070e-05,7.683937961899985070e-05,1.163169741630540321e-04
-1.327042146183789129e+00,3.012177749946449694e+02,3.167224853515625114e+02,9.178250247249131535e-03,9.178250247249131535e-03,1.383078396320342948e-02,-2.090203151091621248e+00,-1.002828218188938081e-01,-6.633300781250000000e-01,7.683273758813183307e-05,7.683273758813183307e-05,1.163169741630557669e-04
-3.417245297275410376e+00,3.011174921728260756e+02,3.160591552734375114e+02,9.255082984837263368e-03,9.255082984837263368e-03,1.394710093736648525e-02,-8.583621187278098752e-01,1.285678920853570162e-01,-1.772460937500000000e-01,3.841489334726125304e-05,3.841489334726125304e-05,5.815774202346836452e-05
-4.275607416003220251e+00,3.012460600649114326e+02,3.158819091796875114e+02,9.293497878184524622e-03,9.293497878184524622e-03,1.400525867938995361e-02,-9.960057901623402543e-01,9.401434970891386911e-01,3.031738281250113687e-01,7.682388364725449559e-05,7.682388364725449559e-05,1.163184642791748047e-04
-5.271613206165560506e+00,3.021862035620005713e+02,3.161850830078125227e+02,9.370321761831779117e-03,9.370321761831779117e-03,1.412157714366912842e-02,-6.463209053174887586e-01,1.208430897776509028e+00,5.672241210937727374e-01,7.681872024423858081e-05,7.681872024423858081e-05,1.163169741630557669e-04
-5.917934111483049264e+00,3.033946344597770803e+02,3.167523071289062955e+02,9.447140482076017698e-03,9.447140482076017698e-03,1.423789411783218418e-02,-4.084069408126822509e-01,6.880692709860909417e-01,3.113647460937158939e-01,4.800842690853325545e-05,4.800842690853325545e-05,7.269829511642386666e-05
-6.326341052295731515e+00,3.040827037307631713e+02,3.170636718750000114e+02,9.495148908984550953e-03,9.495148908984550953e-03,1.431059241294860805e-02,-7.438707056984810606e+00,-1.879980933641360252e+01,-1.186937255859373863e+01,8.180658761633603782e-05,8.180658761633603782e-05,1.238867640495303762e-04
-1.376504810928054212e+01,2.852828943943495688e+02,3.051942993164062727e+02,9.576955496600886991e-03,9.576955496600886991e-03,1.443447917699813843e-02,-5.538072035130099380e-01,3.217567349743717386e-01,3.688720703124772626e-01,4.613451467346679769e-05,4.613451467346679769e-05,6.986856460571358451e-05
-1.431885531279355206e+01,2.856046511293239405e+02,3.055631713867187500e+02,9.623090011274353789e-03,9.623090011274353789e-03,1.450434774160385201e-02,-1.029200658031268034e+00,1.429735828613729609e-01,2.101684570312727374e-01,6.919704364615787695e-05,6.919704364615787695e-05,1.048028469085686420e-04
-1.534805597082482009e+01,2.857476247121853135e+02,3.057733398437500227e+02,9.692287054920511666e-03,9.692287054920511666e-03,1.460915058851242065e-02,-7.692109695681004666e+00,-2.265200213904654447e+01,-1.210791015625000000e+01,6.374638727145616468e-05,6.374638727145616468e-05,9.655505418777396431e-05
-2.304016566650582476e+01,2.630956225731387690e+02,2.936654296875000227e+02,9.756033442191967830e-03,9.756033442191967830e-03,1.470570564270019462e-02,-2.633125664503417340e-01,1.074249724159642483e+00,1.147814941406238631e+00,6.580293453479699184e-05,6.580293453479699184e-05,9.967535734176774520e-05
-2.330347823295616649e+01,2.641698722972984115e+02,2.948132446289062614e+02,9.821836376726764822e-03,9.821836376726764822e-03,1.480538100004196236e-02,-3.910054358606593894e-01,1.615706695123662939e+00,1.675427246093761369e+00,1.127619722628633858e-04,1.127619722628633858e-04,1.708224415779106831e-04
-2.369448366881682588e+01,2.657855789924220744e+02,2.964886718750000227e+02,9.934598348989628208e-03,9.934598348989628208e-03,1.497620344161987305e-02,-1.891638018846890645e-01,9.533203183454475038e-01,8.820678710936817879e-01,6.600510270579271199e-05,6.600510270579271199e-05,1.000002026557925833e-04
-2.388364747070151495e+01,2.667388993107675219e+02,2.973707397460937045e+02,1.000060345169542092e-02,1.000060345169542092e-02,1.507620364427566563e-02,-1.498911682256753863e-01,1.022297752331269294e+00,8.900024414062954747e-01,6.600148391518699531e-05,6.600148391518699531e-05,1.000002026557925833e-04
-2.403353863892719033e+01,2.677611970630987912e+02,2.982607421875000000e+02,1.006660493561060792e-02,1.006660493561060792e-02,1.517620384693145821e-02,-1.064997550011206329e-01,1.098711896945587796e+00,9.056762695312272626e-01,6.599639045982465257e-05,6.599639045982465257e-05,9.999871253967181073e-05
-2.414003839392831097e+01,2.688599089600443790e+02,2.991664184570312273e+02,1.013260132607043257e-02,1.013260132607043257e-02,1.527620255947113002e-02,-6.641711656746096537e-02,1.104700026884017916e+00,8.565551757812954747e-01,6.599203522392009524e-05,6.599203522392009524e-05,1.000002026557925833e-04
-2.420645551049577193e+01,2.699646089869283969e+02,3.000229736328125227e+02,1.019859336129435266e-02,1.019859336129435266e-02,1.537620276212692261e-02,-4.535479939629283308e-02,1.125143762525567581e+00,8.176391601562045253e-01,6.598841801200121260e-05,6.598841801200121260e-05,1.000002026557925833e-04
-2.425181030989206477e+01,2.710897527494539645e+02,3.008406127929687273e+02,1.026458177930635388e-02,1.026458177930635388e-02,1.547620296478271519e-02,-4.585853303976250572e-02,1.102274845814690707e+00,8.225341796875227374e-01,6.598332642702813000e-05,6.598332642702813000e-05,1.000002026557925833e-04
-2.429766884293182727e+01,2.721920275952686552e+02,3.016631469726562500e+02,1.033056510573338201e-02,1.033056510573338201e-02,1.557620316743850777e-02,-4.852710614348154650e-02,1.067461675699064472e+00,7.941894531250000000e-01,6.597897291514033535e-05,6.597897291514033535e-05,1.000002026557908485e-04
-2.434619594907530882e+01,2.732594892709677197e+02,3.024573364257812500e+02,1.039654407864852234e-02,1.039654407864852234e-02,1.567620337009429862e-02,-5.872852089668256781e-02,1.007304638111804707e+00,7.605102539062613687e-01,6.597461997725345695e-05,6.597461997725345695e-05,1.000002026557943180e-04
-2.440492446997199139e+01,2.742667939090795244e+02,3.032178466796875114e+02,1.046251869862577580e-02,1.046251869862577580e-02,1.577620357275009294e-02,-8.882722934447073726e-02,8.882426992725527271e-01,6.905151367187158939e-01,6.597100486896607940e-05,6.597100486896607940e-05,1.000002026557908485e-04
-2.449375169931646212e+01,2.751550366083520771e+02,3.039083618164062273e+02,1.052848970349474188e-02,1.052848970349474188e-02,1.587620377540588379e-02,-1.276865329145095984e-01,5.617463558954796099e-01,5.976440429687954747e-01,6.596591577638297177e-05,6.596591577638297177e-05,9.999871253967354545e-05
-2.462143823223097172e+01,2.757167829642475567e+02,3.045060058593750227e+02,1.059445561927112485e-02,1.059445561927112485e-02,1.597620248794555733e-02,-7.752479853433058565e-02,1.811764425614228458e-01,2.718261718749772626e-01,3.298132614668394802e-05,3.298132614668394802e-05,5.000084638595581055e-05
-2.469896303076530231e+01,2.758979594068089796e+02,3.047778320312500000e+02,1.062743694541780880e-02,1.062743694541780880e-02,1.602620333433151315e-02,-1.626417194404723432e-01,1.925458661182233300e-01,3.608154296874772626e-01,4.882605297794849475e-05,4.882605297794849475e-05,7.402300834655553552e-05
-2.486160475020577465e+01,2.760905052729272029e+02,3.051386474609374773e+02,1.067626299839575729e-02,1.067626299839575729e-02,1.610022634267806868e-02,-1.278275193380676100e+01,-4.504671731411718838e+01,-2.248929443359372726e+01,7.418730068359767615e-05,7.418730068359767615e-05,1.124799251556417301e-04
-3.764435668401253565e+01,2.310437879588100145e+02,2.826493530273437500e+02,1.075045029907935497e-02,1.075045029907935497e-02,1.621270626783371041e-02,-2.500856166014173709e-01,6.501040055550220131e-01,1.002661132812477263e+00,5.949107644605614031e-05,5.949107644605614031e-05,9.020417928695678711e-05
-3.789444230061395302e+01,2.316938919643650365e+02,2.836520141601562273e+02,1.080994137552541111e-02,1.080994137552541111e-02,1.630291044712066720e-02,-4.875894899073003330e-01,1.366283261869398302e+00,1.948461914062534106e+00,1.194822493351573034e-04,1.194822493351573034e-04,1.811832189559936523e-04
-3.838203179052125336e+01,2.330601752262344348e+02,2.856004760742187614e+02,1.092942362486056841e-02,1.092942362486056841e-02,1.648409366607666085e-02,-2.567482526271120946e-01,8.374931835022039195e-01,1.078063964843693157e+00,6.593947397611800432e-05,6.593947397611800432e-05,9.999871253967354545e-05
-3.863878004314836545e+01,2.338976684097366388e+02,2.866785400390624545e+02,1.099536309883668642e-02,1.099536309883668642e-02,1.658409237861633440e-02,-2.535448764496877061e-01,7.960310289159622243e-01,1.086401367187534106e+00,6.593512624835685954e-05,6.593512624835685954e-05,1.000002026557908485e-04
-3.889232491959805316e+01,2.346936994386526010e+02,2.877649414062499886e+02,1.106129822508504328e-02,1.106129822508504328e-02,1.668409258127212524e-02,-6.861095531517236168e-02,1.322359011244884641e-01,2.619628906250568434e-01,1.648347072188798002e-05,1.648347072188798002e-05,2.500116825103829155e-05
-3.896093587491322552e+01,2.348259353397770894e+02,2.880269042968750455e+02,1.107778169580693126e-02,1.107778169580693126e-02,1.670909374952316354e-02,-6.747451908615431648e-01,-2.653076377976731237e+00,2.565917968750000000e-01,6.615515358556790793e-05,6.615515358556790793e-05,1.003414392471320415e-04
-3.963568106577476868e+01,2.321728589618003582e+02,2.882834960937500455e+02,1.114393684939249916e-02,1.114393684939249916e-02,1.680943518877029558e-02,-8.132455313230195770e-01,-3.795130794853122325e+00,1.334106445311817879e-01,6.844428537689482839e-05,6.844428537689482839e-05,1.038208603858919998e-04
-4.044892659709778826e+01,2.283777281669472359e+02,2.884169067382812273e+02,1.121238113476939399e-02,1.121238113476939399e-02,1.691325604915618758e-02,-5.697577942473444068e-01,-1.251711060086080352e+00,8.284667968749772626e-01,7.039480208725738819e-05,7.039480208725738819e-05,1.067861914634711529e-04
-4.101868439134513267e+01,2.271260171068611555e+02,2.892453735351562045e+02,1.128277593685665138e-02,1.128277593685665138e-02,1.702004224061965873e-02,-3.948025112228492617e-01,-1.848492638246739261e-01,9.879638671875454747e-01,6.599131733460959770e-05,6.599131733460959770e-05,1.001134514808654785e-04
-4.141348690256798193e+01,2.269411678430364816e+02,2.902333374023437500e+02,1.134876725419126098e-02,1.134876725419126098e-02,1.712015569210052421e-02,-4.016537217797448989e-01,1.023522878169558226e-01,1.080944824218761369e+00,7.918309623214901671e-05,7.918309623214901671e-05,1.201361417770378803e-04
-4.181514062434772683e+01,2.270435201308534374e+02,2.913142822265625114e+02,1.142795035042340999e-02,1.142795035042340999e-02,1.724029183387756209e-02,-3.153245221657954289e-01,-7.712717720855266634e-02,7.362915039062158939e-01,5.938302364544290057e-05,5.938302364544290057e-05,9.010136127472062606e-05
-4.213046514651352226e+01,2.269663929536448848e+02,2.920505737304687273e+02,1.148733337406885290e-02,1.148733337406885290e-02,1.733039319515228271e-02,-3.730485016455915570e-01,-5.691932192739557195e-01,6.984741210937954747e-01,6.590269717272889682e-05,6.590269717272889682e-05,1.000002026557908485e-04
-4.250351364815911381e+01,2.263971997343709290e+02,2.927490478515625227e+02,1.155323607124158179e-02,1.155323607124158179e-02,1.743039339780807356e-02,-3.664778996793671695e-01,-6.361806846442163987e-01,6.619140624999886313e-01,6.589909074484513740e-05,6.589909074484513740e-05,9.999871253967354545e-05
-4.286999154783848098e+01,2.257610190497267126e+02,2.934109619140625114e+02,1.161913516198642693e-02,1.161913516198642693e-02,1.753039211034774711e-02,-3.420316544183563678e-01,-4.450561059740039127e-01,6.693359374999658939e-01,6.589401193818518465e-05,6.589401193818518465e-05,1.000002026557943180e-04
-4.321202320225683735e+01,2.253159629437527087e+02,2.940802978515624773e+02,1.168502917392461211e-02,1.168502917392461211e-02,1.763039231300354143e-02,-1.928890757396089839e+00,-1.197846038226737164e+01,-2.704650878906250000e+00,4.701084347281427045e-05,4.701084347281427045e-05,7.134824991225988122e-05
-4.514091395965292719e+01,2.133375025614853371e+02,2.913756469726562273e+02,1.173204001739742638e-02,1.173204001739742638e-02,1.770174056291580131e-02,-7.598558268736752552e-01,-1.687508054649242695e+00,1.250500488281318212e+00,9.919343386393178474e-05,9.919343386393178474e-05,1.505523920059224918e-04
-4.590076978652660245e+01,2.116499945068360944e+02,2.926261474609375455e+02,1.183123345126135817e-02,1.183123345126135817e-02,1.785229295492172380e-02,-4.820577271484367543e-01,-1.301581003968067307e+00,5.843627929687045253e-01,5.711351190573060732e-05,5.711351190573060732e-05,8.669346570968489152e-05
-4.638282751367503920e+01,2.103484135028680271e+02,2.932105102539062500e+02,1.188834696316708878e-02,1.188834696316708878e-02,1.793898642063140869e-02,-5.476830044890945715e-01,-1.761635348396197287e+00,4.796630859374886313e-01,5.711098634946128183e-05,5.711098634946128183e-05,8.669346570968489152e-05
-4.693051051816413377e+01,2.085867781544718298e+02,2.936901733398437386e+02,1.194545794951655006e-02,1.194545794951655006e-02,1.802567988634109358e-02,-6.212188049739495455e-01,-2.848387337547052311e+00,1.649780273437500000e-01,5.175355409548637597e-05,5.175355409548637597e-05,7.856488227844446448e-05
-4.755172932313808332e+01,2.057383908169247775e+02,2.938551513671874886e+02,1.199721150361203643e-02,1.199721150361203643e-02,1.810424476861953805e-02,-1.497356541223780368e+01,-1.090964782247973801e+02,-2.404234619140623863e+01,7.621527881018774764e-05,7.621527881018774764e-05,1.157075166702270508e-04
-6.252529473537588700e+01,9.664191259212739737e+01,2.698128051757812500e+02,1.207342678242222418e-02,1.207342678242222418e-02,1.821995228528976510e-02,-4.937012334589141460e-01,-4.466709158458996853e-01,1.135180664062488631e+00,6.953264209612342039e-05,6.953264209612342039e-05,1.055702567100517963e-04
-6.301899596883480115e+01,9.619524167628149769e+01,2.709479858398437386e+02,1.214295942451834760e-02,1.214295942451834760e-02,1.832552254199981689e-02,-6.153192454695428637e-01,-6.072151932727365420e-01,1.398010253906306843e+00,8.690937225107157882e-05,8.690937225107157882e-05,1.319631934165940712e-04
-6.363431521430434401e+01,9.558802648300876115e+01,2.723459960937500455e+02,1.222986879676941918e-02,1.222986879676941918e-02,1.845748573541641097e-02,-5.054827225531468571e-01,-9.395779072326888581e-01,8.619628906249090505e-01,6.585378186001536460e-05,6.585378186001536460e-05,1.000002026557943180e-04
-6.413979793685749087e+01,9.464844857577607229e+01,2.732079589843749545e+02,1.229572257862943455e-02,1.229572257862943455e-02,1.855748593807220528e-02,-5.375149509027608019e-01,-1.037498187380265335e+00,8.043457031250227374e-01,6.584944542499873710e-05,6.584944542499873710e-05,9.999871253967354545e-05
-6.467731288776025167e+01,9.361095038839580695e+01,2.740123046874999773e+02,1.236157202405443328e-02,1.236157202405443328e-02,1.865748465061187883e-02,-6.383234118491571962e-01,-3.171369514091281872e+00,-9.228637695312045253e-01,2.810454003202185469e-05,2.810454003202185469e-05,4.268139600753506624e-05
-6.531563629960940887e+01,9.043958087430452508e+01,2.730894409179687727e+02,1.238967656408645514e-02,1.238967656408645514e-02,1.870016604661941390e-02,-2.986338543735783446e+00,-1.409287712408965376e+01,-4.606518554687568212e+00,7.139291526320895587e-05,7.139291526320895587e-05,1.084297895431532432e-04
-6.830197484334519231e+01,7.634670375021487132e+01,2.684829223632812045e+02,1.246106947934966409e-02,1.246106947934966409e-02,1.880859583616256714e-02,-6.248554311682283924e-01,-7.519225673753879846e-01,1.468530273437522737e+00,8.908314509455984853e-05,8.908314509455984853e-05,1.353055238723747944e-04
-6.892683027451342070e+01,7.559478118283948334e+01,2.699514526367187273e+02,1.255015262444422394e-02,1.255015262444422394e-02,1.894390136003494193e-02,-4.866561989486370976e-01,-6.701126231069878258e-01,1.030224609375011369e+00,6.583269402995334252e-05,6.583269402995334252e-05,1.000002026557943180e-04
-6.941348647346205780e+01,7.492466855973249551e+01,2.709816772460937386e+02,1.261598531847417728e-02,1.261598531847417728e-02,1.904390156269073625e-02,-5.190360979583772405e-01,-7.899292782860101170e-01,9.770141601562158939e-01,6.582836037186470812e-05,6.582836037186470812e-05,9.999871253967007600e-05
-6.993252257142043504e+01,7.413473928144648539e+01,2.719586914062499545e+02,1.268181367884604199e-02,1.268181367884604199e-02,1.914390027523040633e-02,-5.269671025582596258e-01,-8.721470263213575436e-01,9.532836914063409495e-01,6.582402728407335535e-05,6.582402728407335535e-05,1.000002026557943180e-04
-7.045948967397869467e+01,7.326259225512512785e+01,2.729119750976562955e+02,1.274763770613011535e-02,1.274763770613011535e-02,1.924390047788620065e-02,-5.245320669469748509e-01,-8.739193179819295665e-01,9.542724609374317879e-01,6.581969476646826189e-05,6.581969476646826189e-05,1.000002026557908485e-04
-7.098402174092566952e+01,7.238867293714319828e+01,2.738662475585937273e+02,1.281345740089658361e-02,1.281345740089658361e-02,1.934390068054199149e-02,-5.457327423779503306e-01,-1.072070904325954643e+00,8.961425781250227374e-01,6.581536281959586565e-05,6.581536281959586565e-05,1.000002026557943180e-04
-7.152975448330361985e+01,7.131660203281724364e+01,2.747623901367187500e+02,1.287927276371617948e-02,1.287927276371617948e-02,1.944390088319778581e-02,-6.257939456152996627e-01,-1.881949714155609854e+00,6.972167968749545253e-01,6.581103144246217007e-05,6.581103144246217007e-05,1.000002026557908485e-04
-7.215554842891891951e+01,6.943465231866163379e+01,2.754596069335937045e+02,1.294508379515864165e-02,1.294508379515864165e-02,1.954390108585357666e-02,-6.235570061419366539e-01,-1.841461383864626100e+00,7.077636718750000000e-01,6.580817148970838359e-05,6.580817148970838359e-05,1.000002026557908485e-04
-7.277910543506085617e+01,6.759319093479700769e+01,2.761673706054687045e+02,1.301089196664835003e-02,1.301089196664835003e-02,1.964390128850936751e-02,-5.583527491743893734e-01,-2.320902881398680506e+00,-7.651367187497726263e-02,3.701335490583976262e-05,3.701335490583976262e-05,5.624890327453682670e-05
-7.333745818423524554e+01,6.527228805339832718e+01,2.760908569335937273e+02,1.304790532155418979e-02,1.304790532155418979e-02,1.970015019178390434e-02,-2.395385896194761699e+01,-1.271959971382026424e+02,-3.794290771484372726e+01,7.278133641969684875e-05,7.278133641969684875e-05,1.106098294258138492e-04
-9.729131714618286253e+01,-6.192370908480430813e+01,2.381479492187500000e+02,1.312068665797388664e-02,1.312068665797388664e-02,1.981076002120971818e-02,-5.867321494689576866e-01,-8.070191220588114334e-01,9.814819335937556843e-01,6.767897752301722802e-05,6.767897752301722802e-05,1.028642058372476742e-04
-9.787804929565182022e+01,-6.273072820686311957e+01,2.391294311523437557e+02,1.318836563549690387e-02,1.318836563549690387e-02,1.991362422704696586e-02,-4.958947103055066918e-01,-6.987224908508764543e-01,8.172363281250056843e-01,5.682797904623185237e-05,5.682797904623185237e-05,8.637607097625871200e-05
