Sigma_1,Sigma_2,Sigma_12,Epsilon_1,Epsilon_2,Epsilon_12,dSigma_1,dSigma_2,dSigma_12,dEpsilon_1,dEpsilon_2,dEpsilon_12
-0.000000000000000000e+00,-0.000000000000000000e+00,-0.000000000000000000e+00,0.000000000000000000e+00,0.000000000000000000e+00,0.000000000000000000e+00,1.042776567819962530e+01,3.587118530273437411e+00,5.550183486938476740e+00,1.999800121638574792e-04,0.000000000000000000e+00,6.666670087724923816e-05
1.042776567819962530e+01,3.587118530273437411e+00,5.550183486938476740e+00,1.999800121638574792e-04,0.000000000000000000e+00,6.666670087724923816e-05,5.212380280703451163e+00,1.792799377441406161e+00,2.773252868652343217e+00,9.997499944099476950e-05,0.000000000000000000e+00,3.333335043862462586e-05
1.564014595890307646e+01,5.379917907714843572e+00,8.323436355590819957e+00,2.999550116048522487e-04,0.000000000000000000e+00,1.000000513158738640e-04,5.211814842884532339e+00,1.792348480224609908e+00,2.772343444824219461e+00,9.996502871346707886e-05,0.000000000000000000e+00,3.333335043862461231e-05
2.085196080178760880e+01,7.172266387939453480e+00,1.109577980041503942e+01,3.999200403183193276e-04,0.000000000000000000e+00,1.333334017544984763e-04,5.211250448226437015e+00,1.791897583007811434e+00,2.771433639526366122e+00,9.995499016253158245e-05,0.000000000000000000e+00,3.333335043862462586e-05
2.606321125001404582e+01,8.964163970947264914e+00,1.386721343994140554e+01,4.998750304808509100e-04,0.000000000000000000e+00,1.666667521931231022e-04,5.210680993801304339e+00,1.791445922851563566e+00,2.770523071289062500e+00,9.994504669895497122e-05,0.000000000000000000e+00,3.333335043862462586e-05
3.127389224381535016e+01,1.075560989379882848e+01,1.663773651123046804e+01,5.998200771798058812e-04,0.000000000000000000e+00,2.000001026317477280e-04,5.210115636305889808e+00,1.790995788574218039e+00,2.769614410400389914e+00,9.993505868506125708e-05,0.000000000000000000e+00,3.333333879709243232e-05
3.648400788012123996e+01,1.254660568237304652e+01,1.940735092163085795e+01,6.997551358648671383e-04,0.000000000000000000e+00,2.333334414288401604e-04,5.209546743043794947e+00,1.790544891357422230e+00,2.768704223632816763e+00,9.992507266705201192e-05,0.000000000000000000e+00,3.333336208015679229e-05
4.169355462316503491e+01,1.433715057373046875e+01,2.217605514526367472e+01,7.996802085319191502e-04,0.000000000000000000e+00,2.666668035089969527e-04,5.208980417438887400e+00,1.790092468261718750e+00,2.767794036865232954e+00,9.991499559590334614e-05,0.000000000000000000e+00,3.333333879709245943e-05
4.690253504060392231e+01,1.612724304199218750e+01,2.494384918212890767e+01,8.995952041278224964e-04,0.000000000000000000e+00,3.000001423060894121e-04,5.208410563701221463e+00,1.789643859863282671e+00,2.766886901855468039e+00,9.990510662625400919e-05,0.000000000000000000e+00,3.333336208015679229e-05
5.211094560430514377e+01,1.791688690185547017e+01,2.771073608398437571e+01,9.995003107540765055e-04,0.000000000000000000e+00,3.333335043862462044e-04,5.207846333830147501e+00,1.789192199707031250e+00,2.765977478027341618e+00,9.989512659297180089e-05,0.000000000000000000e+00,3.333333879709245943e-05
5.731879193813529128e+01,1.970607910156250142e+01,3.047671356201171733e+01,1.099395437347048306e-03,0.000000000000000000e+00,3.666668431833386638e-04,5.207278567887222209e+00,1.788742065429687500e+00,2.765069580078126421e+00,9.988514855340403092e-05,0.000000000000000000e+00,3.333336208015679229e-05
6.252607050602251348e+01,2.149482116699218892e+01,3.324178314208984375e+01,1.199280585900452337e-03,0.000000000000000000e+00,4.000002052634954561e-04,5.206710320376835455e+00,1.788290405273436079e+00,2.764160156250000000e+00,9.987517250695308706e-05,0.000000000000000000e+00,3.333333879709240522e-05
6.773278082639934894e+01,2.328311157226562500e+01,3.600594329833984375e+01,1.299155758407405424e-03,0.000000000000000000e+00,4.333335440605878613e-04,5.206141591298958815e+00,1.787840270996092329e+00,2.763250732421873579e+00,9.986519845280017980e-05,0.000000000000000000e+00,3.333333879709245943e-05
7.293892241769830775e+01,2.507095184326171733e+01,3.876919403076171733e+01,1.399020956860205604e-03,0.000000000000000000e+00,4.666668828576803207e-04,5.205578486057689247e+00,1.787391662597656250e+00,2.762344360351569605e+00,9.985513339833408490e-05,0.000000000000000000e+00,3.333338536322112515e-05
7.814450090375599700e+01,2.685834350585937358e+01,4.153153839111328693e+01,1.498876090258539689e-03,0.000000000000000000e+00,5.000002682209014459e-04,5.205008809599348751e+00,1.786938476562500711e+00,2.761437988281244316e+00,9.984534931301090703e-05,0.000000000000000000e+00,3.333333879709245943e-05
8.334950971335534575e+01,2.864528198242187429e+01,4.429297637939453125e+01,1.598721439571550596e-03,0.000000000000000000e+00,5.333336070179939053e-04,5.204438629772965896e+00,1.786489868164064632e+00,2.760530090332025566e+00,9.983528824037877190e-05,0.000000000000000000e+00,3.333333879709245943e-05
8.855394834312831165e+01,3.043177185058593892e+01,4.705350646972655682e+01,1.698556727811929368e-03,0.000000000000000000e+00,5.666669458150863647e-04,5.203360454551500425e+00,1.785937499999995737e+00,2.759457397460948869e+00,9.982513622067449785e-05,0.000000000000000000e+00,3.333333879709245943e-05
9.375730879767981207e+01,3.221770935058593466e+01,4.981296386718750568e+01,1.798381864032603866e-03,0.000000000000000000e+00,6.000002846121788242e-04,5.200581678463578328e+00,1.784973144531250000e+00,2.757414245605460223e+00,9.981535806883657692e-05,0.000000000000000000e+00,3.333338536322112515e-05
9.895789047614339040e+01,3.400268249511718466e+01,5.257037811279296591e+01,1.898197222101440443e-03,0.000000000000000000e+00,6.333336699753999493e-04,5.196914963545751220e+00,1.783816528320315342e+00,2.755290222167971592e+00,9.980539595727186408e-05,0.000000000000000000e+00,3.333333879709245943e-05
1.041548054396891416e+02,3.578649902343750000e+01,5.532566833496093750e+01,1.998002618058712307e-03,0.000000000000000000e+00,6.666670087724924088e-04,5.193852357514401774e+00,1.782678222656251421e+00,2.752593994140625000e+00,9.979543583449714331e-05,0.000000000000000000e+00,3.333333879709245943e-05
1.093486577972035434e+02,3.756917724609375142e+01,5.807826232910156250e+01,2.097798053893209450e-03,0.000000000000000000e+00,7.000003475695848682e-04,5.190189064227013205e+00,1.781307983398434658e+00,2.749337768554688921e+00,9.978547769925192115e-05,0.000000000000000000e+00,3.333333879709245943e-05
1.145388468614305566e+02,3.935048522949218608e+01,6.082760009765625142e+01,2.197583531592461371e-03,0.000000000000000000e+00,7.333336863666773276e-04,5.188053753117117139e+00,1.780389404296876421e+00,2.747329711914062500e+00,9.977552155116279839e-05,0.000000000000000000e+00,3.333338536322112515e-05
1.197269006145476737e+02,4.113087463378906250e+01,6.357492980957031392e+01,2.297359053143624170e-03,0.000000000000000000e+00,7.666670717298984528e-04,5.186810745473877660e+00,1.779797363281247158e+00,2.746667480468737210e+00,9.976556738963563223e-05,0.000000000000000000e+00,3.333333879709245943e-05
1.249137113600215514e+02,4.291067199707030966e+01,6.632159729003905113e+01,2.397124620533259802e-03,0.000000000000000000e+00,8.000004105269909122e-04,5.185836282752376292e+00,1.779232788085941763e+00,2.745843505859383527e+00,9.975561521385336791e-05,0.000000000000000000e+00,3.333333879709245943e-05
1.300995476427739277e+02,4.468990478515625142e+01,6.906744079589843466e+01,2.496880235747113170e-03,0.000000000000000000e+00,8.333337493240833716e-04,5.183270179405781164e+00,1.777835083007808237e+00,2.742553710937500000e+00,9.974566502388756278e-05,0.000000000000000000e+00,3.333333879709235101e-05
1.352828178221797089e+02,4.646773986816405966e+01,7.180999450683593466e+01,2.596625900771000733e-03,0.000000000000000000e+00,8.666670881211757226e-04,5.180874359262105600e+00,1.776782226562502842e+00,2.740325927734389211e+00,9.973571681847880760e-05,0.000000000000000000e+00,3.333333879709245943e-05
1.404636921814418145e+02,4.824452209472656250e+01,7.455032043457032387e+01,2.696361617589479540e-03,0.000000000000000000e+00,9.000004269182681821e-04,5.176690296930587465e+00,1.775448608398434658e+00,2.738302612304678973e+00,9.972577059725457049e-05,0.000000000000000000e+00,3.333333879709245943e-05
1.456403824783724019e+02,5.001997070312499716e+01,7.728862304687500284e+01,2.796087388186734111e-03,0.000000000000000000e+00,9.333337657153606415e-04,5.173177980270537546e+00,1.774194335937501421e+00,2.736407470703127842e+00,9.971564063366786246e-05,0.000000000000000000e+00,3.333333879709245943e-05
1.508135604586429395e+02,5.179416503906249858e+01,8.002503051757813068e+01,2.895803028820401973e-03,0.000000000000000000e+00,9.666671045124531009e-04,5.169137882979697451e+00,1.772576904296876421e+00,2.733697509765619316e+00,9.970588412350385454e-05,0.000000000000000000e+00,3.333343192934979087e-05
1.559826983416226369e+02,5.356674194335937500e+01,8.275872802734375000e+01,2.995508912943905828e-03,0.000000000000000000e+00,1.000000536441802892e-03,5.165341139984263918e+00,1.771221923828122158e+00,2.732321166992193184e+00,9.969594385104973977e-05,0.000000000000000000e+00,3.333333879709256785e-05
1.611480394816069008e+02,5.533796386718749716e+01,8.549104919433594318e+01,3.095204856794955568e-03,0.000000000000000000e+00,1.033333875238895460e-03,5.162289996715259122e+00,1.770178222656255684e+00,2.731121826171872158e+00,9.968619123126333526e-05,0.000000000000000000e+00,3.333333879709235101e-05
1.663103294783221600e+02,5.710814208984375284e+01,8.822217102050781534e+01,3.194891048026218903e-03,0.000000000000000000e+00,1.066667214035987811e-03,5.158784390692147781e+00,1.768438720703123579e+00,2.727819824218741473e+00,9.967588358123337725e-05,0.000000000000000000e+00,3.333333879709256785e-05
1.714691138690143077e+02,5.887658081054687642e+01,9.094999084472655682e+01,3.294566931607452280e-03,0.000000000000000000e+00,1.100000552833080378e-03,5.155902230405445152e+00,1.766979980468747158e+00,2.725009155273440342e+00,9.966632055647848751e-05,0.000000000000000000e+00,3.333333879709235101e-05
1.766250160994197529e+02,6.064356079101562358e+01,9.367499999999999716e+01,3.394233252163930768e-03,0.000000000000000000e+00,1.133333891630172729e-03,5.152626780476765589e+00,1.765509033203123579e+00,2.722592163085934658e+00,9.965601694112693684e-05,0.000000000000000000e+00,3.333333879709235101e-05
1.817776428798965185e+02,6.240906982421874716e+01,9.639759216308593182e+01,3.493889269105057704e-03,0.000000000000000000e+00,1.166667230427265081e-03,5.149950406668523328e+00,1.764117431640627842e+00,2.719998168945323869e+00,9.964608660902344803e-05,0.000000000000000000e+00,3.333333879709256785e-05
1.869275932865650418e+02,6.417318725585937500e+01,9.911759033203125568e+01,3.593535355714081152e-03,0.000000000000000000e+00,1.200000569224357648e-03,5.144773549952503799e+00,1.762176513671875000e+00,2.717037963867170447e+00,9.963652941138122221e-05,0.000000000000000000e+00,3.333333879709235101e-05
1.920723668365175456e+02,6.593536376953125000e+01,1.018346282958984261e+02,3.693171885125462375e-03,0.000000000000000000e+00,1.233333908021449999e-03,5.139962302074053468e+00,1.760400390624994316e+00,2.713983154296883527e+00,9.962623184377097235e-05,0.000000000000000000e+00,3.333343192934989929e-05
1.972123291385915991e+02,6.769576416015624432e+01,1.045486114501953097e+02,3.792798116969233347e-03,0.000000000000000000e+00,1.266667339950799899e-03,5.134279376162396602e+00,1.758325195312508527e+00,2.710412597656258527e+00,9.961667852832105721e-05,0.000000000000000000e+00,3.333333879709256785e-05
2.023466085147539957e+02,6.945408935546875284e+01,1.072590240478515682e+02,3.892414795497554404e-03,0.000000000000000000e+00,1.300000678747892466e-03,5.128569787082682296e+00,1.755895996093741473e+00,2.705429077148437500e+00,9.960638498917890465e-05,0.000000000000000000e+00,3.333333879709235101e-05
2.074751783018366780e+02,7.120998535156249432e+01,1.099644531250000057e+02,3.992021180486733309e-03,0.000000000000000000e+00,1.333334017544984818e-03,5.122355799289863398e+00,1.752990722656250000e+00,2.699603271484363631e+00,9.959683555314444159e-05,0.000000000000000000e+00,3.333333879709235101e-05
2.125975341011265414e+02,7.296297607421874432e+01,1.126640563964843693e+02,4.091618016039877750e-03,0.000000000000000000e+00,1.366667356342077169e-03,5.114496882690957591e+00,1.749536132812508527e+00,2.692474365234375000e+00,9.958654604051968978e-05,0.000000000000000000e+00,3.333333879709256785e-05
2.177120309838174990e+02,7.471251220703125284e+01,1.153565307617187443e+02,4.191204562080397440e-03,0.000000000000000000e+00,1.400000695139169736e-03,5.107052298093492482e+00,1.746350097656247158e+00,2.686096191406250000e+00,9.957700048201113124e-05,0.000000000000000000e+00,3.333333879709235101e-05
2.228190832819109914e+02,7.645886230468750000e+01,1.180426269531249943e+02,4.290781562562408571e-03,0.000000000000000000e+00,1.433334033936262087e-03,5.099997366975685509e+00,1.743713378906250000e+00,2.681036376953130684e+00,9.956671499307227780e-05,0.000000000000000000e+00,3.333333879709256785e-05
2.279190806488866770e+02,7.820257568359375000e+01,1.207236633300781250e+02,4.390348277555480849e-03,0.000000000000000000e+00,1.466667372733354655e-03,5.092130903822805976e+00,1.740655517578119316e+00,2.675152587890622158e+00,9.955717330953697819e-05,0.000000000000000000e+00,3.333333879709235101e-05
2.330112115527094829e+02,7.994323120117186932e+01,1.233988159179687472e+02,4.489905450865017827e-03,0.000000000000000000e+00,1.500000711530447006e-03,5.082716457222005602e+00,1.737115478515633527e+00,2.668450927734383527e+00,9.954689184211475139e-05,0.000000000000000000e+00,3.333343192934989929e-05
2.380939280099314885e+02,8.168034667968750284e+01,1.260672668457031307e+02,4.589452342707132579e-03,0.000000000000000000e+00,1.533334143459796906e-03,5.071753667426946777e+00,1.733477783203127842e+00,2.661419677734357947e+00,9.953698324480144549e-05,0.000000000000000000e+00,3.333333879709235101e-05
2.431656816773584353e+02,8.341382446289063068e+01,1.287286865234374886e+02,4.688989325951934024e-03,0.000000000000000000e+00,1.566667482256889257e-03,5.060223176698883663e+00,1.729357910156238631e+00,2.652807617187505684e+00,9.952744736913595597e-05,0.000000000000000000e+00,3.333333879709256785e-05
2.482259048540573190e+02,8.514318237304686932e+01,1.313814941406249943e+02,4.788516773321069980e-03,0.000000000000000000e+00,1.600000821053981824e-03,5.045744718136347728e+00,1.724243164062500000e+00,2.641802978515642053e+00,9.951717192973382614e-05,0.000000000000000000e+00,3.333333879709235101e-05
2.532716495721936667e+02,8.686742553710936932e+01,1.340232971191406364e+02,4.888033945250803806e-03,0.000000000000000000e+00,1.633334159851074175e-03,5.028881819025798450e+00,1.718560791015633527e+00,2.630395507812494316e+00,9.950763992344451025e-05,0.000000000000000000e+00,3.333333879709256785e-05
2.583005313912194651e+02,8.858598632812500284e+01,1.366536926269531307e+02,4.987541585174248317e-03,0.000000000000000000e+00,1.666667498648166743e-03,5.005437060359668067e+00,1.711242675781250000e+00,2.615185546874982947e+00,9.949736849937558525e-05,0.000000000000000000e+00,3.333333879709235101e-05
2.633059684515791332e+02,9.029722900390625284e+01,1.392688781738281136e+02,5.087038953673623902e-03,0.000000000000000000e+00,1.700000837445259094e-03,4.946695219630441898e+00,1.696026611328122158e+00,2.588067626953147737e+00,9.948784035969555906e-05,0.000000000000000000e+00,3.333333879709235101e-05
2.682526636712095751e+02,9.199325561523437500e+01,1.418569458007812614e+02,5.186526794033319461e-03,0.000000000000000000e+00,1.733334176242351445e-03,4.889972461688273597e+00,1.677838134765622158e+00,2.552099609374977263e+00,9.947757294902128539e-05,0.000000000000000000e+00,3.333333879709256785e-05
2.731426361328978487e+02,9.367109374999999716e+01,1.444090454101562386e+02,5.286004366982340746e-03,0.000000000000000000e+00,1.766667515039444013e-03,4.799948446840346605e+00,1.652777099609380684e+00,2.506030273437488631e+00,9.946804867407097600e-05,0.000000000000000000e+00,3.333333879709235101e-05
2.779425845797381953e+02,9.532387084960937784e+01,1.469150756835937273e+02,5.385472415656411722e-03,0.000000000000000000e+00,1.800000853836536364e-03,4.759091949968649260e+00,1.641668701171866473e+00,2.485205078125034106e+00,9.945778527396722385e-05,0.000000000000000000e+00,3.333333879709256785e-05
2.827016765297068446e+02,9.696553955078124432e+01,1.494002807617187614e+02,5.484930200930378946e-03,0.000000000000000000e+00,1.833334192633628932e-03,4.721267484542352122e+00,1.632446289062500000e+00,2.466815185546863631e+00,9.944826486120526138e-05,0.000000000000000000e+00,3.333333879709235101e-05
2.874229440142491967e+02,9.859798583984374432e+01,1.518670959472656250e+02,5.584378465791584208e-03,0.000000000000000000e+00,1.866667531430721283e-03,4.671498376753106641e+00,1.621099853515630684e+00,2.449182128906244316e+00,9.943800546951576946e-05,0.000000000000000000e+00,3.333333879709235101e-05
2.920944423910023033e+02,1.002190856933593750e+02,1.543162780761718693e+02,5.683816471261099977e-03,0.000000000000000000e+00,1.900000870227813634e-03,4.629572061715236941e+00,1.612738037109380684e+00,2.436181640624994316e+00,9.942811853571372621e-05,0.000000000000000000e+00,3.333333879709256785e-05
2.967240144527175403e+02,1.018318237304687557e+02,1.567524597167968636e+02,5.783244589796813703e-03,0.000000000000000000e+00,1.933334209024906202e-03,4.595835484753081346e+00,1.606958007812494316e+00,2.419360351562517053e+00,9.941860391166155303e-05,0.000000000000000000e+00,3.333352506160723074e-05
3.013198499374706216e+02,1.034387817382812500e+02,1.591718200683593807e+02,5.882663193708475256e-03,0.000000000000000000e+00,1.966667734086513433e-03,4.562702365501934310e+00,1.601135253906250000e+00,2.402960205078130684e+00,9.940835052835682306e-05,0.000000000000000000e+00,3.333333879709235101e-05
3.058825523029725559e+02,1.050399169921875000e+02,1.615747802734375114e+02,5.982071544236832079e-03,0.000000000000000000e+00,2.000001072883605784e-03,4.524474781163689840e+00,1.596582031249994316e+00,2.383624267578113631e+00,9.939883976092106499e-05,0.000000000000000000e+00,3.333333879709278469e-05
3.104070270841362458e+02,1.066364990234374943e+02,1.639584045410156250e+02,6.081470383997753144e-03,0.000000000000000000e+00,2.033334411680698568e-03,4.476851307005460967e+00,1.593188476562502842e+00,2.359222412109375000e+00,9.938859037987232692e-05,0.000000000000000000e+00,3.333333879709235101e-05
3.148838783911417067e+02,1.082296874999999972e+02,1.663176269531250000e+02,6.180858974377625471e-03,0.000000000000000000e+00,2.066667750477790919e-03,4.408085229876064659e+00,1.589599609375000000e+00,2.325201416015630684e+00,9.937908346629650835e-05,0.000000000000000000e+00,3.333333879709235101e-05
3.192919636210177714e+02,1.098192871093749972e+02,1.686428283691406307e+02,6.280238057843921980e-03,0.000000000000000000e+00,2.100001089274883270e-03,4.267503820463559805e+00,1.588562011718750000e+00,2.265557861328119316e+00,9.936920824566916610e-05,0.000000000000000000e+00,3.333333879709235101e-05
3.235594674414813312e+02,1.114078491210937472e+02,1.709083862304687500e+02,6.379607266089591146e-03,0.000000000000000000e+00,2.133334428071975621e-03,2.661663110786776087e-01,9.857177734375000000e-02,1.401855468749886313e-01,6.209784974909801636e-06,0.000000000000000000e+00,2.083368599414825439e-06
3.238256337525600088e+02,1.115064208984374972e+02,1.710485717773437386e+02,6.385817051064500947e-03,0.000000000000000000e+00,2.135417796671390447e-03,5.148927259535355461e+00,1.951013183593758527e+00,2.725665283203142053e+00,1.228381739653752053e-04,0.000000000000000000e+00,4.121083766222026143e-05
3.289745610120953643e+02,1.134574340820312557e+02,1.737742370605468807e+02,6.508655225029876153e-03,0.000000000000000000e+00,2.176628634333610708e-03,2.960769153607770932e+00,1.108251953124991473e+00,1.543353271484392053e+00,7.072742834312185228e-05,0.000000000000000000e+00,2.373047173023215203e-05
3.319353301657031352e+02,1.145656860351562472e+02,1.753175903320312727e+02,6.579382653372998005e-03,0.000000000000000000e+00,2.200359106063842860e-03,4.147620789316306400e+00,1.557812499999997158e+00,2.161987304687471578e+00,9.933948840596881769e-05,0.000000000000000000e+00,3.333333879709235101e-05
3.360829509550194416e+02,1.161234985351562443e+02,1.774795776367187443e+02,6.678722141778966823e-03,0.000000000000000000e+00,2.233692444860935211e-03,4.181940672588154939e+00,1.554650878906258527e+00,2.172955322265636369e+00,9.932888102695113658e-05,0.000000000000000000e+00,3.333333879709235101e-05
3.402648916276075965e+02,1.176781494140625028e+02,1.796525329589843807e+02,6.778051022805917959e-03,0.000000000000000000e+00,2.267025783658027562e-03,4.166884704879180390e+00,1.551159667968747158e+00,2.171691894531221578e+00,9.931975573201651947e-05,0.000000000000000000e+00,3.333352506160744758e-05
3.444317763324867769e+02,1.192293090820312500e+02,1.818242248535156023e+02,6.877370778537934479e-03,0.000000000000000000e+00,2.300359308719635010e-03,4.898806773741341658e+00,1.830212402343747158e+00,2.557373046875028422e+00,1.171652115106959144e-04,0.000000000000000000e+00,3.932695835828781128e-05
3.493305831062281186e+02,1.210595214843749972e+02,1.843815979003906307e+02,6.994535990048630393e-03,0.000000000000000000e+00,2.339686267077922821e-03,4.175178760949449952e+00,1.541162109375008527e+00,2.163806152343738631e+00,9.941070618551921256e-05,0.000000000000000000e+00,3.337096422910672960e-05
3.535057618671775685e+02,1.226006835937500057e+02,1.865454040527343693e+02,7.093946696234149606e-03,0.000000000000000000e+00,2.373057231307029551e-03,3.724931770960324684e+00,1.381945800781238631e+00,1.934222412109392053e+00,8.946044709814537227e-05,0.000000000000000000e+00,3.003384917974480720e-05
3.572306936381378932e+02,1.239826293945312443e+02,1.884796264648437614e+02,7.183407143332294978e-03,0.000000000000000000e+00,2.403091080486774358e-03,4.100437446154501231e+00,1.526098632812505684e+00,2.136700439453107947e+00,9.927950601762956795e-05,0.000000000000000000e+00,3.333333879709235101e-05
3.613311310842923945e+02,1.255087280273437500e+02,1.906163269042968693e+02,7.282686649349924546e-03,0.000000000000000000e+00,2.436424419283866709e-03,3.992067276481861882e+00,1.501855468749994316e+00,2.072668457031255684e+00,9.926891099769005744e-05,0.000000000000000000e+00,3.333333879709278469e-05
3.653231983607742563e+02,1.270105834960937443e+02,1.926889953613281250e+02,7.381955560347614603e-03,0.000000000000000000e+00,2.469757758080959494e-03,3.906368526978440059e+00,1.474865722656261369e+00,2.006628417968755684e+00,9.925979716377507367e-05,0.000000000000000000e+00,3.333333879709235101e-05
3.692295668877526964e+02,1.284854492187500057e+02,1.946956237792968807e+02,7.481215357511389677e-03,0.000000000000000000e+00,2.503091096878051845e-03,3.713486873954991552e+00,1.426892089843732947e+00,1.880877685546892053e+00,9.924994563451517565e-05,0.000000000000000000e+00,3.333333879709235101e-05
3.729430537617076880e+02,1.299123413085937386e+02,1.965765014648437727e+02,7.580465303145904853e-03,0.000000000000000000e+00,2.536424435675144196e-03,3.714019871670188877e+00,1.414086914062522737e+00,1.862432861328102263e+00,9.924009606014812246e-05,0.000000000000000000e+00,3.333333879709235101e-05
3.766570736333778768e+02,1.313264282226562614e+02,1.984389343261718750e+02,7.679705399206052975e-03,0.000000000000000000e+00,2.569757774472236547e-03,4.391259155064688002e+00,1.687585449218744316e+00,2.209429931640613631e+00,1.178341770031263863e-04,0.000000000000000000e+00,3.958344459533682733e-05
3.810483327884425648e+02,1.330140136718750057e+02,2.006483642578124886e+02,7.797539576209179361e-03,0.000000000000000000e+00,2.609341219067573374e-03,3.161670934998767279e+00,1.193994140624994316e+00,1.578869628906261369e+00,8.371598296354112317e-05,0.000000000000000000e+00,2.812501043081283569e-05
3.842100037234413321e+02,1.342080078125000000e+02,2.022272338867187500e+02,7.881255559172720485e-03,0.000000000000000000e+00,2.637466229498386210e-03,3.296345272995836240e+00,1.249938964843750000e+00,1.648016357421880684e+00,8.740544384757548135e-05,0.000000000000000000e+00,2.936683595180546169e-05
3.875063489964371684e+02,1.354579467773437500e+02,2.038752502441406307e+02,7.968661003020295966e-03,0.000000000000000000e+00,2.666833065450191671e-03,4.000589670953047516e+00,1.504321289062488631e+00,1.987976074218750000e+00,1.055169244729287081e-04,0.000000000000000000e+00,3.545582294464102655e-05
3.915069386673902159e+02,1.369622680664062386e+02,2.058632263183593807e+02,8.074177927493224674e-03,0.000000000000000000e+00,2.702288888394832698e-03,4.985549094395366865e+00,1.882983398437517053e+00,2.481787109375005684e+00,1.342084352393205227e-04,0.000000000000000000e+00,4.510153084993353753e-05
3.964924877617855827e+02,1.388452514648437557e+02,2.083450134277343864e+02,8.208386362732545197e-03,0.000000000000000000e+00,2.747390419244766235e-03,3.692719232593276502e+00,1.392651367187482947e+00,1.843084716796852263e+00,9.917780376349390192e-05,0.000000000000000000e+00,3.333352506160744758e-05
4.001852069943788592e+02,1.402379028320312386e+02,2.101880981445312386e+02,8.307564166496039099e-03,0.000000000000000000e+00,2.780723944306373683e-03,3.453421531176502413e+00,1.317321777343750000e+00,1.691851806640642053e+00,9.916722968117928916e-05,0.000000000000000000e+00,3.333333879709235101e-05
4.036386285255553616e+02,1.415552246093749886e+02,2.118799499511718807e+02,8.406731396177218388e-03,0.000000000000000000e+00,2.814057283103466034e-03,3.364423308378604816e+00,1.287500000000022737e+00,1.638159179687505684e+00,9.915813526458795713e-05,0.000000000000000000e+00,3.333333879709235101e-05
4.070030518339339665e+02,1.428427246093750114e+02,2.135181091308593864e+02,8.505889531441806345e-03,0.000000000000000000e+00,2.847390621900558385e-03,3.112922015861784075e+00,1.196801757812494316e+00,1.464068603515613631e+00,9.914830390342875555e-05,0.000000000000000000e+00,3.333333879709235101e-05
4.101159738497957505e+02,1.440395263671875057e+02,2.149821777343750000e+02,8.605037835345235100e-03,0.000000000000000000e+00,2.880723960697650736e-03,3.050903241894104667e+00,1.173303222656244316e+00,1.419647216796875000e+00,9.913773589100179084e-05,0.000000000000000000e+00,3.333333879709278469e-05
4.131668770916898552e+02,1.452128295898437500e+02,2.164018249511718750e+02,8.704175571236236891e-03,0.000000000000000000e+00,2.914057299494743521e-03,2.871110727857114853e+00,1.118164062500000000e+00,1.323126220703130684e+00,9.912864710218301234e-05,0.000000000000000000e+00,3.333333879709235101e-05
4.160379878195469701e+02,1.463309936523437500e+02,2.177249511718750057e+02,8.803304218338419904e-03,0.000000000000000000e+00,2.947390638291835872e-03,2.544036550053874635e+00,1.000427246093750000e+00,1.083068847656250000e+00,9.911882158770979334e-05,0.000000000000000000e+00,3.333333879709235101e-05
4.185820243696008447e+02,1.473314208984375000e+02,2.188080200195312557e+02,8.902423039926129697e-03,0.000000000000000000e+00,2.980723977088928223e-03,1.844361861378217782e+00,7.520629882812386313e-01,6.222106933593920530e-01,9.910899802038734829e-05,0.000000000000000000e+00,3.333333879709235101e-05
4.204263862309790625e+02,1.480834838867187386e+02,2.194302307128906477e+02,9.001532037946517045e-03,0.000000000000000000e+00,3.014057315886020574e-03,1.595192725419167346e+00,6.640014648437500000e-01,4.552246093749658939e-01,9.909843809224536115e-05,0.000000000000000000e+00,3.333333879709235101e-05
4.220215789563982298e+02,1.487474853515624886e+02,2.198854553222656136e+02,9.100630476038762406e-03,0.000000000000000000e+00,3.047390654683112925e-03,1.101029041363176475e+00,4.535156250000227374e-01,3.563903808593806843e-01,6.193181405374746651e-05,0.000000000000000000e+00,2.083331346511849494e-05
4.231226079977614063e+02,1.492010009765625114e+02,2.202418457031249943e+02,9.162562290092509873e-03,0.000000000000000000e+00,3.068223968148231420e-03,2.127895601066654763e+00,8.731689453125000000e-01,7.672607421875170530e-01,1.079850074964493201e-04,0.000000000000000000e+00,3.632809966802597046e-05
4.252505035988280611e+02,1.500741699218750114e+02,2.210091064453125114e+02,9.270547297588959193e-03,0.000000000000000000e+00,3.104552067816257390e-03,2.394506176997253988e+00,9.794067382812272626e-01,8.985717773437329470e-01,1.175501909158379460e-04,0.000000000000000000e+00,3.955084830522528558e-05
4.276450097758253150e+02,1.510535766601562386e+02,2.219076782226562443e+02,9.388097488504797139e-03,0.000000000000000000e+00,3.144102916121482676e-03,1.539410695023036624e+00,7.170532226562613687e-01,5.315490722656193157e-01,9.906087738290741962e-05,0.000000000000000000e+00,3.333352506160744758e-05
4.291844204708483517e+02,1.517706298828125000e+02,2.224392272949218636e+02,9.487158365887704559e-03,0.000000000000000000e+00,3.177436441183090123e-03,5.703518089219414833e-01,3.859497070312443157e-01,-9.271240234375000000e-02,9.905106529768670232e-05,0.000000000000000000e+00,3.333315253257768812e-05
4.297547722797702932e+02,1.521565795898437443e+02,2.223465148925781136e+02,9.586209431185391261e-03,0.000000000000000000e+00,3.210769593715667811e-03,-7.469158980120482738e-02,1.361572265625170530e-01,-3.190795898437386313e-01,7.147084567497505314e-05,0.000000000000000000e+00,2.405419945716857910e-05
4.296800806899690883e+02,1.522927368164062614e+02,2.220274353027343750e+02,9.657680276860366314e-03,0.000000000000000000e+00,3.234823793172836390e-03,6.524442389153932709e-01,3.390502929687500000e-01,6.062622070311363132e-02,9.803221158314126549e-05,0.000000000000000000e+00,3.299601376056645122e-05
4.303325249288844816e+02,1.526317871093750114e+02,2.220880615234374886e+02,9.755712488443507580e-03,0.000000000000000000e+00,3.267819806933402842e-03,-2.159021661003521331e+00,-7.895141601562727374e-01,-2.020776367187494316e+00,9.713951206906552838e-05,0.000000000000000000e+00,3.269873559474945068e-05
4.281735032678809603e+02,1.518422729492187386e+02,2.200672851562499943e+02,9.852852000512573108e-03,0.000000000000000000e+00,3.300518542528152292e-03,-3.312886328594800034e+00,-1.232629394531244316e+00,-3.037097167968738631e+00,1.029902016022737898e-04,0.000000000000000000e+00,3.467202186584498677e-05
4.248606169392861602e+02,1.506096435546874943e+02,2.170301879882812557e+02,9.955842202114846898e-03,0.000000000000000000e+00,3.335190564393997279e-03,-2.775043860166704235e+00,-8.432861328124943157e-01,-2.927856445312500000e+00,9.442486017366413797e-05,0.000000000000000000e+00,3.179162740707397461e-05
4.220855730791194560e+02,1.497663574218750000e+02,2.141023315429687557e+02,1.005026706228851104e-02,0.000000000000000000e+00,3.366982191801071254e-03,-1.368614471149385281e-01,-3.920898437499431566e-02,-8.668151855468693157e-01,1.096607369699565543e-04,0.000000000000000000e+00,3.692470490932473273e-05
4.219487116320045175e+02,1.497271484375000057e+02,2.132355163574218864e+02,1.015992779925846759e-02,0.000000000000000000e+00,3.403906896710395986e-03,-2.959947981037885256e+00,-1.165502929687505684e+00,-2.619012451171897737e+00,8.830459172227619891e-05,0.000000000000000000e+00,2.973638474941227641e-05
4.189887636509666322e+02,1.485616455078125000e+02,2.106165039062499886e+02,1.024823239098074379e-02,0.000000000000000000e+00,3.433643281459808263e-03,-4.782751506957083620e+00,-1.964257812499994316e+00,-4.011138916015625000e+00,9.861144250982584181e-05,0.000000000000000000e+00,3.321096301078796387e-05
4.142060121440095486e+02,1.465973876953125057e+02,2.066053649902343636e+02,1.034684383349056963e-02,0.000000000000000000e+00,3.466854244470596227e-03,-6.414034832958918741e+00,-2.650354003906244316e+00,-5.021356201171840894e+00,1.006890589550744897e-04,0.000000000000000000e+00,3.391392529010798726e-05
4.077919773110506299e+02,1.439470336914062614e+02,2.015840087890625227e+02,1.044753289244564412e-02,0.000000000000000000e+00,3.500768169760704214e-03,-3.525658341032794851e+00,-1.530969238281272737e+00,-2.984454345703142053e+00,9.886088537426965250e-05,0.000000000000000000e+00,3.330111503601056872e-05
4.042663189700178350e+02,1.424160644531249886e+02,1.985995544433593807e+02,1.054639377781991377e-02,0.000000000000000000e+00,3.534069284796714783e-03,-2.658243519181837655e+00,-1.185803222656232947e+00,-2.376422119140642053e+00,9.907668649311411613e-05,0.000000000000000000e+00,3.337748348712903795e-05
4.016080754508359973e+02,1.412302612304687557e+02,1.962231323242187386e+02,1.064547046431302789e-02,0.000000000000000000e+00,3.567446768283843821e-03,-2.948040616834930461e+00,-1.339709472656267053e+00,-2.590161132812482947e+00,9.680324809985436929e-05,0.000000000000000000e+00,3.261454403400429816e-05
3.986600348340010669e+02,1.398905517578124886e+02,1.936329711914062557e+02,1.074227371241288226e-02,0.000000000000000000e+00,3.600061312317848119e-03,-5.545163705073150595e+00,-2.544982910156250000e+00,-4.688287353515619316e+00,1.016331787114695129e-04,0.000000000000000000e+00,3.424547612667109761e-05
3.931148711289279163e+02,1.373455688476562386e+02,1.889446838378906364e+02,1.084390689112435177e-02,0.000000000000000000e+00,3.634306788444519216e-03,-9.215439948293521866e+00,-4.255578613281244316e+00,-7.574560546875005684e+00,1.016228504581370706e-04,0.000000000000000000e+00,3.424547612667066393e-05
3.838994311806343944e+02,1.330899902343749943e+02,1.813701232910156307e+02,1.094552974158248884e-02,0.000000000000000000e+00,3.668552264571189880e-03,-8.261184034024665834e+00,-3.945104980468755684e+00,-7.085693359375000000e+00,9.708516884042971140e-05,0.000000000000000000e+00,3.271959722042075067e-05
3.756382471466097286e+02,1.291448852539062386e+02,1.742844299316406307e+02,1.104261491042291855e-02,0.000000000000000000e+00,3.701271861791610631e-03,-5.376401410059429509e+00,-2.692443847656235789e+00,-4.978771972656232947e+00,1.060765062732126757e-04,0.000000000000000000e+00,3.575310111045846076e-05
3.702618457365502991e+02,1.264524414062500028e+02,1.693056579589843977e+02,1.114869141669613123e-02,0.000000000000000000e+00,3.737024962902069092e-03,-7.920937494303586845e+00,-3.774902343750000000e+00,-6.587219238281278422e+00,9.153630199020684755e-05,0.000000000000000000e+00,3.085583448410051527e-05
3.623409082422467122e+02,1.226775390625000028e+02,1.627184387207031193e+02,1.124022771868633808e-02,0.000000000000000000e+00,3.767880797386169607e-03,-1.522310295607252328e+01,-7.197338867187497158e+00,-1.228291015624998295e+01,9.618288589082271689e-05,0.000000000000000000e+00,3.242492675781250000e-05
3.471178052861741890e+02,1.154802001953125057e+02,1.504355285644531364e+02,1.133641060457716079e-02,0.000000000000000000e+00,3.800305724143982107e-03,-1.309723782792303837e+01,-6.149694824218755684e+00,-1.027933959960938637e+01,9.842538452942833915e-05,0.000000000000000000e+00,3.318414092063877788e-05
3.340205674582511506e+02,1.093305053710937500e+02,1.401561889648437500e+02,1.143483598910658913e-02,0.000000000000000000e+00,3.833489865064620885e-03,-1.022536833455751548e+01,-4.778503417968750000e+00,-7.923999023437488631e+00,9.845767925111166552e-05,0.000000000000000000e+00,3.319829702377310662e-05
3.237951991236936351e+02,1.045520019531250000e+02,1.322321899414062614e+02,1.153329366835770080e-02,0.000000000000000000e+00,3.866688162088393992e-03,-1.441370868301322616e+01,-6.716833496093755684e+00,-1.112035522460938353e+01,1.051760972590760207e-04,0.000000000000000000e+00,3.546699881553684597e-05
3.093814904406804089e+02,9.783516845703124432e+01,1.211118347167968778e+02,1.163846976561677682e-02,0.000000000000000000e+00,3.902155160903930838e-03,-1.430259145820087952e+01,-6.660095214843750000e+00,-1.086231994628907671e+01,9.321458593275662452e-05,0.000000000000000000e+00,3.143697977066057386e-05
2.950788989824795294e+02,9.117507324218749432e+01,1.102495147705078011e+02,1.173168435154953344e-02,0.000000000000000000e+00,3.933592140674591411e-03,-1.531961924931505337e+01,-6.979467773437491473e+00,-1.124591674804686647e+01,1.075452319282289154e-04,0.000000000000000000e+00,3.627315163612365723e-05
2.797592797331644761e+02,8.419560546875000284e+01,9.900359802246093466e+01,1.183922958347776236e-02,0.000000000000000000e+00,3.969865292310715069e-03,-9.347779903548939728e+00,-4.299938964843747158e+00,-6.808416748046866473e+00,9.677979011266449327e-05,0.000000000000000000e+00,3.264620900154079075e-05
2.704114998296155363e+02,7.989566650390625568e+01,9.219518127441406818e+01,1.193600937359042685e-02,0.000000000000000000e+00,4.002511501312255859e-03,-7.039196627644628279e+00,-3.256872558593755684e+00,-5.074365234375008527e+00,9.677116083788538103e-05,0.000000000000000000e+00,3.264583647251146498e-05
2.633723032019709080e+02,7.663879394531250000e+01,8.712081604003905966e+01,1.203278053442831223e-02,0.000000000000000000e+00,4.035157337784767324e-03,-6.902357723586703742e+00,-3.101525878906244316e+00,-4.694976806640610789e+00,1.048247348862454964e-04,0.000000000000000000e+00,3.536641597747750693e-05
2.564699454783842043e+02,7.353726806640625568e+01,8.242583923339844887e+01,1.213760526931455773e-02,0.000000000000000000e+00,4.070523753762244831e-03,-5.496616338476570718e+00,-2.459777832031250000e+00,-3.786572265625011369e+00,1.148916403209774423e-04,0.000000000000000000e+00,3.876723349094390869e-05
2.509733291399076336e+02,7.107749023437500568e+01,7.863926696777343750e+01,1.225249690963553517e-02,0.000000000000000000e+00,4.109290987253188740e-03,-3.943955664968314068e+00,-1.715325927734383527e+00,-2.789355468750002842e+00,8.162549376750961871e-05,0.000000000000000000e+00,2.754479646682739258e-05
2.470293734749393195e+02,6.936216430664062216e+01,7.584991149902343466e+01,1.233412240340304479e-02,0.000000000000000000e+00,4.136835783720016133e-03,-4.951930919621531757e+00,-2.150579833984366473e+00,-3.557122802734369316e+00,9.876874956441829279e-05,0.000000000000000000e+00,3.333352506160788126e-05
2.420774425553177878e+02,6.721158447265625568e+01,7.229278869628906534e+01,1.243289115296746308e-02,0.000000000000000000e+00,4.170169308781624014e-03,-3.759289191680238673e+00,-1.652484130859377842e+00,-2.799084472656247158e+00,9.875973104162862060e-05,0.000000000000000000e+00,3.333315253257768812e-05
2.383181533636375491e+02,6.555910034179687784e+01,6.949370422363281818e+01,1.253165088400909170e-02,0.000000000000000000e+00,4.203502461314201702e-03,-3.144077994031192702e+00,-1.366400146484380684e+00,-2.399307250976562500e+00,9.874997852008134125e-05,0.000000000000000000e+00,3.333352506160701390e-05
2.351740753696063564e+02,6.419270019531249716e+01,6.709439697265625568e+01,1.263040086252917304e-02,0.000000000000000000e+00,4.236835986375808716e-03,-3.169504565927837803e+00,-1.347637939453122158e+00,-2.407864379882823869e+00,9.874022792490458333e-05,0.000000000000000000e+00,3.333315253257768812e-05
2.320045708036785186e+02,6.284506225585937500e+01,6.468653259277343182e+01,1.272914109045407763e-02,0.000000000000000000e+00,4.270169138908386404e-03,-3.308594164343958255e+00,-1.389733886718751421e+00,-2.566717529296866473e+00,9.873047925465505692e-05,0.000000000000000000e+00,3.333352506160701390e-05
2.286959766393345603e+02,6.145532836914062358e+01,6.211981506347656534e+01,1.282787156970873269e-02,0.000000000000000000e+00,4.303502663969993418e-03,-3.597623615181532841e+00,-1.460174560546875000e+00,-3.022451782226568184e+00,9.872073250963286917e-05,0.000000000000000000e+00,3.333315253257768812e-05
2.250983530241530275e+02,5.999515380859374858e+01,5.909736328124999716e+01,1.292659230221836555e-02,0.000000000000000000e+00,4.336835816502571106e-03,-2.547137275376798016e+00,-1.048504638671872158e+00,-2.341366577148434658e+00,9.871098768861157058e-05,0.000000000000000000e+00,3.333352506160701390e-05
2.225512157487762295e+02,5.894664916992187642e+01,5.675599670410156250e+01,1.302530328990697712e-02,0.000000000000000000e+00,4.370169341564178120e-03,-2.359127311230366786e+00,-9.907226562500000000e-01,-2.342613220214843750e+00,9.869977410351636615e-05,0.000000000000000000e+00,3.333315253257768812e-05
2.201920884375458627e+02,5.795592651367187642e+01,5.441338348388671875e+01,1.312400306401049349e-02,0.000000000000000000e+00,4.403502494096755808e-03,-2.352793762489596929e+00,-9.648925781250028422e-01,-2.363668823242186079e+00,9.869150396187888197e-05,0.000000000000000000e+00,3.333352506160788126e-05
2.178392946750562658e+02,5.699103393554687358e+01,5.204971466064453267e+01,1.322269456797237237e-02,0.000000000000000000e+00,4.436836019158363689e-03,-2.167775649978324282e+00,-8.948364257812500000e-01,-2.155682373046879263e+00,9.868176491029806430e-05,0.000000000000000000e+00,3.333315253257682076e-05
2.156715190250779415e+02,5.609619750976562358e+01,4.989403228759765341e+01,1.332137633288267044e-02,0.000000000000000000e+00,4.470169171690940510e-03,-1.748996409778271754e+00,-7.435363769531235789e-01,-1.860633850097656250e+00,9.867202778044044387e-05,0.000000000000000000e+00,3.333352506160788126e-05
2.139225226152996697e+02,5.535266113281250000e+01,4.803339843749999716e+01,1.342004836066311088e-02,0.000000000000000000e+00,4.503502696752548391e-03,-1.519575885407135729e+00,-6.590637207031235789e-01,-1.707801818847656250e+00,9.866229257174050082e-05,0.000000000000000000e+00,3.333352506160701390e-05
2.124029467298925340e+02,5.469359741210937642e+01,4.632559661865234091e+01,1.351871065323485138e-02,0.000000000000000000e+00,4.536836221814155405e-03,-1.327433281972417944e+00,-5.826477050781235789e-01,-1.653819274902346592e+00,9.865255928428497134e-05,0.000000000000000000e+00,3.333315253257768812e-05
2.110755134479201161e+02,5.411094970703125284e+01,4.467177734374999432e+01,1.361736321251913635e-02,0.000000000000000000e+00,4.570169374346733093e-03,-1.186048006561804868e+00,-5.096618652343778422e-01,-1.502684020996085223e+00,9.864282791662883076e-05,0.000000000000000000e+00,3.333352506160701390e-05
2.098894654413583112e+02,5.360128784179687500e+01,4.316909332275390909e+01,1.371600604043576518e-02,0.000000000000000000e+00,4.603502899408340107e-03,-1.070389696476979680e+00,-4.467956542968778422e-01,-1.386982727050785513e+00,9.863162879692605189e-05,0.000000000000000000e+00,3.333315253257768812e-05
2.088190757448813315e+02,5.315449218749999716e+01,4.178211059570312358e+01,1.381463766923269124e-02,0.000000000000000000e+00,4.636836051940917795e-03,-1.117566964591333090e+00,-4.544250488281207367e-01,-1.400173950195309658e+00,9.862337108513391515e-05,0.000000000000000000e+00,3.333352506160788126e-05
2.077015087802899984e+02,5.270006713867187642e+01,4.038193664550781392e+01,1.391326104031782515e-02,0.000000000000000000e+00,4.670169577002525677e-03,-8.998913908207555323e-01,-3.761901855468750000e-01,-1.222415161132815342e+00,9.861364547519152479e-05,0.000000000000000000e+00,3.333315253257682076e-05
2.068016173894692429e+02,5.232387695312500142e+01,3.915952148437499858e+01,1.401187468579301668e-02,0.000000000000000000e+00,4.703502729535102497e-03,-8.288478924819742133e-01,-3.494262695312500000e-01,-1.106927490234376421e+00,9.860392178278123976e-05,0.000000000000000000e+00,3.333352506160788126e-05
2.059727694969872687e+02,5.197445068359375142e+01,3.805259399414062216e+01,1.411047860757579792e-02,0.000000000000000000e+00,4.736836254596710379e-03,-8.547445752205931058e-01,-3.495361328125028422e-01,-1.109005737304684658e+00,9.859420000820490193e-05,0.000000000000000000e+00,3.333315253257768812e-05
2.051180249217666756e+02,5.162491455078124858e+01,3.694358825683593750e+01,1.420907280758400282e-02,0.000000000000000000e+00,4.770169407129288067e-03,-9.084361867571146831e-01,-3.778503417968721578e-01,-1.093095397949213066e+00,9.858448015024473543e-05,0.000000000000000000e+00,3.333352506160701390e-05
2.042095887350095609e+02,5.124706420898437642e+01,3.585049285888672443e+01,1.430765728773424755e-02,0.000000000000000000e+00,4.803502932190895081e-03,-9.759024292783351484e-01,-4.191192626953110789e-01,-1.112789916992191763e+00,9.857476220833001623e-05,0.000000000000000000e+00,3.333315253257768812e-05
2.032336863057312257e+02,5.082794494628906534e+01,3.473770294189453267e+01,1.440623204994257757e-02,0.000000000000000000e+00,4.836836084723472769e-03,-9.620912170040867295e-01,-4.182495117187556843e-01,-1.083772277832032671e+00,9.856357752413384687e-05,0.000000000000000000e+00,3.333352506160701390e-05
2.022715950887271390e+02,5.040969543457030966e+01,3.365393066406250000e+01,1.450479562746671142e-02,0.000000000000000000e+00,4.870169609785079783e-03,-9.707074049770483271e-01,-4.337493896484332367e-01,-1.092868041992190342e+00,9.855533221642294450e-05,0.000000000000000000e+00,3.333315253257768812e-05
2.013008876837500907e+02,4.997594604492187642e+01,3.256106262207030966e+01,1.460335095968313436e-02,0.000000000000000000e+00,4.903502762317657471e-03,-9.896082752039490060e-01,-4.417633056640610789e-01,-1.150845336914059658e+00,9.854562002009452371e-05,0.000000000000000000e+00,3.333352506160701390e-05
2.003112794085461417e+02,4.953418273925781534e+01,3.141021728515625000e+01,1.470189657970322888e-02,0.000000000000000000e+00,4.936836287379264485e-03,-8.840295590592575081e-01,-3.992462158203125000e-01,-1.072248840332029829e+00,9.853590973754947080e-05,0.000000000000000000e+00,3.333315253257768812e-05
1.994272498494868842e+02,4.913493652343750284e+01,3.033796844482422017e+01,1.480043248944077836e-02,0.000000000000000000e+00,4.970169439911842173e-03,-7.948242865024042203e-01,-3.641082763671903422e-01,-1.012396240234377132e+00,9.852620136887625668e-05,0.000000000000000000e+00,3.333352506160788126e-05
1.986324255629844799e+02,4.877082824707031250e+01,2.932557220458984304e+01,1.489895869080965461e-02,0.000000000000000000e+00,5.003502964973450054e-03,-7.054438976077221923e-01,-3.270416259765625000e-01,-9.443252563476569605e-01,9.851649491263159142e-05,0.000000000000000000e+00,3.333352506160701390e-05
1.979269816653767577e+02,4.844378662109375000e+01,2.838124694824218608e+01,1.499747518572228620e-02,0.000000000000000000e+00,5.036836490035057068e-03,-6.869481118280305054e-01,-3.238281249999985789e-01,-9.189842224121100855e-01,9.850679036913119468e-05,0.000000000000000000e+00,3.333315253257768812e-05
1.972400335535487272e+02,4.811995849609375142e+01,2.746226272583007599e+01,1.509598197609141740e-02,0.000000000000000000e+00,5.070169642567634756e-03,-7.117016235490041254e-01,-3.387847900390639211e-01,-8.846839904785106512e-01,9.849708773715035171e-05,0.000000000000000000e+00,3.333352506160701390e-05
1.965283319299997231e+02,4.778117370605468750e+01,2.657757873535156534e+01,1.519447906382856775e-02,0.000000000000000000e+00,5.103503167629241770e-03,-6.861755812813612465e-01,-3.223571777343750000e-01,-8.848579406738323883e-01,9.848591951502200237e-05,0.000000000000000000e+00,3.333315253257768812e-05
1.958421563487183619e+02,4.745881652832031250e+01,2.569272079467773295e+01,1.529296498334358975e-02,0.000000000000000000e+00,5.136836320161819458e-03,-6.364436678190656949e-01,-2.948425292968721578e-01,-8.856689453124957367e-01,9.847768835043353708e-05,0.000000000000000000e+00,3.333352506160701390e-05
1.952057126808992962e+02,4.716397399902344034e+01,2.480705184936523722e+01,1.539144267169402329e-02,0.000000000000000000e+00,5.170169845223426472e-03,-5.717830103767198580e-01,-2.691131591796889211e-01,-8.676086425781264211e-01,9.846799145046998547e-05,0.000000000000000000e+00,3.333315253257768812e-05
1.946339296705225763e+02,4.689486083984375142e+01,2.393944320678711080e+01,1.548991066314449327e-02,0.000000000000000000e+00,5.203502997756004160e-03,-5.539955134936178638e-01,-2.655639648437500000e-01,-8.614662170410198883e-01,9.845829645976737765e-05,0.000000000000000000e+00,3.333352506160788126e-05
1.940799341570289585e+02,4.662929687500000142e+01,2.307797698974609091e+01,1.558836895960426065e-02,0.000000000000000000e+00,5.236836522817612041e-03,-5.538355719372987096e-01,-2.678802490234417633e-01,-8.362831115722642039e-01,9.844860337776366321e-05,0.000000000000000000e+00,3.333315253257682076e-05
1.935260985850916597e+02,4.636141662597655966e+01,2.224169387817382670e+01,1.568681756298202432e-02,0.000000000000000000e+00,5.270169675350188862e-03,-5.773619396873073129e-01,-2.754730224609360789e-01,-7.945098876953125000e-01,9.843891220455078250e-05,0.000000000000000000e+00,3.333352506160788126e-05
1.929487366454043524e+02,4.608594360351562358e+01,2.144718399047851420e+01,1.578525647518657510e-02,0.000000000000000000e+00,5.303503200411796743e-03,-5.366504168232211214e-01,-2.625701904296846578e-01,-7.215751647949204539e-01,9.842922293868891503e-05,0.000000000000000000e+00,3.333315253257768812e-05
1.924120862285811313e+02,4.582337341308593892e+01,2.072560882568359375e+01,1.588368569812526401e-02,0.000000000000000000e+00,5.336836352944374431e-03,-5.981707581074999780e-01,-2.865417480468792633e-01,-6.899742126464829539e-01,9.841806909035438755e-05,0.000000000000000000e+00,3.333352506160701390e-05
1.918139154704736313e+02,4.553683166503905966e+01,2.003563461303711080e+01,1.598210376721561840e-02,0.000000000000000000e+00,5.370169878005981445e-03,-5.808878475817778053e-01,-2.789367675781235789e-01,-6.989891052246122172e-01,9.840985027282506126e-05,0.000000000000000000e+00,3.333315253257768812e-05
1.912330276228918535e+02,4.525789489746093608e+01,1.933664550781249858e+01,1.608051361748844346e-02,0.000000000000000000e+00,5.403503030538559133e-03,-5.744926669972585387e-01,-2.778106689453139211e-01,-6.958236694335937500e-01,9.840016672736651149e-05,0.000000000000000000e+00,3.333352506160701390e-05
1.906585349558945950e+02,4.498008422851562216e+01,1.864082183837890483e+01,1.617891378421580997e-02,0.000000000000000000e+00,5.436836555600166147e-03,-5.694975948885314665e-01,-2.746154785156207367e-01,-6.858661651611299703e-01,9.839048508699863027e-05,0.000000000000000000e+00,3.333315253257768812e-05
1.900890373610060635e+02,4.470546875000000142e+01,1.795495567321777486e+01,1.627730426930280860e-02,0.000000000000000000e+00,5.470169708132743835e-03,-5.345467128323946326e-01,-2.575103759765653422e-01,-6.695930480957059672e-01,9.838080535205101507e-05,0.000000000000000000e+00,3.333352506160701390e-05
1.895544906481736689e+02,4.444795837402343608e+01,1.728536262512206889e+01,1.637568507465485962e-02,0.000000000000000000e+00,5.503503233194350849e-03,-5.038420417183147038e-01,-2.407257080078082367e-01,-6.548603057861299703e-01,9.837112752129201221e-05,0.000000000000000000e+00,3.333315253257768812e-05
1.890506486064553542e+02,4.420723266601562784e+01,1.663050231933593892e+01,1.647405620217615163e-02,0.000000000000000000e+00,5.536836385726928537e-03,-4.989804257064065496e-01,-2.388031005859403422e-01,-6.551174163818380691e-01,9.836145159416997963e-05,0.000000000000000000e+00,3.333352506160788126e-05
1.885516681807489476e+02,4.396842956542968750e+01,1.597538490295410085e+01,1.657241765377032161e-02,0.000000000000000000e+00,5.570169910788536419e-03,-5.114451040711571750e-01,-2.378173828125014211e-01,-6.543731689453125000e-01,9.835031208998631924e-05,0.000000000000000000e+00,3.333352506160701390e-05
1.880402230766777905e+02,4.373061218261718608e+01,1.532101173400878835e+01,1.667076796586030793e-02,0.000000000000000000e+00,5.603503435850143433e-03,-5.277858769485987978e-01,-2.320892333984332367e-01,-6.748664855957020592e-01,9.834210559399314544e-05,0.000000000000000000e+00,3.333315253257768812e-05
1.875124371997291917e+02,4.349852294921875284e+01,1.464614524841308629e+01,1.676911007145430108e-02,0.000000000000000000e+00,5.636836588382721121e-03,-4.802954369693566150e-01,-2.165954589843792633e-01,-5.621894836425784803e-01,9.833243537524238853e-05,0.000000000000000000e+00,3.333352506160701390e-05
1.870321417627598350e+02,4.328192749023437358e+01,1.408395576477050781e+01,1.686744250682954346e-02,0.000000000000000000e+00,5.670170113444328135e-03,-4.862786522265025724e-01,-2.253021240234360789e-01,-5.444622039794921875e-01,9.832276705787693083e-05,0.000000000000000000e+00,3.333315253257768812e-05
1.865458631105333325e+02,4.305662536621093750e+01,1.353949356079101562e+01,1.696576527388742039e-02,0.000000000000000000e+00,5.703503265976905823e-03,-4.731288208232626857e-01,-2.198760986328096578e-01,-5.457881927490237928e-01,9.831310064199738630e-05,0.000000000000000000e+00,3.333352506160701390e-05
1.860727342897100698e+02,4.283674926757812784e+01,1.299370536804199183e+01,1.706407837452941778e-02,0.000000000000000000e+00,5.736836791038512837e-03,-4.477678526554313976e-01,-2.128662109375056843e-01,-5.003032684326171875e-01,9.830343612616046500e-05,0.000000000000000000e+00,3.333315253257768812e-05
1.856249664370546384e+02,4.262388305664062216e+01,1.249340209960937464e+01,1.716238181065557825e-02,0.000000000000000000e+00,5.770169943571090525e-03,-3.662877969808846501e-01,-1.844207763671832367e-01,-4.712757110595706678e-01,9.829377351068535607e-05,0.000000000000000000e+00,3.333352506160788126e-05
1.852586786400737537e+02,4.243946228027343892e+01,1.202212638854980398e+01,1.726067558416626360e-02,0.000000000000000000e+00,5.803503468632698406e-03,-3.174876088341136438e-01,-1.581573486328125000e-01,-4.666851043701161217e-01,9.828411279435428360e-05,0.000000000000000000e+00,3.333315253257682076e-05
1.849411910312396401e+02,4.228130493164062642e+01,1.155544128417968786e+01,1.735895969696061789e-02,0.000000000000000000e+00,5.836836621165275227e-03,-2.917657845962935426e-01,-1.418212890624985789e-01,-4.536485671997070312e-01,9.827298964813768745e-05,0.000000000000000000e+00,3.333352506160788126e-05
1.846494252466433466e+02,4.213948364257812784e+01,1.110179271697998082e+01,1.745723268660875557e-02,0.000000000000000000e+00,5.870170146226883108e-03,-2.896523652253222281e-01,-1.407806396484403422e-01,-4.524675369262691760e-01,9.826479720121197858e-05,0.000000000000000000e+00,3.333315253257768812e-05
1.843597728814180243e+02,4.199870300292968750e+01,1.064932518005371165e+01,1.755549748380996755e-02,0.000000000000000000e+00,5.903503298759460796e-03,-3.006339404274456228e-01,-1.444671630859346578e-01,-4.317607879638671875e-01,9.825514217979766651e-05,0.000000000000000000e+00,3.333352506160701390e-05
1.840591389409905787e+02,4.185423583984375284e+01,1.021756439208984446e+01,1.765375262598976522e-02,0.000000000000000000e+00,5.936836823821067810e-03,-2.993421773140312325e-01,-1.438446044921875000e-01,-4.276346206665042615e-01,9.824548905530000598e-05,0.000000000000000000e+00,3.333315253257768812e-05
1.837597967636765475e+02,4.171039123535156534e+01,9.789929771423340199e+00,1.775199811504506522e-02,0.000000000000000000e+00,5.970169976353645498e-03,-3.157459007016427677e-01,-1.431610107421903422e-01,-3.909259796142574572e-01,9.823583782713959933e-05,0.000000000000000000e+00,3.333352506160701390e-05
1.834440508629749047e+02,4.156723022460937500e+01,9.399003791809082742e+00,1.785023395287220482e-02,0.000000000000000000e+00,6.003503501415252512e-03,-3.326515640412139874e-01,-1.458251953124971578e-01,-3.594079971313490773e-01,9.822618849542746888e-05,0.000000000000000000e+00,3.333315253257768812e-05
1.831113992989336907e+02,4.142140502929687784e+01,9.039595794677733664e+00,1.794846014136763229e-02,0.000000000000000000e+00,6.036836653947830200e-03,-3.434096724778896714e-01,-1.394866943359431843e-01,-3.614061355590809654e-01,9.821654105872726359e-05,0.000000000000000000e+00,3.333352506160701390e-05
1.827679896264558010e+02,4.128191833496093466e+01,8.678189659118652699e+00,1.804667668242635956e-02,0.000000000000000000e+00,6.070170179009437214e-03,-3.376634293829283706e-01,-1.475189208984346578e-01,-3.726964950561519885e-01,9.820543219547783753e-05,0.000000000000000000e+00,3.333315253257768812e-05
1.824303261970728727e+02,4.113439941406250000e+01,8.305493164062500711e+00,1.814488211462183739e-02,0.000000000000000000e+00,6.103503331542014902e-03,-3.187994219027814324e-01,-1.255920410156221578e-01,-3.695333480834968043e-01,9.819725201356058197e-05,0.000000000000000000e+00,3.333352506160788126e-05
1.821115267751700912e+02,4.100880737304687784e+01,7.935959815979003906e+00,1.824307936663539798e-02,0.000000000000000000e+00,6.136836856603622783e-03,-3.148994238696900538e-01,-1.242004394531264211e-01,-3.712616920471187854e-01,9.818761026025857319e-05,0.000000000000000000e+00,3.333352506160701390e-05
1.817966273513004012e+02,4.088460693359375142e+01,7.564698123931885121e+00,1.834126697689565655e-02,0.000000000000000000e+00,6.170170381665229797e-03,-3.133483233531251244e-01,-1.221649169921903422e-01,-3.758876800537107599e-01,9.817797039974110462e-05,0.000000000000000000e+00,3.333315253257768812e-05
1.814832790279472761e+02,4.076244201660156108e+01,7.188810443878174361e+00,1.843944494729539765e-02,0.000000000000000000e+00,6.203503534197807485e-03,-3.148434273383031723e-01,-1.242401123046832367e-01,-3.700246810913094819e-01,9.816833243231348760e-05,0.000000000000000000e+00,3.333352506160701390e-05
1.811684356006089729e+02,4.063820190429687784e+01,6.818785762786864879e+00,1.853761327972771114e-02,0.000000000000000000e+00,6.236837059259414499e-03,-3.235024638069603498e-01,-1.250732421875042633e-01,-3.680764198303219104e-01,9.815869635677182403e-05,0.000000000000000000e+00,3.333315253257768812e-05
1.808449331368020125e+02,4.051312866210937358e+01,6.450709342956542969e+00,1.863577197608448296e-02,0.000000000000000000e+00,6.270170211791992188e-03,-3.198754129288090553e-01,-1.237091064453110789e-01,-3.670002937316896308e-01,9.814906217255406351e-05,0.000000000000000000e+00,3.333315253257768812e-05
1.805250577238732035e+02,4.038941955566406250e+01,6.083709049224853338e+00,1.873392103825703703e-02,0.000000000000000000e+00,6.303503364324569876e-03,-3.242580503217311616e-01,-1.227630615234360789e-01,-3.733640193939207208e-01,9.813942987975735055e-05,0.000000000000000000e+00,3.333389759063720703e-05
1.802007996735514723e+02,4.026665649414062642e+01,5.710345029830932617e+00,1.883206046813679438e-02,0.000000000000000000e+00,6.336837261915207083e-03,-3.324987187300223468e-01,-1.186218261718750000e-01,-3.916574239730836737e-01,9.812833730379194597e-05,0.000000000000000000e+00,3.333315253257768812e-05
1.798683009548214500e+02,4.014803466796875142e+01,5.318687605857848943e+00,1.893018880544058632e-02,0.000000000000000000e+00,6.370170414447784771e-03,-3.328284507262821990e-01,-1.156280517578167633e-01,-4.014161109924314630e-01,9.812017110793005981e-05,0.000000000000000000e+00,3.333315253257682076e-05
1.795354725040951678e+02,4.003240661621093466e+01,4.917271494865417480e+00,1.902830897654851638e-02,0.000000000000000000e+00,6.403503566980361592e-03,-3.502797542128632813e-01,-1.185485839843707367e-01,-4.200095430016519416e-01,9.811054448429293307e-05,0.000000000000000000e+00,3.333315253257768812e-05
1.791851927498823045e+02,3.991385803222656392e+01,4.497261951863765539e+00,1.912641952103280932e-02,0.000000000000000000e+00,6.436836719512939280e-03,-3.681841568071035908e-01,-1.224121093749985789e-01,-4.349011167883869433e-01,9.810091974984946894e-05,0.000000000000000000e+00,3.333389759063720703e-05
1.788170085930752009e+02,3.979144592285156534e+01,4.062360835075378596e+00,1.922452044078265879e-02,0.000000000000000000e+00,6.470170617103576487e-03,-3.863676015388648466e-01,-1.257659912109403422e-01,-4.507892370223998135e-01,9.809129690318066364e-05,0.000000000000000000e+00,3.333315253257768812e-05
1.784306409915363361e+02,3.966567993164062500e+01,3.611571598052978782e+00,1.932261173768583945e-02,0.000000000000000000e+00,6.503503769636154175e-03,-3.978104164963838230e-01,-1.277130126953096578e-01,-4.594865798950196201e-01,9.808167594459182848e-05,0.000000000000000000e+00,3.333315253257768812e-05
1.780328305750399522e+02,3.953796691894531534e+01,3.152085018157959162e+00,1.942069341363043128e-02,0.000000000000000000e+00,6.536836922168731863e-03,-4.063438276829174356e-01,-1.263092041015667633e-01,-4.570937156677246094e-01,9.807205687288600426e-05,0.000000000000000000e+00,3.333315253257768812e-05
1.776264867473570348e+02,3.941165771484374858e+01,2.694991302490234553e+00,1.951876547050331728e-02,0.000000000000000000e+00,6.570170074701309551e-03,-4.029041823601460237e-01,-1.220581054687457367e-01,-4.429577827453616834e-01,9.806097851796855003e-05,0.000000000000000000e+00,3.333389759063720703e-05
1.772235825649968888e+02,3.928959960937500284e+01,2.252033519744872869e+00,1.961682644902128583e-02,0.000000000000000000e+00,6.603503972291946758e-03,-4.039201105517804535e-01,-1.230468750000000000e-01,-4.386578559875489169e-01,9.805282453157621037e-05,0.000000000000000000e+00,3.333315253257682076e-05
1.768196624544451083e+02,3.916655273437500284e+01,1.813375663757323952e+00,1.971487927355286204e-02,0.000000000000000000e+00,6.636837124824523579e-03,-3.599238774965556331e-01,-1.084594726562500000e-01,-3.956448554992675337e-01,8.774831480643993653e-05,0.000000000000000000e+00,2.983286976814339408e-05
