Sigma_1,Sigma_2,Sigma_12,Epsilon_1,Epsilon_2,Epsilon_12,dSigma_1,dSigma_2,dSigma_12,dEpsilon_1,dEpsilon_2,dEpsilon_12
-0.000000000000000000e+00,-0.000000000000000000e+00,-0.000000000000000000e+00,0.000000000000000000e+00,0.000000000000000000e+00,0.000000000000000000e+00,5.360748069128431581e+01,3.615197088374417689e+01,7.067090454101563068e+01,8.995952041278224964e-04,2.999551512614302717e-04,8.999999612569808743e-04
5.360748069128431581e+01,3.615197088374417689e+01,7.067090454101563068e+01,8.995952041278224964e-04,2.999551512614302717e-04,8.999999612569808743e-04,4.745825946269034290e+01,3.198088468641169158e+01,6.250504760742185795e+01,7.989615236841068717e-04,2.665512994685605348e-04,8.000001311302184842e-04
1.010657401539746587e+02,6.813285557015586846e+01,1.331759521484374886e+02,1.698556727811929368e-03,5.665064507299908065e-04,1.700000092387199358e-03,4.702589232833504695e+01,3.167961017974533888e+01,6.188969116210938637e+01,7.983235079351838018e-04,2.664802688062071481e-04,7.999999448657037129e-04
1.480916324823097057e+02,9.981246574990120735e+01,1.950656433105468750e+02,2.496880235747113170e-03,8.329867195361979545e-04,2.500000037252903071e-03,4.611060354938535966e+01,3.103874658187967839e+01,6.068480834960936932e+01,7.976866958603391101e-04,2.664092759903087353e-04,7.999999448657034960e-04
1.942022360316950653e+02,1.308512123317808857e+02,2.557504516601562443e+02,3.294566931607452280e-03,1.099395995526506690e-03,3.299999982118606567e-03,3.791881365466565512e+01,2.575499868017615768e+01,4.998688964843748295e+01,6.974542488792810288e-04,2.330499215526967132e-04,6.999999284744264430e-04
2.321210496863607204e+02,1.566062110119570434e+02,3.057373413085937273e+02,3.992021180486733309e-03,1.332445917079203403e-03,3.999999910593033010e-03,3.909572376474147859e+01,2.734420269931476355e+01,5.135260009765625000e+01,7.996054342390857689e-04,2.673161931024815689e-04,8.031249046325681859e-04
2.712167734511021990e+02,1.839504137112718070e+02,3.570899414062499773e+02,4.791626614725819078e-03,1.599762110181684972e-03,4.803124815225601196e-03,3.294185099193066435e+01,2.450425398700096480e+01,4.394079589843750000e+01,7.930007964484309460e-04,2.652488394235198894e-04,7.971256971359254664e-04
3.041586244430328634e+02,2.084546676982727718e+02,4.010307373046874773e+02,5.584627411174250024e-03,1.865010949605204861e-03,5.600250512361526663e-03,1.197174473878556000e+01,1.565444710579603793e+01,2.532370605468747726e+01,7.982631687757941324e-04,2.671501886154345386e-04,8.030541241168974095e-04
3.161303691818184234e+02,2.241091148040688097e+02,4.263544433593749545e+02,6.382890579950044156e-03,2.132161138220639400e-03,6.403304636478424072e-03,-6.705726968923301001e+01,-2.985362900821431253e+01,-5.285336914062497726e+01,7.946305527915557484e-04,2.660756057183445711e-04,8.000366389751432591e-04
2.490730994925854134e+02,1.942554857958544972e+02,3.735010742187499773e+02,7.177521132741599905e-03,2.398236743938983971e-03,7.203341275453567331e-03,-6.853307775118076961e+01,-3.446933559581563600e+01,-4.786049804687502274e+01,7.962310848912794448e-04,2.667529194900096143e-04,8.022859692573556037e-04
1.805400217414046438e+02,1.597861502000388612e+02,3.256405761718749545e+02,7.973752217632879349e-03,2.664989663428993585e-03,8.005627244710922935e-03,-4.492735932348696792e+01,-1.922168736109441056e+01,-2.227529296874996589e+01,7.986943530354576049e-04,2.677195799663210918e-04,8.054099977016435097e-04
1.356126624179176758e+02,1.405644628389444506e+02,3.033652832031249886e+02,8.772446570668336954e-03,2.932709243395314677e-03,8.811037242412566445e-03,-2.577680276015590266e+01,-6.828556961122558278e+00,-8.170166015625000000e+00,7.831728933247027874e-04,2.626552639615874901e-04,7.903829216957102693e-04
1.098358596577617732e+02,1.337359058778218923e+02,2.951951171874999886e+02,9.555619463993039742e-03,3.195364507356902167e-03,9.601420164108276714e-03,-1.909846960166755991e+01,-1.608360791309536353e+00,-3.101647949218715894e+00,8.230709474896184125e-04,2.761827935803561930e-04,8.313156664371493948e-04
9.073739005609421326e+01,1.321275450865123560e+02,2.920934692382812727e+02,1.037869041148265815e-02,3.471547300937258360e-03,1.043273583054542611e-02,-1.431347212451289863e+01,9.963422838648909874e-01,-1.388635253906272737e+00,7.662809063603403387e-04,2.572630668963462978e-04,7.745720446109757851e-04
7.642391793158131463e+01,1.331238873703772470e+02,2.907048339843750000e+02,1.114497131784299849e-02,3.728810367833604658e-03,1.120730787515640189e-02,-1.054231765958147093e+01,1.581603223923053747e+00,2.609741210937954747e-01,7.985820521411220868e-04,2.682469917271324694e-04,8.078545331954966463e-04
6.588160027199984370e+01,1.347054905943003007e+02,2.909658081054687955e+02,1.194355336998412058e-02,3.997057359560737128e-03,1.201516240835189854e-02,-6.752471107151919227e+00,2.694005110676840786e+00,1.755517578124909051e+00,7.800204252221085849e-04,2.621494303576832330e-04,7.897004485130313528e-04
5.912912916484792447e+01,1.373994957049771415e+02,2.927213256835937045e+02,1.272357379520622916e-02,4.259206789918420361e-03,1.280486285686492989e-02,-6.175152525622159772e+00,2.778731604206001293e+00,1.218237304687534106e+00,7.882096888024506254e-04,2.650393511674318386e-04,7.986173033714284025e-04
5.295397663922576470e+01,1.401782273091831428e+02,2.939395629882812386e+02,1.351178348400867979e-02,4.524246141085852199e-03,1.360348016023635830e-02,-7.128600719330535185e+00,2.133142809049019206e+00,-3.732910156250000000e-01,8.064266693547268716e-04,2.713081732003729332e-04,8.177265524864207186e-04
4.582537591989522952e+01,1.423113701182321620e+02,2.935662719726562386e+02,1.431821015336340666e-02,4.795554314286225132e-03,1.442120671272277901e-02,-4.399889301156434840e+00,2.851687951379034303e+00,8.687011718749886313e-01,7.904842736470869130e-04,2.660855536947117142e-04,8.022010326385487639e-04
4.142548661873879468e+01,1.451630580696111963e+02,2.944349731445312273e+02,1.510869442701049357e-02,5.061639867980936847e-03,1.522340774536132778e-02,-2.562450462576300936e+00,4.473826569952109367e+00,1.592126464843772737e+00,7.792694349860514874e-04,2.624478541821250593e-04,7.914409041404734529e-04
3.886303615616249374e+01,1.496368846395633057e+02,2.960270996093750000e+02,1.588796386199654506e-02,5.324087722163061906e-03,1.601484864950180123e-02,-2.588902210619401956e+00,5.846625424977048624e+00,1.034570312500022737e+00,8.272775218522987473e-04,2.787640267832717025e-04,8.408740162849405453e-04
3.627413394554309178e+01,1.554835100645403543e+02,2.970616699218750227e+02,1.671524138384884381e-02,5.602851748946333608e-03,1.685572266578674178e-02,-2.890661203493664289e+00,4.742480011877859170e+00,-2.753784179687954747e-01,7.630349470790394328e-04,2.572520558710234342e-04,7.761925458908101871e-04
3.338347274204942750e+01,1.602259900764182134e+02,2.967862915039062273e+02,1.747827633092788324e-02,5.860103804817357043e-03,1.763191521167755196e-02,-2.797163479645988104e+00,4.602846294766692381e+00,-3.638793945311817879e-01,7.624517054560242535e-04,2.571858942706168119e-04,7.761910557746894146e-04
3.058630926240343939e+01,1.648288363711849058e+02,2.964224121093750455e+02,1.824072803638390750e-02,6.117289699087973855e-03,1.840810626745224138e-02,-3.596638476630307224e+00,3.982625600300622182e+00,-1.928588867187556843e+00,7.856700653973910931e-04,2.651537289433134395e-04,8.004471659660318539e-04
2.698967078577313217e+01,1.688114619714855280e+02,2.944938232421874886e+02,1.902639810178129859e-02,6.382443428031287294e-03,1.920855343341827323e-02,-5.955741153162602330e+00,-5.637074143637988755e+00,-8.477429199218761369e+00,7.762294865780033915e-04,2.621025965241288724e-04,7.914468646049513390e-04
