Sigma_1,Sigma_2,Sigma_12,Epsilon_1,Epsilon_2,Epsilon_12,dSigma_1,dSigma_2,dSigma_12,dEpsilon_1,dEpsilon_2,dEpsilon_12
-0.000000000000000000e+00,-0.000000000000000000e+00,-0.000000000000000000e+00,0.000000000000000000e+00,0.000000000000000000e+00,0.000000000000000000e+00,3.560225296020507635e+00,1.230885089596041126e+01,5.632318305969238992e+00,0.000000000000000000e+00,1.999800121638574792e-04,6.666670087724923816e-05
3.560225296020507635e+00,1.230885089596041126e+01,5.632318305969238992e+00,0.000000000000000000e+00,1.999800121638574792e-04,6.666670087724923816e-05,1.779180526733398438e+00,6.152496394126778512e+00,2.813680839538573508e+00,0.000000000000000000e+00,9.997499944099476950e-05,3.333335043862462586e-05
5.339405822753906072e+00,1.846134729008718978e+01,8.445999145507812500e+00,0.000000000000000000e+00,2.999550116048522487e-04,1.000000513158738640e-04,1.778698730468749822e+00,6.151660175590208723e+00,2.812706375122070668e+00,0.000000000000000000e+00,9.996502871346707886e-05,3.333335043862461231e-05
7.118104553222655895e+00,2.461300746567739850e+01,1.125870552062988317e+01,0.000000000000000000e+00,3.999200403183193276e-04,1.333334017544984763e-04,1.778215789794922230e+00,6.150822572431113855e+00,2.811728286743162997e+00,0.000000000000000000e+00,9.995499016253158245e-05,3.333335043862462586e-05
8.896320343017578125e+00,3.076383003810851235e+01,1.407043380737304616e+01,0.000000000000000000e+00,4.998750304808509100e-04,1.666667521931231022e-04,1.777733612060547586e+00,6.149988932420800580e+00,2.810748291015624289e+00,0.000000000000000000e+00,9.994504669895497122e-05,3.333335043862462586e-05
1.067405395507812571e+01,3.691381897052931294e+01,1.688118209838867045e+01,0.000000000000000000e+00,5.998200771798058812e-04,2.000001026317477280e-04,1.777250671386717329e+00,6.149150091984957101e+00,2.809770965576174007e+00,0.000000000000000000e+00,9.993505868506125708e-05,3.333333879709243232e-05
1.245130462646484304e+01,4.306296906251427004e+01,1.969095306396484446e+01,0.000000000000000000e+00,6.997551358648671383e-04,2.333334414288401604e-04,1.776768493652344461e+00,6.148316740135413738e+00,2.808792877197266336e+00,0.000000000000000000e+00,9.992507266705201192e-05,3.333336208015679229e-05
1.422807312011718750e+01,4.921128580264968377e+01,2.249974594116211080e+01,0.000000000000000000e+00,7.996802085319191502e-04,2.666668035089969527e-04,1.776286315917968039e+00,6.147476656144974072e+00,2.807815551757812500e+00,0.000000000000000000e+00,9.991499559590334614e-05,3.333333879709245943e-05
1.600435943603515554e+01,5.535876245879465785e+01,2.530756149291992330e+01,0.000000000000000000e+00,8.995952041278224964e-04,3.000001423060894121e-04,1.775804138183595171e+00,6.146645126501880441e+00,2.806838226318358664e+00,0.000000000000000000e+00,9.990510662625400919e-05,3.333336208015679229e-05
1.778016357421875071e+01,6.150540758529653829e+01,2.811439971923828196e+01,0.000000000000000000e+00,9.995003107540765055e-04,3.333335043862462044e-04,1.775321960449218750e+00,6.145806864984265871e+00,2.805859375000000711e+00,0.000000000000000000e+00,9.989512659297180089e-05,3.333333879709245943e-05
1.955548553466796946e+01,6.765121445028080416e+01,3.092025909423828267e+01,0.000000000000000000e+00,1.099395437347048306e-03,3.666668431833386638e-04,1.774839782714842329e+00,6.144974095409907022e+00,2.804885864257812500e+00,0.000000000000000000e+00,9.988514855340403092e-05,3.333336208015679229e-05
2.133032531738281179e+01,7.379618854569071118e+01,3.372514495849609517e+01,0.000000000000000000e+00,1.199280585900452337e-03,4.000002052634954561e-04,1.774357604980469461e+00,6.144134597319819591e+00,2.803907775878904829e+00,0.000000000000000000e+00,9.987517250695308706e-05,3.333333879709240522e-05
2.310468292236328125e+01,7.994032314301053077e+01,3.652905273437500000e+01,0.000000000000000000e+00,1.299155758407405424e-03,4.333335440605878613e-04,1.773878479003904829e+00,6.143300592393686088e+00,2.802929687499997158e+00,0.000000000000000000e+00,9.986519845280017980e-05,3.333333879709245943e-05
2.487856140136718608e+01,8.608362373540421686e+01,3.933198242187499716e+01,0.000000000000000000e+00,1.399020956860205604e-03,4.666668828576803207e-04,1.773394775390627842e+00,6.142465961825692489e+00,2.801957702636720171e+00,0.000000000000000000e+00,9.985513339833408490e-05,3.333338536322112515e-05
2.665195617675781392e+01,9.222608969722990935e+01,4.213394012451171733e+01,0.000000000000000000e+00,1.498876090258539689e-03,5.000002682209014459e-04,1.772915649414059658e+00,6.141630739921197346e+00,2.800979614257819605e+00,0.000000000000000000e+00,9.984534931301090703e-05,3.333333879709245943e-05
2.842487182617187358e+01,9.836772043715110669e+01,4.493491973876953693e+01,0.000000000000000000e+00,1.598721439571550596e-03,5.333336070179939053e-04,1.772430419921875000e+00,6.140794875222141513e+00,2.800006103515620737e+00,0.000000000000000000e+00,9.983528824037877190e-05,3.333333879709245943e-05
3.019730224609374858e+01,1.045085153123732482e+02,4.773492584228515767e+01,0.000000000000000000e+00,1.698556727811929368e-03,5.666669458150863647e-04,1.771954345703125711e+00,6.139964495962971114e+00,2.799029541015620737e+00,0.000000000000000000e+00,9.982513622067449785e-05,3.333333879709245943e-05
3.196925659179687429e+01,1.106484798083362193e+02,5.053395538330077841e+01,0.000000000000000000e+00,1.798381864032603866e-03,6.000002846121788242e-04,1.771472167968749289e+00,6.139133541475814582e+00,2.798054504394535513e+00,0.000000000000000000e+00,9.981535806883657692e-05,3.333338536322112515e-05
3.374072875976562358e+01,1.167876133498120339e+02,5.333200988769531392e+01,0.000000000000000000e+00,1.898197222101440443e-03,6.333336699753999493e-04,1.770989990234376421e+00,6.138289720875576450e+00,2.797082519531251421e+00,0.000000000000000000e+00,9.980539595727186408e-05,3.333333879709245943e-05
3.551171875000000000e+01,1.229259030706876104e+02,5.612909240722656534e+01,0.000000000000000000e+00,1.998002618058712307e-03,6.666670087724924088e-04,1.770507812500000000e+00,6.137457514044854179e+00,2.796109008789059658e+00,0.000000000000000000e+00,9.979543583449714331e-05,3.333333879709245943e-05
3.728222656250000000e+01,1.290633605847324645e+02,5.892520141601562500e+01,0.000000000000000000e+00,2.097798053893209450e-03,7.000003475695848682e-04,1.770031738281247158e+00,6.136624691979676527e+00,2.795135498046875000e+00,0.000000000000000000e+00,9.978547769925192115e-05,3.333333879709245943e-05
3.905225830078124716e+01,1.351999852767121411e+02,6.172033691406250000e+01,0.000000000000000000e+00,2.197583531592461371e-03,7.333336863666773276e-04,1.769549560546877842e+00,6.135791254679958229e+00,2.794161987304676131e+00,0.000000000000000000e+00,9.977552155116279839e-05,3.333338536322112515e-05
4.082180786132812500e+01,1.413357765313920993e+02,6.451449890136717613e+01,0.000000000000000000e+00,2.297359053143624170e-03,7.666670717298984528e-04,1.769067382812501421e+00,6.134957202145784549e+00,2.793188476562505684e+00,0.000000000000000000e+00,9.976556738963563223e-05,3.333333879709245943e-05
4.259087524414062642e+01,1.474707337335378838e+02,6.730768737792968182e+01,0.000000000000000000e+00,2.397124620533259802e-03,8.000004105269909122e-04,1.768591308593748579e+00,6.134122534377098646e+00,2.792214965820321027e+00,0.000000000000000000e+00,9.975561521385336791e-05,3.333333879709245943e-05
4.435946655273437500e+01,1.536048562679149825e+02,7.009990234375000284e+01,0.000000000000000000e+00,2.496880235747113170e-03,8.333337493240833716e-04,1.768109130859372158e+00,6.133287251373985782e+00,2.791244506835937500e+00,0.000000000000000000e+00,9.974566502388756278e-05,3.333333879709235101e-05
4.612757568359374716e+01,1.597381435192889683e+02,7.289114685058594034e+01,0.000000000000000000e+00,2.596625900771000733e-03,8.666670881211757226e-04,1.767630004882818184e+00,6.132463593126658452e+00,2.790274047851553973e+00,0.000000000000000000e+00,9.973571681847880760e-05,3.333333879709245943e-05
4.789520568847656534e+01,1.658706071124156267e+02,7.568142089843749432e+01,0.000000000000000000e+00,2.696361617589479540e-03,9.000004269182681821e-04,1.767150878906250000e+00,6.131627082095974401e+00,2.789297485351568184e+00,0.000000000000000000e+00,9.972577059725457049e-05,3.333333879709245943e-05
4.966235656738281534e+01,1.720022341945116011e+02,7.847071838378906250e+01,0.000000000000000000e+00,2.796087388186734111e-03,9.333337657153606415e-04,1.766671752929681816e+00,6.130789922746913589e+00,2.788330078125000000e+00,0.000000000000000000e+00,9.971564063366786246e-05,3.333333879709245943e-05
5.142902832031249716e+01,1.781330241172585147e+02,8.125904846191406250e+01,0.000000000000000000e+00,2.895803028820401973e-03,9.666671045124531009e-04,1.765460205078127842e+00,6.128948233703965798e+00,2.785443115234372158e+00,0.000000000000000000e+00,9.970588412350385454e-05,3.333343192934979087e-05
5.319448852539062500e+01,1.842619723509624805e+02,8.404449157714843466e+01,0.000000000000000000e+00,2.995508912943905828e-03,1.000000536441802892e-03,1.764044189453123579e+00,6.126591312517177812e+00,2.781793212890633527e+00,0.000000000000000000e+00,9.969594385104973977e-05,3.333333879709256785e-05
5.495853271484374858e+01,1.903885636634796583e+02,8.682628479003906818e+01,0.000000000000000000e+00,3.095204856794955568e-03,1.033333875238895460e-03,1.762298583984375000e+00,6.122384198324368754e+00,2.776220703125005684e+00,0.000000000000000000e+00,9.968619123126333526e-05,3.333333879709235101e-05
5.672083129882812358e+01,1.965109478618040271e+02,8.960250549316407387e+01,0.000000000000000000e+00,3.194891048026218903e-03,1.066667214035987811e-03,1.760913085937502842e+00,6.117758943666643745e+00,2.770788574218727263e+00,0.000000000000000000e+00,9.967588358123337725e-05,3.333333879709256785e-05
5.848174438476562642e+01,2.026287068054706708e+02,9.237329406738280113e+01,0.000000000000000000e+00,3.294566931607452280e-03,1.100000552833080378e-03,1.759887695312500000e+00,6.114650908750320468e+00,2.767358398437508527e+00,0.000000000000000000e+00,9.966632055647848751e-05,3.333333879709235101e-05
6.024163208007812642e+01,2.087433577142209913e+02,9.514065246582030966e+01,0.000000000000000000e+00,3.394233252163930768e-03,1.133333891630172729e-03,1.759008789062498579e+00,6.111970169828822463e+00,2.764602661132826711e+00,0.000000000000000000e+00,9.965601694112693684e-05,3.333333879709235101e-05
6.200064086914062500e+01,2.148553278840498137e+02,9.790525512695313637e+01,0.000000000000000000e+00,3.493889269105057704e-03,1.166667230427265081e-03,1.757586669921877842e+00,6.109778380657729713e+00,2.761810302734375000e+00,0.000000000000000000e+00,9.964608660902344803e-05,3.333333879709256785e-05
6.375822753906250284e+01,2.209651062647075435e+02,1.006670654296875114e+02,0.000000000000000000e+00,3.593535355714081152e-03,1.200000569224357648e-03,1.756561279296875000e+00,6.105723323716830464e+00,2.758468627929687500e+00,0.000000000000000000e+00,9.963652941138122221e-05,3.333333879709235101e-05
6.551478881835937784e+01,2.270708295884243739e+02,1.034255340576171989e+02,0.000000000000000000e+00,3.693171885125462375e-03,1.233333908021449999e-03,1.754266357421869316e+00,6.100147101942440031e+00,2.752505493164051131e+00,0.000000000000000000e+00,9.962623184377097235e-05,3.333343192934989929e-05
6.726905517578124716e+01,2.331709766903668140e+02,1.061780395507812500e+02,0.000000000000000000e+00,3.792798116969233347e-03,1.266667339950799899e-03,1.752246093750002842e+00,6.094642550002618009e+00,2.747381591796880684e+00,0.000000000000000000e+00,9.961667852832105721e-05,3.333333879709256785e-05
6.902130126953125000e+01,2.392656192403694320e+02,1.089254211425781307e+02,0.000000000000000000e+00,3.892414795497554404e-03,1.300000678747892466e-03,1.750750732421877842e+00,6.089993726062715496e+00,2.743420410156232947e+00,0.000000000000000000e+00,9.960638498917890465e-05,3.333333879709235101e-05
7.077205200195312784e+01,2.453556129664321475e+02,1.116688415527343636e+02,0.000000000000000000e+00,3.992021180486733309e-03,1.333334017544984818e-03,1.748785400390616473e+00,6.084828534094839370e+00,2.739208984375011369e+00,0.000000000000000000e+00,9.959683555314444159e-05,3.333333879709235101e-05
7.252083740234374432e+01,2.514404415005269868e+02,1.144080505371093750e+02,0.000000000000000000e+00,4.091618016039877750e-03,1.366667356342077169e-03,1.746826171875000000e+00,6.078533489834939019e+00,2.734570312499997158e+00,0.000000000000000000e+00,9.958654604051968978e-05,3.333333879709256785e-05
7.426766357421874432e+01,2.575189749903619258e+02,1.171426208496093722e+02,0.000000000000000000e+00,4.191204562080397440e-03,1.400000695139169736e-03,1.744622802734383527e+00,6.072236393180673986e+00,2.729644775390639211e+00,0.000000000000000000e+00,9.957700048201113124e-05,3.333333879709235101e-05
7.601228637695312784e+01,2.635912113835425998e+02,1.198722656250000114e+02,0.000000000000000000e+00,4.290781562562408571e-03,1.433334033936262087e-03,1.741583251953116473e+00,6.066353727243949834e+00,2.723901367187494316e+00,0.000000000000000000e+00,9.956671499307227780e-05,3.333333879709256785e-05
7.775386962890624432e+01,2.696575651107865497e+02,1.225961669921875057e+02,0.000000000000000000e+00,4.390348277555480849e-03,1.466667372733354655e-03,1.738854980468758527e+00,6.058727943665587645e+00,2.718963623046860789e+00,0.000000000000000000e+00,9.955717330953697819e-05,3.333333879709235101e-05
7.949272460937500284e+01,2.757162930544521373e+02,1.253151306152343665e+02,0.000000000000000000e+00,4.489905450865017827e-03,1.500000711530447006e-03,1.736169433593744316e+00,6.050878583797725696e+00,2.713671875000002842e+00,0.000000000000000000e+00,9.954689184211475139e-05,3.333343192934989929e-05
8.122889404296874716e+01,2.817671716382498630e+02,1.280288024902343693e+02,0.000000000000000000e+00,4.589452342707132579e-03,1.533334143459796906e-03,1.732464599609372158e+00,6.040892614965571283e+00,2.706207275390625000e+00,0.000000000000000000e+00,9.953698324480144549e-05,3.333333879709235101e-05
8.296135864257811932e+01,2.878080642532154343e+02,1.307350097656249943e+02,0.000000000000000000e+00,4.688989325951934024e-03,1.566667482256889257e-03,1.726959228515625000e+00,6.026340602735729135e+00,2.695928955078130684e+00,0.000000000000000000e+00,9.952744736913595597e-05,3.333333879709256785e-05
8.468831787109374432e+01,2.938344048559511634e+02,1.334309387207031250e+02,0.000000000000000000e+00,4.788516773321069980e-03,1.600000821053981824e-03,1.721624755859380684e+00,6.012102610693716542e+00,2.686749267578136369e+00,0.000000000000000000e+00,9.951717192973382614e-05,3.333333879709235101e-05
8.640994262695312500e+01,2.998465074666448800e+02,1.361176879882812614e+02,0.000000000000000000e+00,4.888033945250803806e-03,1.633334159851074175e-03,1.714727783203130684e+00,5.989640627317385224e+00,2.672930908203113631e+00,0.000000000000000000e+00,9.950763992344451025e-05,3.333333879709256785e-05
8.812467041015625568e+01,3.058361480939622652e+02,1.387906188964843750e+02,0.000000000000000000e+00,4.987541585174248317e-03,1.666667498648166743e-03,1.707012939453122158e+00,5.965380042956837769e+00,2.657366943359363631e+00,0.000000000000000000e+00,9.949736849937558525e-05,3.333333879709235101e-05
8.983168334960937784e+01,3.118015281369191030e+02,1.414479858398437386e+02,0.000000000000000000e+00,5.087038953673623902e-03,1.700000837445259094e-03,1.697119140624991473e+00,5.930338586446566751e+00,2.636993408203125000e+00,0.000000000000000000e+00,9.948784035969555906e-05,3.333333879709235101e-05
9.152880249023436932e+01,3.177318667233656697e+02,1.440849792480468636e+02,0.000000000000000000e+00,5.186526794033319461e-03,1.733334176242351445e-03,1.682690429687511369e+00,5.881001794085477741e+00,2.608111572265642053e+00,0.000000000000000000e+00,9.947757294902128539e-05,3.333333879709256785e-05
9.321149291992188068e+01,3.236128685174511475e+02,1.466930908203125057e+02,0.000000000000000000e+00,5.286004366982340746e-03,1.766667515039444013e-03,1.666314697265619316e+00,5.822764550906299519e+00,2.573840332031267053e+00,0.000000000000000000e+00,9.946804867407097600e-05,3.333333879709235101e-05
9.487780761718750000e+01,3.294356330683574470e+02,1.492669311523437727e+02,0.000000000000000000e+00,5.385472415656411722e-03,1.800000853836536364e-03,1.652917480468744316e+00,5.768731655594024232e+00,2.543927001953107947e+00,0.000000000000000000e+00,9.945778527396722385e-05,3.333333879709256785e-05
9.653072509765624432e+01,3.352043647239514712e+02,1.518108581542968807e+02,0.000000000000000000e+00,5.484930200930378946e-03,1.833334192633628932e-03,1.640362548828136369e+00,5.714903498711976226e+00,2.513903808593767053e+00,0.000000000000000000e+00,9.944826486120526138e-05,3.333333879709235101e-05
9.817108764648438068e+01,3.409192682226634474e+02,1.543247619628906477e+02,0.000000000000000000e+00,5.584378465791584208e-03,1.866667531430721283e-03,1.628967285156250000e+00,5.658971668500328178e+00,2.485583496093738631e+00,0.000000000000000000e+00,9.943800546951576946e-05,3.333333879709235101e-05
9.980005493164063068e+01,3.465782398911637756e+02,1.568103454589843864e+02,0.000000000000000000e+00,5.683816471261099977e-03,1.900000870227813634e-03,1.618902587890616473e+00,5.599953483016292921e+00,2.458642578124965894e+00,0.000000000000000000e+00,9.942811853571372621e-05,3.333333879709256785e-05
1.014189575195312472e+02,3.521781933741800685e+02,1.592689880371093523e+02,0.000000000000000000e+00,5.783244589796813703e-03,1.933334209024906202e-03,1.609887695312508527e+00,5.540696470080888503e+00,2.432574462890670475e+00,0.000000000000000000e+00,9.941860391166155303e-05,3.333352506160723074e-05
1.030288452148437557e+02,3.577188898442609570e+02,1.617015625000000227e+02,0.000000000000000000e+00,5.882663193708475256e-03,1.966667734086513433e-03,1.602648925781238631e+00,5.489968261616297696e+00,2.408483886718727263e+00,0.000000000000000000e+00,9.940835052835682306e-05,3.333333879709235101e-05
1.046314941406249943e+02,3.632088581058772547e+02,1.641100463867187500e+02,0.000000000000000000e+00,5.982071544236832079e-03,2.000001072883605784e-03,1.597509765625005684e+00,5.445439302051624963e+00,2.386425781250011369e+00,0.000000000000000000e+00,9.939883976092106499e-05,3.333333879709278469e-05
1.062290039062500000e+02,3.686542974079288797e+02,1.664964721679687614e+02,0.000000000000000000e+00,6.081470383997753144e-03,2.033334411680698568e-03,1.593627929687500000e+00,5.401584302449236930e+00,2.364202880859352263e+00,0.000000000000000000e+00,9.938859037987232692e-05,3.333333879709235101e-05
1.078226318359375000e+02,3.740558817103781166e+02,1.688606750488281136e+02,0.000000000000000000e+00,6.180858974377625471e-03,2.066667750477790919e-03,1.589306640624997158e+00,5.362752595404970180e+00,2.343164062500022737e+00,0.000000000000000000e+00,9.937908346629650835e-05,3.333333879709235101e-05
1.094119384765624972e+02,3.794186343057830868e+02,1.712038391113281364e+02,0.000000000000000000e+00,6.280238057843921980e-03,2.100001089274883270e-03,1.586767578125005684e+00,5.327913818242336674e+00,2.325262451171852263e+00,0.000000000000000000e+00,9.936920824566916610e-05,3.333333879709235101e-05
1.109987060546875028e+02,3.847465481240254235e+02,1.735291015624999886e+02,0.000000000000000000e+00,6.379607266089591146e-03,2.133334428071975621e-03,1.588122558593752842e+00,5.272177210833433492e+00,2.301373291015636369e+00,0.000000000000000000e+00,9.935859474057701091e-05,3.333333879709235101e-05
1.125868286132812557e+02,3.900187253348588570e+02,1.758304748535156250e+02,0.000000000000000000e+00,6.478965860830168157e-03,2.166667766869067972e-03,9.942626953125000000e-02,3.273249577046044578e-01,1.429992675781477374e-01,0.000000000000000000e+00,6.209908253784757193e-06,2.083368599414825439e-06
1.126862548828125057e+02,3.903460502925634614e+02,1.759734741210937727e+02,0.000000000000000000e+00,6.485175769083952914e-03,2.168751135468482798e-03,1.973010253906238631e+00,6.397580134217093928e+00,2.796948242187482947e+00,0.000000000000000000e+00,1.228259702779057813e-04,4.121083766222026143e-05
1.146592651367187443e+02,3.967436304267805554e+02,1.787704223632812557e+02,0.000000000000000000e+00,6.608001739361858695e-03,2.209961973130703059e-03,1.123681640625008527e+00,3.719623836843766185e+00,1.619305419921857947e+00,0.000000000000000000e+00,7.072040241710812747e-05,2.373047173023215203e-05
1.157829467773437528e+02,4.004632542636243215e+02,1.803897277832031136e+02,0.000000000000000000e+00,6.678722141778966823e-03,2.233692444860935211e-03,1.582336425781250000e+00,5.164583817978439129e+00,2.249902343750022737e+00,0.000000000000000000e+00,9.932888102695113658e-05,3.333333879709235101e-05
1.173652832031250028e+02,4.056278380816027607e+02,1.826396301269531364e+02,0.000000000000000000e+00,6.778051022805917959e-03,2.267025783658027562e-03,1.579797363281244316e+00,5.152622569373534134e+00,2.240478515625000000e+00,0.000000000000000000e+00,9.931975573201651947e-05,3.333352506160744758e-05
1.189450805664062472e+02,4.107804606509762948e+02,1.848801086425781364e+02,0.000000000000000000e+00,6.877370778537934479e-03,2.300359308719635010e-03,1.578686523437497158e+00,5.139649172717270176e+00,2.232971191406250000e+00,0.000000000000000000e+00,9.930989229776313737e-05,3.333333879709235101e-05
1.205237670898437443e+02,4.159201098236935650e+02,1.871130798339843864e+02,0.000000000000000000e+00,6.976680670835697616e-03,2.333692647516727361e-03,1.591149902343758527e+00,5.043811662828716180e+00,2.201049804687500000e+00,0.000000000000000000e+00,9.929929101756048565e-05,3.333333879709235101e-05
1.221149169921875028e+02,4.209639214865222812e+02,1.893141296386718864e+02,0.000000000000000000e+00,7.075979961853258102e-03,2.367025986313819712e-03,1.590136718750002842e+00,5.029608880195041820e+00,2.194732666015625000e+00,0.000000000000000000e+00,9.929017137876201826e-05,3.333333879709278469e-05
1.237050537109375057e+02,4.259935303667173230e+02,1.915088623046875114e+02,0.000000000000000000e+00,7.175270133232020120e-03,2.400359325110912496e-03,1.593286132812494316e+00,5.001678753702719860e+00,2.185375976562482947e+00,0.000000000000000000e+00,9.928031381916009590e-05,3.333333879709235101e-05
1.252983398437500000e+02,4.309952091204200428e+02,1.936942382812499943e+02,0.000000000000000000e+00,7.274550447051180216e-03,2.433692663908004847e-03,1.594702148437505684e+00,4.973985961439723269e+00,2.175811767578125000e+00,0.000000000000000000e+00,9.927045821712682933e-05,3.333333879709235101e-05
1.268930419921875057e+02,4.359691950818597661e+02,1.958700500488281193e+02,0.000000000000000000e+00,7.373820905268307045e-03,2.467026002705097198e-03,1.584985351562494316e+00,5.024601769351875191e+00,2.192590332031244316e+00,0.000000000000000000e+00,9.925986506031068968e-05,3.333333879709235101e-05
1.284780273437500000e+02,4.409937968512116413e+02,1.980626403808593636e+02,0.000000000000000000e+00,7.473080770328617735e-03,2.500359341502189549e-03,1.574584960937500000e+00,5.066327937999915321e+00,2.206079101562522737e+00,0.000000000000000000e+00,9.925075295507106848e-05,3.333333879709235101e-05
1.300526123046875000e+02,4.460601247892115566e+02,2.002687194824218864e+02,0.000000000000000000e+00,7.572331523283688803e-03,2.533692680299281901e-03,1.570678710937500000e+00,5.075246742411195555e+00,2.209478759765602263e+00,0.000000000000000000e+00,9.924090322047281199e-05,3.333333879709278469e-05
1.316232910156250000e+02,4.511353715316227522e+02,2.024781982421874886e+02,0.000000000000000000e+00,7.671572426504161615e-03,2.567026019096374685e-03,1.569030761718750000e+00,5.070832256241487812e+00,2.207873535156238631e+00,0.000000000000000000e+00,9.923105544111694709e-05,3.333333879709235101e-05
1.331923217773437500e+02,4.562062037878642400e+02,2.046860717773437273e+02,0.000000000000000000e+00,7.770803481945278562e-03,2.600359357893467036e-03,1.566430664062494316e+00,5.079752789978840610e+00,2.210913085937534106e+00,0.000000000000000000e+00,9.922047039813246261e-05,3.333333879709235101e-05
1.347587524414062443e+02,4.612859565778430806e+02,2.068969848632812614e+02,0.000000000000000000e+00,7.870023952343411025e-03,2.633692696690559387e-03,1.562426757812517053e+00,5.090448237261568920e+00,2.215618896484386369e+00,0.000000000000000000e+00,9.921136581736607341e-05,3.333333879709235101e-05
1.363211791992187614e+02,4.663764048151046495e+02,2.091126037597656477e+02,0.000000000000000000e+00,7.969235318160777098e-03,2.667026035487651738e-03,1.561694335937488631e+00,5.092532088100313103e+00,2.216571044921863631e+00,0.000000000000000000e+00,9.920152389867979703e-05,3.333333879709235101e-05
1.378828735351562500e+02,4.714689369032049626e+02,2.113291748046875114e+02,0.000000000000000000e+00,8.068436842059456895e-03,2.700359374284744089e-03,1.558923339843744316e+00,5.102590937051786568e+00,2.218908691406227263e+00,0.000000000000000000e+00,9.919094493480648533e-05,3.333333879709278469e-05
1.394417968749999943e+02,4.765715278402567492e+02,2.135480834960937386e+02,0.000000000000000000e+00,8.167627786994263381e-03,2.733692713081836874e-03,1.556726074218744316e+00,5.107926770663993921e+00,2.221142578125011369e+00,0.000000000000000000e+00,9.918184599144036495e-05,3.333333879709235101e-05
1.409985229492187386e+02,4.816794546109207431e+02,2.157692260742187500e+02,0.000000000000000000e+00,8.266809632985703746e-03,2.767026051878929225e-03,1.557531738281255684e+00,5.100363101461709903e+00,2.223999023437500000e+00,0.000000000000000000e+00,9.917200992819522054e-05,3.333333879709235101e-05
1.425560546874999943e+02,4.867798177123824530e+02,2.179932250976562500e+02,0.000000000000000000e+00,8.365981642913898966e-03,2.800359390676021576e-03,1.558398437500017053e+00,5.093289315591675859e+00,2.224511718750022737e+00,0.000000000000000000e+00,9.916217581612540855e-05,3.333352506160744758e-05
1.441144531250000114e+02,4.918731070279741289e+02,2.202177368164062727e+02,0.000000000000000000e+00,8.465143818730024375e-03,2.833692915737629024e-03,1.558508300781227263e+00,5.089610879119391029e+00,2.226000976562488631e+00,0.000000000000000000e+00,9.915160494939657954e-05,3.333333879709235101e-05
1.456729614257812386e+02,4.969627179070935199e+02,2.224437377929687614e+02,0.000000000000000000e+00,8.564295423679420954e-03,2.867026254534721375e-03,1.567553710937517053e+00,5.055985968401614628e+00,2.230358886718761369e+00,0.000000000000000000e+00,9.914251351464398176e-05,3.333333879709235101e-05
1.472405151367187557e+02,5.020187038754951345e+02,2.246740966796875227e+02,0.000000000000000000e+00,8.663437937194064936e-03,2.900359593331813726e-03,1.544836425781255684e+00,5.049392964288017538e+00,2.193811035156215894e+00,0.000000000000000000e+00,9.913268525082834237e-05,3.333333879709235101e-05
1.487853515625000114e+02,5.070680968397831521e+02,2.268679077148437386e+02,0.000000000000000000e+00,8.762570622444893279e-03,2.933692932128906077e-03,1.534667968750000000e+00,5.027920354481125287e+00,2.170544433593761369e+00,0.000000000000000000e+00,9.912285893586524066e-05,3.333333879709278469e-05
1.503200195312500114e+02,5.120960171942642774e+02,2.290384521484375000e+02,0.000000000000000000e+00,8.861693481380758519e-03,2.967026270925998861e-03,1.525744628906238631e+00,5.036888078828269499e+00,2.164831542968755684e+00,0.000000000000000000e+00,9.911229615677287497e-05,3.333333879709235101e-05
1.518457641601562500e+02,5.171329052730925468e+02,2.312032836914062557e+02,0.000000000000000000e+00,8.960805777537531394e-03,3.000359609723091212e-03,1.521874999999994316e+00,5.045021303525800249e+00,2.166467285156244316e+00,0.000000000000000000e+00,9.910321222158895160e-05,3.333333879709235101e-05
1.533676391601562443e+02,5.221779265766183471e+02,2.333697509765625000e+02,0.000000000000000000e+00,9.059908989759120346e-03,3.033692948520183563e-03,1.517858886718755684e+00,5.041723918154957573e+00,2.161145019531261369e+00,0.000000000000000000e+00,9.909339174814756068e-05,3.333333879709235101e-05
1.548854980468750000e+02,5.272196504947733047e+02,2.355308959960937614e+02,0.000000000000000000e+00,9.159002381507267906e-03,3.067026287317275914e-03,1.517089843750000000e+00,5.032806685653099521e+00,2.158947753906232947e+00,0.000000000000000000e+00,9.908283502854491054e-05,3.333333879709235101e-05
1.564025878906250000e+02,5.322524571804264042e+02,2.376898437499999943e+02,0.000000000000000000e+00,9.258085216535812817e-03,3.100359626114368265e-03,1.515844726562505684e+00,5.023788716625745110e+00,2.156835937500005684e+00,0.000000000000000000e+00,9.907375671210777446e-05,3.333333879709278469e-05
1.579184326171875057e+02,5.372762458970521493e+02,2.398466796875000000e+02,0.000000000000000000e+00,9.357158973247920591e-03,3.133692964911461050e-03,1.513842773437488631e+00,4.995149150964152795e+00,2.149206542968755684e+00,0.000000000000000000e+00,9.906394207498218918e-05,3.333352506160701390e-05
1.594322753906249943e+02,5.422713950480163021e+02,2.419958862304687557e+02,0.000000000000000000e+00,9.456222915322902781e-03,3.167026489973068064e-03,1.809033203125011369e+00,5.732947064802488057e+00,2.532238769531232947e+00,0.000000000000000000e+00,1.158354884227275061e-04,3.898069262504594984e-05
1.612413085937500057e+02,5.480043421128187902e+02,2.445281249999999886e+02,0.000000000000000000e+00,9.572058403745630287e-03,3.206007182598114014e-03,1.983984375000005684e+00,6.394615139840652773e+00,2.786083984375011369e+00,0.000000000000000000e+00,1.290439646338698704e-04,4.343129694461822510e-05
1.632252929687500114e+02,5.543989572526594429e+02,2.473142089843750000e+02,0.000000000000000000e+00,9.701102368379500157e-03,3.249438479542732239e-03,8.113281249999886313e-01,2.527830754735987284e+00,1.143701171874994316e+00,0.000000000000000000e+00,5.136368555330207697e-05,1.728869974613198371e-05
1.640366210937500000e+02,5.569267880073954302e+02,2.484579101562499943e+02,0.000000000000000000e+00,9.752466053932802234e-03,3.266727179288864222e-03,1.940881347656244316e+00,5.991095908348484045e+00,2.717675781249994316e+00,0.000000000000000000e+00,1.234109575960172511e-04,4.154257476329803467e-05
1.659775024414062443e+02,5.629178839157439143e+02,2.511755859374999886e+02,0.000000000000000000e+00,9.875877011528819485e-03,3.308269754052162257e-03,1.422314453125011369e+00,4.711338863961600509e+00,2.734387207031261369e+00,0.000000000000000000e+00,8.392503385660186888e-05,2.825371921062443462e-05
1.673998168945312557e+02,5.676292227797055148e+02,2.539099731445312500e+02,0.000000000000000000e+00,9.959802045385421354e-03,3.336523473262786692e-03,1.534838867187488631e+00,4.744015681708674492e+00,2.601892089843772737e+00,0.000000000000000000e+00,8.992066239782263437e-05,3.027506172657021613e-05
1.689346557617187443e+02,5.723732384614141893e+02,2.565118652343750227e+02,0.000000000000000000e+00,1.004972270778324399e-02,3.366798534989356908e-03,1.673217773437500000e+00,5.096694183346130558e+00,2.757971191406227263e+00,0.000000000000000000e+00,1.018606801689789232e-04,3.429837524890908332e-05
1.706078735351562443e+02,5.774699326447603198e+02,2.592698364257812500e+02,0.000000000000000000e+00,1.015158338795222291e-02,3.401096910238265991e-03,1.609436035156250000e+00,4.978019346323094396e+00,2.463061523437545475e+00,0.000000000000000000e+00,9.825298055591603907e-05,3.308653831481924920e-05
1.722173095703124943e+02,5.824479519910834142e+02,2.617328979492187955e+02,0.000000000000000000e+00,1.024983636850813895e-02,3.434183448553085240e-03,1.455761718750011369e+00,4.389627344967266254e+00,1.679846191406227263e+00,0.000000000000000000e+00,9.725006586989472235e-05,3.275237977504738898e-05
1.736730712890625057e+02,5.868375793360506805e+02,2.634127441406250227e+02,0.000000000000000000e+00,1.034708643437803367e-02,3.466935828328132629e-03,1.330639648437482947e+00,2.820420486989746678e+00,1.730468749999545253e-01,0.000000000000000000e+00,9.995761839380959413e-05,3.366768360137930780e-05
1.750037109374999886e+02,5.896579998230404271e+02,2.635857910156249773e+02,0.000000000000000000e+00,1.044704405277184327e-02,3.500603511929511937e-03,1.536865234375000000e+00,4.611254291739328437e+00,2.111865234375045475e+00,0.000000000000000000e+00,9.781331221955097410e-05,3.294833004474639893e-05
1.765405761718749886e+02,5.942692541147797556e+02,2.656976562500000227e+02,0.000000000000000000e+00,1.054485736499139424e-02,3.533551841974258336e-03,1.562670898437517053e+00,4.613467745266007114e+00,2.139697265624988631e+00,0.000000000000000000e+00,9.927071433824853630e-05,3.344267606735255513e-05
1.781032470703125057e+02,5.988827218600457627e+02,2.678373535156250114e+02,0.000000000000000000e+00,1.064412807932964278e-02,3.566994518041610891e-03,1.560803222656232947e+00,4.632175425466016350e+00,2.099804687500011369e+00,0.000000000000000000e+00,1.005463560328958422e-04,3.387592732906341553e-05
1.796640502929687386e+02,6.035148972855117790e+02,2.699371582031250227e+02,0.000000000000000000e+00,1.074467443536253862e-02,3.600870445370674307e-03,1.571533203125000000e+00,4.706384504155835202e+00,2.105297851562454525e+00,0.000000000000000000e+00,1.032779633532050767e-04,3.479979932308197021e-05
1.812355834960937386e+02,6.082212817896676142e+02,2.720424560546874773e+02,0.000000000000000000e+00,1.084795239871574370e-02,3.635670244693756277e-03,1.555981445312511369e+00,4.662121841721614146e+00,2.067810058593750000e+00,0.000000000000000000e+00,1.027794415466940642e-04,3.463514149188969340e-05
1.827915649414062500e+02,6.128834036313892284e+02,2.741102661132812273e+02,0.000000000000000000e+00,1.095073184026243776e-02,3.670305386185645970e-03,1.355590820312500000e+00,4.055350121840319844e+00,1.779272460937477263e+00,0.000000000000000000e+00,9.026636306390910247e-05,3.042146563529994283e-05
1.841471557617187500e+02,6.169387537532295482e+02,2.758895385742187045e+02,0.000000000000000000e+00,1.104099820332634686e-02,3.700726851820945913e-03,1.493701171874988631e+00,4.582174539347874997e+00,1.933520507812545475e+00,0.000000000000000000e+00,1.017221864266729808e-04,3.428570926189422607e-05
1.856408569335937386e+02,6.215209282925774232e+02,2.778230590820312500e+02,0.000000000000000000e+00,1.114272038975301984e-02,3.735012561082840139e-03,1.454992675781255684e+00,4.460784857942257986e+00,1.891064453125011369e+00,0.000000000000000000e+00,9.888133005094522365e-05,3.333128988742802348e-05
1.870958496093749943e+02,6.259817131505196812e+02,2.797141235351562614e+02,0.000000000000000000e+00,1.124160171980396507e-02,3.768343850970268163e-03,1.343041992187494316e+00,4.166392810643856137e+00,1.566015624999977263e+00,0.000000000000000000e+00,9.653782305570068889e-05,3.254450857639304071e-05
1.884388916015624886e+02,6.301481059611635374e+02,2.812801391601562386e+02,0.000000000000000000e+00,1.133813954285966576e-02,3.800888359546661203e-03,1.190515136718772737e+00,3.840717663803502546e+00,8.850341796874658939e-01,0.000000000000000000e+00,1.008876173121710240e-04,3.401450812816645894e-05
1.896294067382812614e+02,6.339888236249670399e+02,2.821651733398437045e+02,0.000000000000000000e+00,1.143902716017183678e-02,3.834902867674827662e-03,1.138415527343738631e+00,3.693708596332385241e+00,8.256103515625454747e-01,0.000000000000000000e+00,9.734292430698884835e-05,3.282278776168797221e-05
1.907678222656250000e+02,6.376825322212994251e+02,2.829907836914062500e+02,0.000000000000000000e+00,1.153637008447882563e-02,3.867725655436515635e-03,-4.330625000000000568e+01,-1.186932162249250950e+02,-1.024321105957031364e+02,0.000000000000000000e+00,9.592463791681729579e-05,3.234744071960475240e-05
1.474615722656249943e+02,5.189893159963743301e+02,1.805586730957031136e+02,0.000000000000000000e+00,1.163229472239564292e-02,3.900073096156120387e-03,-3.322360839843749147e+01,-1.235445332965867919e+02,-6.244797973632810795e+01,0.000000000000000000e+00,9.973940405700633394e-05,3.363713622093209357e-05
1.142379638671875028e+02,3.954447826997875381e+02,1.181106933593750057e+02,0.000000000000000000e+00,1.173203412645264926e-02,3.933710232377052481e-03,-1.178259277343755684e+00,-4.048185858951626415e+00,-2.252929687500000000e+00,0.000000000000000000e+00,1.184871237893264651e-04,3.996416926383989515e-05
1.130597045898437472e+02,3.913965968408359117e+02,1.158577636718750057e+02,0.000000000000000000e+00,1.185052125024197572e-02,3.973674401640892376e-03,-5.051513671874943157e-01,-1.614607517779461432e+00,-1.157116699218761369e+00,0.000000000000000000e+00,1.002609626662483849e-04,3.382042050361581259e-05
1.125545532226562528e+02,3.897819893230564503e+02,1.147006469726562443e+02,0.000000000000000000e+00,1.195078221290822411e-02,4.007494822144508188e-03,-3.458618164062556843e-01,1.301032244742827970e-02,-1.005548095703119316e+00,0.000000000000000000e+00,1.611132904446015840e-04,5.435422062873875027e-05
1.122086914062499972e+02,3.897949996455038786e+02,1.136950988769531250e+02,0.000000000000000000e+00,1.211189550335282569e-02,4.061849042773246939e-03,-2.346679687500028422e-01,9.344925053466113241e-02,-6.221191406250028422e-01,0.000000000000000000e+00,9.879069999242651168e-05,3.333352506160701390e-05
1.119740234374999943e+02,3.898884488960385397e+02,1.130729797363281222e+02,0.000000000000000000e+00,1.221068620334525220e-02,4.095182567834853953e-03,-1.125610351562471578e-01,4.502916922241411157e-01,-4.201782226562471578e-01,0.000000000000000000e+00,9.878167729682196807e-05,3.333315253257768812e-05
1.118614624023437472e+02,3.903387405882626808e+02,1.126528015136718750e+02,0.000000000000000000e+00,1.230946788064207417e-02,4.128515720367431641e-03,-9.094238281250000000e-02,4.284473887947228832e-01,-3.674560546874943157e-01,0.000000000000000000e+00,9.877192044105941038e-05,3.333352506160701390e-05
1.117705200195312472e+02,3.907671879770574037e+02,1.122853454589843807e+02,0.000000000000000000e+00,1.240823980108313358e-02,4.161849245429038655e-03,-3.491088867187528422e-01,-2.764042252799754351e-01,-6.119018554687585265e-01,0.000000000000000000e+00,9.876216551229881346e-05,3.333315253257768812e-05
1.114214111328124943e+02,3.904907837517774283e+02,1.116734436035156222e+02,0.000000000000000000e+00,1.250700196659543240e-02,4.195182397961616343e-03,-2.623168945312386313e-01,1.816670237053585879e-02,-4.258361816406193157e-01,0.000000000000000000e+00,9.875241250996251441e-05,3.333352506160788126e-05
1.111590942382812557e+02,3.905089504541479641e+02,1.112476074218750028e+02,0.000000000000000000e+00,1.260575437910539491e-02,4.228515923023224224e-03,-2.404785156250000000e-01,5.232691068250687749e-01,-4.009338378906335265e-01,0.000000000000000000e+00,9.874119012931621697e-05,3.333315253257682076e-05
1.109186157226562557e+02,3.910322195609730329e+02,1.108466735839843693e+02,0.000000000000000000e+00,1.270449556923471113e-02,4.261849075555801045e-03,-2.404663085937528422e-01,6.212413996555028461e-01,-4.002258300781136313e-01,0.000000000000000000e+00,9.873291242886057806e-05,3.333352506160788126e-05
1.106781494140625028e+02,3.916534609606285358e+02,1.104464477539062557e+02,0.000000000000000000e+00,1.280322848166357171e-02,4.295182600617408926e-03,-3.885131835937585265e-01,2.754426557252145358e-01,-6.275878906250085265e-01,0.000000000000000000e+00,9.872316520322631239e-05,3.333315253257768812e-05
1.102896362304687443e+02,3.919289036163537503e+02,1.098188598632812472e+02,0.000000000000000000e+00,1.290195164686679802e-02,4.328515753149986614e-03,-4.776489257812386313e-01,2.386364386254058445e-01,-7.396789550781335265e-01,0.000000000000000000e+00,9.871341990174038739e-05,3.333352506160701390e-05
1.098119873046875057e+02,3.921675400549791561e+02,1.090791809082031136e+02,0.000000000000000000e+00,1.300066506676853841e-02,4.361849278211593628e-03,-1.484228515625005684e+00,-5.655153760952202902e-01,-2.048306274414045447e+00,0.000000000000000000e+00,9.870367652448433504e-05,3.333315253257768812e-05
1.083277587890625000e+02,3.916020246788839358e+02,1.070308746337890682e+02,0.000000000000000000e+00,1.309936874329302274e-02,4.395182430744171316e-03,-1.578210449218744316e+00,-7.295266583844863817e-01,-2.185568237304693184e+00,0.000000000000000000e+00,9.869393507001660015e-05,3.333352506160701390e-05
1.067495483398437557e+02,3.908724980204994495e+02,1.048453063964843750e+02,0.000000000000000000e+00,1.319806267836303934e-02,4.428515955805778330e-03,-1.653967285156255684e+00,-1.465174504999311011e+00,-2.359115600585937500e+00,0.000000000000000000e+00,9.868419553863902460e-05,3.333352506160788126e-05
1.050955810546875000e+02,3.894073235155001385e+02,1.024861907958984375e+02,0.000000000000000000e+00,1.329674687390167837e-02,4.461849480867386211e-03,-1.666650390624994316e+00,-1.894371634115998404e+00,-2.330606079101556816e+00,0.000000000000000000e+00,9.867445792913036307e-05,3.333315253257682076e-05
1.034289306640625057e+02,3.875129518813841401e+02,1.001555847167968807e+02,0.000000000000000000e+00,1.339542133183080873e-02,4.495182633399963032e-03,-2.170996093750005684e+00,-2.537351013318129844e+00,-2.762240600585940342e+00,0.000000000000000000e+00,9.866325209758296244e-05,3.333352506160788126e-05
1.012579345703125000e+02,3.849756008680660102e+02,9.739334411621094034e+01,0.000000000000000000e+00,1.349408458392839169e-02,4.528516158461570913e-03,-1.709613037109377842e+00,-8.489684630354759065e-01,-2.157974243164076711e+00,0.000000000000000000e+00,9.865498861890732718e-05,3.333315253257768812e-05
9.954832153320312216e+01,3.841266324050305343e+02,9.523536987304686363e+01,0.000000000000000000e+00,1.359273957254729902e-02,4.561849310994148601e-03,-1.405450439453119316e+00,-2.147849766395211191e-01,-1.753698730468727263e+00,0.000000000000000000e+00,9.864525677243281276e-05,3.333352506160701390e-05
9.814287109375000284e+01,3.839118474283910132e+02,9.348167114257813637e+01,0.000000000000000000e+00,1.369138482931973183e-02,4.595182836055755615e-03,-1.274230957031250000e+00,8.457824853019246802e-02,-1.600231933593761369e+00,0.000000000000000000e+00,9.863552684555298988e-05,3.333315253257768812e-05
9.686864013671875284e+01,3.839964256769212056e+02,9.188143920898437500e+01,0.000000000000000000e+00,1.379002035616528482e-02,4.628515988588333303e-03,-1.351837158203125000e+00,-2.182961581846711852e-01,-1.740213012695306816e+00,0.000000000000000000e+00,9.862579883769713451e-05,3.333352506160701390e-05
9.551680297851562784e+01,3.837781295187365345e+02,9.014122619628906818e+01,0.000000000000000000e+00,1.388864615500298196e-02,4.661849513649940317e-03,-1.286212158203127842e+00,-1.999267724715991790e-01,-1.660220336914079553e+00,0.000000000000000000e+00,9.861607274895545228e-05,3.333315253257768812e-05
9.423059082031250000e+01,3.835782027462649353e+02,8.848100585937498863e+01,0.000000000000000000e+00,1.398726222775193741e-02,4.695182666182518005e-03,-1.250415039062502842e+00,-2.751709691157770976e-01,-1.625228881835923289e+00,0.000000000000000000e+00,9.860634857788465324e-05,3.333352506160701390e-05
9.298017578124999716e+01,3.833030317771491582e+02,8.685577697753906534e+01,0.000000000000000000e+00,1.408586857632982206e-02,4.728516191244125019e-03,-1.162451171874991473e+00,-2.793686482978046115e-01,-1.516564941406258527e+00,0.000000000000000000e+00,9.859515719605818629e-05,3.333315253257768812e-05
9.181772460937500568e+01,3.830236631288513536e+02,8.533921203613280682e+01,0.000000000000000000e+00,1.418446373352588025e-02,4.761849343776702707e-03,-1.239208984375011369e+00,-7.066810967122592047e-01,-1.670156860351553973e+00,0.000000000000000000e+00,9.858690613306388129e-05,3.333352506160788126e-05
9.057851562499999432e+01,3.823169820321390944e+02,8.366905517578125284e+01,0.000000000000000000e+00,1.428305063965894413e-02,4.795182868838310589e-03,-1.511926269531244316e+00,-1.552843428772405332e+00,-2.103424072265625000e+00,0.000000000000000000e+00,9.857718771332305008e-05,3.333315253257682076e-05
8.906658935546875000e+01,3.807641386033666890e+02,8.156563110351562784e+01,0.000000000000000000e+00,1.438162782737226718e-02,4.828516021370887409e-03,-1.267626953125002842e+00,-1.096915512338739518e+00,-1.753045654296883527e+00,0.000000000000000000e+00,9.856747120898234904e-05,3.333352506160788126e-05
8.779896240234374716e+01,3.796672230910279495e+02,7.981258544921874432e+01,0.000000000000000000e+00,1.448019529858124953e-02,4.861849546432495291e-03,-1.228228759765627842e+00,-1.098650269091251630e+00,-1.722698974609372158e+00,0.000000000000000000e+00,9.855775662035749785e-05,3.333315253257768812e-05
8.657073364257811932e+01,3.785685728219366979e+02,7.808988647460937216e+01,0.000000000000000000e+00,1.457875305520160703e-02,4.895182698965072979e-03,-1.249151611328116473e+00,-1.245691068360656573e+00,-1.750091552734360789e+00,0.000000000000000000e+00,9.854804394621857755e-05,3.333352506160701390e-05
8.532158203125000284e+01,3.773228817535760413e+02,7.633979492187501137e+01,0.000000000000000000e+00,1.467730109914782560e-02,4.928516224026679993e-03,-1.285894775390630684e+00,-1.382021845131703230e+00,-1.801199340820318184e+00,0.000000000000000000e+00,9.853833318600180302e-05,3.333315253257768812e-05
8.403568725585937216e+01,3.759408599084443381e+02,7.453859558105469318e+01,0.000000000000000000e+00,1.477583943233382741e-02,4.961849376559257681e-03,-1.302490234375000000e+00,-1.475598473719003323e+00,-1.830075073242198869e+00,0.000000000000000000e+00,9.852715622405555651e-05,3.333352506160701390e-05
8.273319702148437216e+01,3.744652614347253348e+02,7.270852050781249432e+01,0.000000000000000000e+00,1.487436658855788296e-02,4.995182901620864695e-03,-1.470440673828122158e+00,-2.048665930569995908e+00,-2.114639282226562500e+00,0.000000000000000000e+00,9.851891755101836734e-05,3.333352506160788126e-05
8.126275634765625000e+01,3.724165955041553389e+02,7.059388122558593182e+01,0.000000000000000000e+00,1.497288550610890133e-02,5.028516426682472576e-03,-1.496398925781250000e+00,-2.269364175730061106e+00,-2.049703979492193184e+00,0.000000000000000000e+00,9.850921253002492550e-05,3.333315253257682076e-05
7.976635742187500000e+01,3.701472313284252778e+02,6.854417724609373863e+01,0.000000000000000000e+00,1.507139471863892626e-02,5.061849579215049397e-03,-1.512023925781250000e+00,-2.309279781666873532e+00,-2.142214965820301131e+00,0.000000000000000000e+00,9.849950942068808057e-05,3.333352506160788126e-05
7.825433349609375000e+01,3.678379515467584042e+02,6.640196228027343750e+01,0.000000000000000000e+00,1.516989422805961434e-02,5.095183104276657278e-03,-1.506048583984380684e+00,-3.420617279615555617e+00,-1.848318481445318184e+00,0.000000000000000000e+00,9.848980822310671179e-05,3.333315253257768812e-05
7.674828491210936932e+01,3.644173342671428486e+02,6.455364379882811932e+01,0.000000000000000000e+00,1.526838403628272105e-02,5.128516256809234966e-03,-1.588897705078125000e+00,-3.600446087710452048e+00,-2.069262695312495737e+00,0.000000000000000000e+00,9.848010893583752923e-05,3.333352506160701390e-05
7.515938720703124432e+01,3.608168881794323966e+02,6.248438110351562358e+01,0.000000000000000000e+00,1.536686414521855858e-02,5.161849781870841980e-03,-1.638916015625000000e+00,-3.412376418392796040e+00,-2.379702758789058237e+00,0.000000000000000000e+00,9.847041155919104838e-05,3.333315253257768812e-05
7.352047119140624432e+01,3.574045117610396005e+02,6.010467834472656534e+01,0.000000000000000000e+00,1.546533455677774963e-02,5.195182934403419668e-03,-1.421014404296869316e+00,-2.126164975202698315e+00,-2.354754638671877842e+00,0.000000000000000000e+00,9.846071609194775864e-05,3.333352506160701390e-05
7.209945678710937500e+01,3.552783467858369022e+02,5.774992370605468750e+01,0.000000000000000000e+00,1.556379527286969738e-02,5.228516459465026682e-03,-1.713043212890625000e+00,-2.632475104562047363e+00,-3.098934936523434658e+00,0.000000000000000000e+00,9.844955557425719150e-05,3.333315253257768812e-05
7.038641357421875000e+01,3.526458716812748548e+02,5.465098876953125284e+01,0.000000000000000000e+00,1.566224482844395458e-02,5.261849611997604370e-03,-2.851879882812497158e+00,-5.684748719480012369e+00,-5.748040771484376421e+00,0.000000000000000000e+00,9.844133102825461390e-05,3.333352506160701390e-05
6.753453369140625284e+01,3.469611229617948425e+02,4.890294799804687642e+01,0.000000000000000000e+00,1.576068615947220919e-02,5.295183137059211384e-03,-5.289880371093751421e+00,-1.375249234977599144e+01,-1.238408813476562642e+01,0.000000000000000000e+00,9.843164128667605817e-05,3.333315253257768812e-05
6.224465332031250142e+01,3.332086306120188510e+02,3.651885986328125000e+01,0.000000000000000000e+00,1.585911780075888525e-02,5.328516289591789072e-03,-7.698883056640625000e+00,-2.919164432539230347e+01,-2.331328811645507670e+01,0.000000000000000000e+00,9.842195345225596137e-05,3.333352506160788126e-05
5.454577026367187642e+01,3.040169862866265476e+02,1.320557174682617330e+01,0.000000000000000000e+00,1.595753975421114121e-02,5.361849814653396953e-03,-6.596334838867186079e+00,-3.781181467205885838e+01,-2.023185119628906392e+01,0.000000000000000000e+00,1.691477072202768328e-05,5.729123950004230692e-06
4.794943542480469034e+01,2.662051716145676892e+02,-7.026279449462890625e+00,0.000000000000000000e+00,1.597445452493316889e-02,5.367578938603401184e-03,-8.974389648437501421e+00,-6.531265630088677199e+01,-2.866900711059570028e+01,0.000000000000000000e+00,1.189276615276499416e-04,4.028305411338771458e-05
3.897504577636718892e+01,2.008925153136809172e+02,-3.569528656005859091e+01,0.000000000000000000e+00,1.609338218646081883e-02,5.407861992716788899e-03,-7.412719726562500000e-02,-1.390526924630762551e+00,-1.926400756835946027e+00,0.000000000000000000e+00,9.194327695427259584e-05,3.114640712738054457e-05
3.890091857910156392e+01,1.995019883890501546e+02,-3.762168731689453693e+01,0.000000000000000000e+00,1.618532546341509143e-02,5.439008399844169443e-03,4.399108886718750000e-02,-1.587823927287928427e+00,-3.215373229980457381e+00,0.000000000000000000e+00,1.477475396820734921e-04,5.005635321140341348e-05
3.894490966796875142e+01,1.979141644617622262e+02,-4.083706054687499432e+01,0.000000000000000000e+00,1.633307300309716492e-02,5.489064753055572857e-03,6.726379394530823674e-02,-9.733450223579893645e-01,-2.210081481933599434e+00,0.000000000000000000e+00,9.837531920172878919e-05,3.333352506160701390e-05
3.901217346191405966e+01,1.969408194394042368e+02,-4.304714202880859375e+01,0.000000000000000000e+00,1.643144832229889371e-02,5.522398278117179871e-03,1.110290527343806843e-01,-1.071099484137931768e+00,-2.299336242675778408e+00,0.000000000000000000e+00,9.836417676331588034e-05,3.333315253257768812e-05
3.912320251464844034e+01,1.958697199552663051e+02,-4.534647827148437216e+01,0.000000000000000000e+00,1.652981249906220959e-02,5.555731430649757559e-03,1.527557373046875000e-01,-1.096422601861519297e+00,-2.303523254394534092e+00,0.000000000000000000e+00,9.835596774645030682e-05,3.333352506160701390e-05
3.927595825195312784e+01,1.947732973534047858e+02,-4.765000152587890625e+01,0.000000000000000000e+00,1.662816846680865990e-02,5.589064955711364573e-03,1.426788330078068157e-01,-9.607204820899823972e-01,-2.151911926269534092e+00,0.000000000000000000e+00,9.834629480165793525e-05,3.333315253257768812e-05
3.941863708496093466e+01,1.938125768713148034e+02,-4.980191345214844034e+01,0.000000000000000000e+00,1.672651476161031783e-02,5.622398108243942261e-03,1.311309814453167633e-01,-6.062905917976024739e-01,-1.825413513183590908e+00,0.000000000000000000e+00,9.833662375884413831e-05,3.333352506160701390e-05
3.954976806640625142e+01,1.932062862795172009e+02,-5.162732696533203125e+01,0.000000000000000000e+00,1.682485138536916197e-02,5.655731633305549275e-03,1.411895751953125000e-01,-6.065501445254142254e-01,-1.857612609863281250e+00,0.000000000000000000e+00,9.832695461831422734e-05,3.333352506160788126e-05
3.969095764160156392e+01,1.925997361349917867e+02,-5.348493957519531250e+01,0.000000000000000000e+00,1.692317833998747620e-02,5.689065158367157156e-03,1.630554199218750000e-01,-4.715930546317395056e-01,-1.780651855468747158e+00,0.000000000000000000e+00,9.831728737885042646e-05,3.333315253257768812e-05
3.985401306152343892e+01,1.921281430803600472e+02,-5.526559143066405966e+01,0.000000000000000000e+00,1.702149562736632663e-02,5.722398310899734844e-03,1.917083740234346578e-01,-2.601769074255741998e-01,-1.589846801757815342e+00,0.000000000000000000e+00,9.830762203989762416e-05,3.333352506160701390e-05
4.004572143554687358e+01,1.918679661729344730e+02,-5.685543823242187500e+01,0.000000000000000000e+00,1.711980324940622425e-02,5.755731835961341858e-03,2.014923095703125000e-01,-3.318523368366754767e-01,-1.679171752929690342e+00,0.000000000000000000e+00,9.829795860154602605e-05,3.333315253257768812e-05
4.024721374511718608e+01,1.915361138360977975e+02,-5.853460998535156534e+01,0.000000000000000000e+00,1.721810120800777028e-02,5.789064988493919546e-03,2.036712646484417633e-01,-3.515207227056862394e-01,-1.689880371093750000e+00,0.000000000000000000e+00,9.828683252763315004e-05,3.333352506160701390e-05
4.045088500976562784e+01,1.911845931133921113e+02,-6.022449035644531534e+01,0.000000000000000000e+00,1.731638804053540343e-02,5.822398513555526560e-03,1.376159667968721578e-01,-3.494841139500977079e-01,-1.177413940429687500e+00,0.000000000000000000e+00,6.142509729194917112e-05,2.083331346511892862e-05
4.058850097656250000e+01,1.908351089994420136e+02,-6.140190429687500284e+01,0.000000000000000000e+00,1.737781313782735260e-02,5.843231827020645489e-03,1.702362060546889211e-01,-4.169252018783424774e-01,-1.427526855468748579e+00,0.000000000000000000e+00,7.370572241569006700e-05,2.500005066394771214e-05
4.075873718261718892e+01,1.904181837975636711e+02,-6.282943115234375142e+01,0.000000000000000000e+00,1.745151886024304266e-02,5.868231877684593201e-03,3.153381347656250000e-01,-7.128218104295171997e-01,-2.552560424804688921e+00,0.000000000000000000e+00,1.306981727361156143e-04,4.433579742908495130e-05
4.107407531738281392e+01,1.897053619871341539e+02,-6.538199157714844034e+01,0.000000000000000000e+00,1.758221703297915828e-02,5.912567675113678152e-03,1.854095458984375000e-01,-4.732579705499517786e-01,-1.482785034179684658e+00,0.000000000000000000e+00,6.994857150374733656e-05,2.373047173023171835e-05
4.125948486328125142e+01,1.892321040165842021e+02,-6.686477661132812500e+01,0.000000000000000000e+00,1.765216560448290561e-02,5.936298146843909870e-03,2.593261718749957367e-01,-7.352841997128507501e-01,-2.123352050781250000e+00,0.000000000000000000e+00,9.824564496546325798e-05,3.333352506160788126e-05
4.151881103515624716e+01,1.884968198168713513e+02,-6.898812866210937500e+01,0.000000000000000000e+00,1.775041124944836887e-02,5.969631671905517752e-03,2.353759765625014211e-01,-4.608855656803427792e-01,-1.854034423828125000e+00,0.000000000000000000e+00,9.823599370690008770e-05,3.333315253257768812e-05
4.175418701171874858e+01,1.880359342511910086e+02,-7.084216308593750000e+01,0.000000000000000000e+00,1.784864724315526896e-02,6.002964824438095440e-03,2.362274169921860789e-01,-2.494788408382930811e-01,-1.705618286132818184e+00,0.000000000000000000e+00,9.822488073247051532e-05,3.333352506160701390e-05
4.199041442871093466e+01,1.877864554103527155e+02,-7.254778137207031818e+01,0.000000000000000000e+00,1.794687212388773948e-02,6.036298349499702454e-03,2.334503173828181843e-01,-7.409152451373302029e-02,-1.572183227539056816e+00,0.000000000000000000e+00,9.821669702077609476e-05,3.333315253257768812e-05
4.222386474609375284e+01,1.877123638858389825e+02,-7.411996459960937500e+01,0.000000000000000000e+00,1.804508882090851557e-02,6.069631502032280142e-03,2.309448242187457367e-01,3.259395484687388489e-02,-1.485949707031252842e+00,0.000000000000000000e+00,9.820705144876831771e-05,3.333352506160701390e-05
4.245480957031249858e+01,1.877449578406858564e+02,-7.560591430664062784e+01,0.000000000000000000e+00,1.814329587235728389e-02,6.102965027093887156e-03,2.628936767578125000e-01,-1.224458335980216361e-02,-1.626226806640616473e+00,0.000000000000000000e+00,9.819740777088428740e-05,3.333315253257768812e-05
4.271770324707031108e+01,1.877327132573260542e+02,-7.723214111328124432e+01,0.000000000000000000e+00,1.824149328012816818e-02,6.136298179626464844e-03,2.742614746093750000e-01,-1.305875179951954124e-02,-1.662344360351568184e+00,0.000000000000000000e+00,9.818776598656542287e-05,3.333352506160701390e-05
4.299196472167968608e+01,1.877196545055265346e+02,-7.889448547363281250e+01,0.000000000000000000e+00,1.833968104611473360e-02,6.169631704688071858e-03,2.878295898437528422e-01,-2.506392972941284825e-02,-1.713491821289068184e+00,0.000000000000000000e+00,9.817812609590192974e-05,3.333315253257768812e-05
4.327979431152343892e+01,1.876945905757971218e+02,-8.060797729492188068e+01,0.000000000000000000e+00,1.843785917221063553e-02,6.202964857220649546e-03,3.002380371093735789e-01,-3.591614835968925945e-02,-1.762423706054676131e+00,0.000000000000000000e+00,9.816848809747480420e-05,3.333352506160788126e-05
4.358003234863281250e+01,1.876586744274374325e+02,-8.237040100097655682e+01,0.000000000000000000e+00,1.853602766030811033e-02,6.236298382282257427e-03,3.153930664062514211e-01,-3.176082005958846821e-02,-1.764505004882821027e+00,0.000000000000000000e+00,9.815738938554960380e-05,3.333315253257682076e-05
4.389542541503906392e+01,1.876269136073778441e+02,-8.413490600585937784e+01,0.000000000000000000e+00,1.863418504969365994e-02,6.269631534814834248e-03,3.259063720703139211e-01,-6.073793181286646359e-03,-1.743969726562497158e+00,0.000000000000000000e+00,9.814921792037148429e-05,3.333315253257768812e-05
4.422133178710937784e+01,1.876208398141965574e+02,-8.587887573242187500e+01,0.000000000000000000e+00,1.873233426761403142e-02,6.302964687347411936e-03,3.297790527343735789e-01,9.358289654272766711e-03,-1.744256591796869316e+00,0.000000000000000000e+00,9.813958559700894368e-05,3.333389759063720703e-05
4.455111083984375142e+01,1.876301981038508302e+02,-8.762313232421874432e+01,0.000000000000000000e+00,1.883047385321104036e-02,6.336298584938049143e-03,3.017791748046860789e-01,-5.301912187314883340e-02,-1.694696044921883527e+00,0.000000000000000000e+00,9.812995516364844684e-05,3.333315253257768812e-05
4.485289001464843750e+01,1.875771789819776814e+02,-8.931782836914062784e+01,0.000000000000000000e+00,1.892860380837468881e-02,6.369631737470626831e-03,2.972198486328139211e-01,-5.054483751251837020e-02,-1.641549682617181816e+00,0.000000000000000000e+00,9.812032662060571342e-05,3.333315253257768812e-05
4.515010986328125142e+01,1.875266341444651630e+02,-9.095937805175780966e+01,0.000000000000000000e+00,1.902672413499529452e-02,6.402964890003204519e-03,3.055450439453082367e-01,-2.748953633735595758e-02,-1.630737304687500000e+00,0.000000000000000000e+00,9.811069996667337589e-05,3.333389759063720703e-05
4.545565490722655966e+01,1.874991446081278070e+02,-9.259011535644530966e+01,0.000000000000000000e+00,1.912483483496196790e-02,6.436298787593841726e-03,3.066040039062514211e-01,-2.111479076739897209e-02,-1.630181884765633527e+00,0.000000000000000000e+00,9.810107520129285330e-05,3.333315253257768812e-05
4.576225891113281108e+01,1.874780298173604081e+02,-9.422029724121094318e+01,0.000000000000000000e+00,1.922293591016326075e-02,6.469631940126419414e-03,3.093475341796860789e-01,-8.017771040499610535e-03,-1.630795288085934658e+00,0.000000000000000000e+00,9.809145232456129015e-05,3.333315253257682076e-05
4.607160644531249716e+01,1.874700120463199084e+02,-9.585109252929687784e+01,0.000000000000000000e+00,1.932102736248782204e-02,6.502965092658996235e-03,3.135467529296889211e-01,9.700444389153517477e-03,-1.630374145507815342e+00,0.000000000000000000e+00,9.808036987659501937e-05,3.333315253257768812e-05
4.638515319824218608e+01,1.874797124907090620e+02,-9.748146667480469318e+01,0.000000000000000000e+00,1.941910773236441706e-02,6.536298245191573923e-03,2.963836669921917633e-01,7.626887657499992201e-02,-1.532174682617181816e+00,0.000000000000000000e+00,9.807221237640578737e-05,3.333389759063720703e-05
4.668153686523437784e+01,1.875559813672840619e+02,-9.901364135742187500e+01,0.000000000000000000e+00,1.951717994474082285e-02,6.569632142782211130e-03,2.820678710937443157e-01,1.697710095296827149e-01,-1.420825195312502842e+00,0.000000000000000000e+00,9.806259516052101555e-05,3.333315253257768812e-05
4.696360473632812216e+01,1.877257523768137446e+02,-1.004344665527343778e+02,0.000000000000000000e+00,1.961524253990134387e-02,6.602965295314788818e-03,2.839660644531250000e-01,1.785281888971326225e-01,-1.421179199218741473e+00,0.000000000000000000e+00,9.805297983106475712e-05,3.333315253257768812e-05
4.724757080078124716e+01,1.879042805657108772e+02,-1.018556457519531193e+02,0.000000000000000000e+00,1.971329551973240862e-02,6.636298447847366506e-03,2.566925048828139211e-01,1.711313544752783855e-01,-1.300296020507815342e+00,0.000000000000000000e+00,8.933206862689335725e-05,3.037154674530046644e-05
