Sigma_1,Sigma_2,Sigma_12,Epsilon_1,Epsilon_2,Epsilon_12,dSigma_1,dSigma_2,dSigma_12,dEpsilon_1,dEpsilon_2,dEpsilon_12
-0.000000000000000000e+00,-0.000000000000000000e+00,-0.000000000000000000e+00,0.000000000000000000e+00,0.000000000000000000e+00,0.000000000000000000e+00,1.394409834608740795e+01,2.686008055715073439e+01,1.163364219665527344e+01,1.333245136466212346e-04,3.999200403183193276e-04,1.333334017544984763e-04
1.394409834608740795e+01,2.686008055715073439e+01,1.163364219665527344e+01,1.333245136466212346e-04,3.999200403183193276e-04,1.333334017544984763e-04,1.045062288686509788e+01,2.013375403126628171e+01,8.710057449340819602e+00,9.998170976860729477e-05,2.998350955465478107e-04,1.000000396743416840e-04
2.439472123295250583e+01,4.699383458841701611e+01,2.034369964599609304e+01,2.333062234152285294e-04,6.997551358648671383e-04,2.333334414288401604e-04,6.964064078820715764e+00,1.341764627655413022e+01,5.800209045410156250e+00,6.664892784620174231e-05,1.998400682629553581e-04,6.666670087724925172e-05
3.135878531177322159e+01,6.041148086497114633e+01,2.614390869140624929e+01,2.999551512614302717e-04,8.995952041278224964e-04,3.000001423060894121e-04,1.392089208973208159e+01,2.682364035196527396e+01,1.158484497070312713e+01,1.332845309335490311e-04,3.995605542795829281e-04,1.333334017544984492e-04
4.527967740150530318e+01,8.723512121693642030e+01,3.772875366210937642e+01,4.332396821949793028e-04,1.299155758407405424e-03,4.333335440605878613e-04,6.956828203318927706e+00,1.340600132302934355e+01,5.784643554687498579e+00,6.663562754297103988e-05,1.997203318511342647e-04,6.666672416031358458e-05
5.223650560482423089e+01,1.006411225399657638e+02,4.351339721679687500e+01,4.998753097379503426e-04,1.498876090258539689e-03,5.000002682209014459e-04,1.043072308243452540e+01,2.010172739698421651e+01,8.667251586914062500e+00,9.994504667126780876e-05,2.995057737740641768e-04,1.000000163912773783e-04
6.266722868725875628e+01,1.207428499369499804e+02,5.218064880371093750e+01,5.998203564092181514e-04,1.798381864032603866e-03,6.000002846121788242e-04,1.389920606143162729e+01,2.678874634547484845e+01,1.153822326660156250e+01,1.332445721943557263e-04,3.992016675598575055e-04,1.333334017544985034e-04
7.656643474869038357e+01,1.475315962824248288e+02,6.371887207031250000e+01,7.330649286035738777e-04,2.197583531592461371e-03,7.333336863666773276e-04,1.041515707416549219e+01,2.007951398381337071e+01,8.635580444335943184e+00,9.992179093262407684e-05,2.992967041546517985e-04,1.000000629574060440e-04
8.698159182285587576e+01,1.676111102662381995e+02,7.235445251464844318e+01,8.329867195361979545e-04,2.496880235747113170e-03,8.333337493240833716e-04,6.935352579995893052e+00,1.337746374542672356e+01,5.741827392578116473e+00,6.660894983419351264e-05,1.994813818423663704e-04,6.666667759418481044e-05
9.391694440285176881e+01,1.809885740116649231e+02,7.809627990722655966e+01,8.995956693703914672e-04,2.696361617589479540e-03,9.000004269182681821e-04,1.039270543332183649e+01,2.005266271805862743e+01,8.592544555664076711e+00,9.990519961912728512e-05,2.991472953544262875e-04,1.000001095235347097e-04
1.043096498361736053e+02,2.010412367297235505e+02,8.668882446289063637e+01,9.995008689895187523e-04,2.995508912943905828e-03,1.000000536441802892e-03,1.036377671030628278e+01,2.001274634739138492e+01,8.530938720703119316e+00,9.989512653698793751e-05,2.990580186635464523e-04,1.000000163912774867e-04
1.146734265464798881e+02,2.210539830771149354e+02,9.521976318359375568e+01,1.099395995526506690e-03,3.294566931607452280e-03,1.100000552833080378e-03,1.033702638592193068e+01,1.996962260832339098e+01,8.476702880859363631e+00,9.988514849765305417e-05,2.989684241066288724e-04,1.000000163912772699e-04
1.250104529324018188e+02,2.410236056854383264e+02,1.036964660644531193e+02,1.199281144024159744e-03,3.593535355714081152e-03,1.200000569224357648e-03,1.372830196383074508e+01,2.652472134151753380e+01,1.119592895507813068e+01,1.331647730550436590e-04,3.984858247726521564e-04,1.333334483206271692e-04
1.387387548962325639e+02,2.675483270269558602e+02,1.148923950195312500e+02,1.332445917079203403e-03,3.992021180486733309e-03,1.333334017544984818e-03,1.024374384650474212e+01,1.979026400847726563e+01,8.304296875000005684e+00,9.986187414604452868e-05,2.987603820756752626e-04,1.000000163912772699e-04
1.489824987427373060e+02,2.873385910354331259e+02,1.231966918945312557e+02,1.432307791225247932e-03,4.290781562562408571e-03,1.433334033936262087e-03,1.016305526945686211e+01,1.961561454347059907e+01,8.170361328124982947e+00,9.985199573747552231e-05,2.986707801447240074e-04,1.000001095235348181e-04
1.591455540121941681e+02,3.069542055789037249e+02,1.313670532226562386e+02,1.532159786962723454e-03,4.589452342707132579e-03,1.533334143459796906e-03,9.997352217872276015e+00,1.919553485069542376e+01,7.888391113281272737e+00,9.984193333158046003e-05,2.985816025436712276e-04,1.000000163912772699e-04
1.691429062300664441e+02,3.261497404295991487e+02,1.392554443359375114e+02,1.632001720294303914e-03,4.888033945250803806e-03,1.633334159851074175e-03,9.798533917248732905e+00,1.866021665798479034e+01,7.546112060546875000e+00,9.983196591508715877e-05,2.984928487825156546e-04,1.000000163912772699e-04
1.789414401473151770e+02,3.448099570875839390e+02,1.468015563964843864e+02,1.731833686209391073e-03,5.186526794033319461e-03,1.733334176242351445e-03,6.458917364217626300e+00,1.220316470043587742e+01,4.896160888671886369e+00,6.654910747241849986e-05,1.989456216230922614e-04,6.666667759418491886e-05
1.854003575115328033e+02,3.570131217880198164e+02,1.516977172851562727e+02,1.798382793681809573e-03,5.385472415656411722e-03,1.800000853836536364e-03,1.276609502087728742e+01,2.387066742612370263e+01,9.518780517578079525e+00,1.330849300671974132e-04,3.977721741404019809e-04,1.333333551883698377e-04
1.981664525324100907e+02,3.808837892141435191e+02,1.612164978027343523e+02,1.931467723749006986e-03,5.783244589796813703e-03,1.933334209024906202e-03,6.323975396507336200e+00,1.174354457140566410e+01,4.654864501953170475e+00,6.653600966612582476e-05,1.988269544400183761e-04,6.666686385869958174e-05
2.044904279289174269e+02,3.926273337855491832e+02,1.658713623046875227e+02,1.998003733415132811e-03,5.982071544236832079e-03,2.000001072883605784e-03,1.257676573268773268e+01,2.319675298067568292e+01,9.175549316406232947e+00,1.330583679472522284e-04,3.975357218527590664e-04,1.333333551883698377e-04
2.170671936616051596e+02,4.158240867662248661e+02,1.750469116210937557e+02,2.131062101362385039e-03,6.379607266089591146e-03,2.133334428071975621e-03,6.260500149231802425e+00,1.147722001546884485e+01,4.539263916015613631e+00,6.652254536391490058e-05,1.987080585046756276e-04,6.666667759418513570e-05
2.233276938108369620e+02,4.273013067816937109e+02,1.795861755371093693e+02,2.197584646726299940e-03,6.578315324594266773e-03,2.200001105666160757e-03,1.238873128342115137e+01,2.279007824139239347e+01,8.891625976562494316e+00,1.330318164524182944e-04,3.972984414260874453e-04,1.333333551883694040e-04
2.357164250942581134e+02,4.500913850230861044e+02,1.884778015136718636e+02,2.330616463178718234e-03,6.975613766020354219e-03,2.333334460854530161e-03,6.087637543645541882e+00,1.128406628024799829e+01,4.306683349609386369e+00,6.650927226566592798e-05,1.985896742514522972e-04,6.666667759418513570e-05
2.418040626379036553e+02,4.613754513033341027e+02,1.927844848632812500e+02,2.397125735444384162e-03,7.174203440271806516e-03,2.400001138448715297e-03,9.056069960870615887e+00,1.681951795432917152e+01,6.383209228515625000e+00,9.975580090292122254e-05,2.978116942338772388e-04,1.000002026557921496e-04
2.508601325987742712e+02,4.781949692576632742e+02,1.991676940917968750e+02,2.496881536347305384e-03,7.472015134505683755e-03,2.500001341104507446e-03,1.192360213995902996e+01,2.219809867187120744e+01,8.399114990234380684e+00,1.329920090484344904e-04,3.969436049279509091e-04,1.333333551883698377e-04
2.627837347387333011e+02,5.003930679295344817e+02,2.075668090820312557e+02,2.629873545395739875e-03,7.868958739433634664e-03,2.633334696292877284e-03,5.897123583511415745e+00,1.100360850345862218e+01,4.163012695312488631e+00,6.648937253451179044e-05,1.984123619754082218e-04,6.666667759418470202e-05
2.686808583222447169e+02,5.113966764329931038e+02,2.117298217773437443e+02,2.696362917930251665e-03,8.067371101409042886e-03,2.700001373887061986e-03,1.160674968504667959e+01,2.170735559669026316e+01,8.137768554687482947e+00,1.329654840281132427e-04,3.967073993736934534e-04,1.333333551883698377e-04
2.802876080072913965e+02,5.331040320296833670e+02,2.198675903320312273e+02,2.829328401958364908e-03,8.464078500782736339e-03,2.833334729075431824e-03,5.706368858688108503e+00,1.069032433438098906e+01,3.993005371093772737e+00,6.647611266922572038e-05,1.982943296894943558e-04,6.666667759418470202e-05
2.859939768659795050e+02,5.437943563640643561e+02,2.238605957031250000e+02,2.895804514627590628e-03,8.662372830472230695e-03,2.900001406669616526e-03,1.132586948194398246e+01,2.118999213599806808e+01,7.962036132812500000e+00,1.329389695866392551e-04,3.964714747657811789e-04,1.333333551883698377e-04
2.973198463479234874e+02,5.649843485000624241e+02,2.318226318359375000e+02,3.028743484214229884e-03,9.058844305238011874e-03,3.033334761857986363e-03,5.639937768569495802e+00,1.052891017549484332e+01,3.975512695312488631e+00,6.646304378081589054e-05,1.981771759438834962e-04,6.666686385869979858e-05
3.029597841164929832e+02,5.755132586755572675e+02,2.357981445312499886e+02,3.095206527995045774e-03,9.257021481181895370e-03,3.100001625716686162e-03,1.115482636383205772e+01,2.093151922782260499e+01,7.809326171875000000e+00,1.329122800280990203e-04,3.962358303101730372e-04,1.333331689238547411e-04
3.141146104803250410e+02,5.964447779033798724e+02,2.436074707031249886e+02,3.228118808023144794e-03,9.653257311492068407e-03,3.233334794640540903e-03,5.497872517968744432e+00,1.036547183001243866e+01,3.785156250000000000e+00,6.644960879912797241e-05,1.980586857638060722e-04,6.666667759418513570e-05
3.196124829982937854e+02,6.068102497333923111e+02,2.473926269531249886e+02,3.294568416822272767e-03,9.851315997255874479e-03,3.300001472234726039e-03,1.087614977062582966e+01,2.047525272518112160e+01,7.249597167968772737e+00,1.328863436680823018e-04,3.960004660929997838e-04,1.333337277173995972e-04
3.304886327689196150e+02,6.272855024585734327e+02,2.546422241210937614e+02,3.427454760490355069e-03,1.024731646334887426e-02,3.433335199952125636e-03,7.999804592123950897e+00,1.511827677826670424e+01,5.081506347656215894e+00,9.965270643787649957e-05,2.968972884654520056e-04,9.999983012676239014e-05
3.384884373610435659e+02,6.424037792368401369e+02,2.597237304687499773e+02,3.527107466928231568e-03,1.054421375181432627e-02,3.533335030078888026e-03,5.043451192242287107e+00,9.600323365736926462e+00,2.650195312500045475e+00,6.642974474952790045e-05,1.978830572364077139e-04,6.666667759418470202e-05
3.435318885532858530e+02,6.520041026025770634e+02,2.623739257812500227e+02,3.593537211677759469e-03,1.074209680905073398e-02,3.600001707673072728e-03,-1.266684030847582392e+02,-2.425971295474251406e+02,-2.205609588623047159e+02,1.087223807798016854e-04,3.238075308038650124e-04,1.091197133064269152e-04
2.168634854685276139e+02,4.094069730551519228e+02,4.181296691894530682e+01,3.702259592457561154e-03,1.106590433985459900e-02,3.709121420979499643e-03,-8.527909042464216327e+00,-1.726708330217354614e+01,-1.721049575805663423e+01,1.005315899303442159e-04,2.993526968646520459e-04,1.009095460176470498e-04
2.083355764260633975e+02,3.921398897529783767e+02,2.460247116088867259e+01,3.802791182387905370e-03,1.136525703671925104e-02,3.810030966997146693e-03,-1.900571510456927626e+00,1.619482524058469153e+00,-6.137034988403321734e+00,9.961531202869883250e-05,2.965656095857173435e-04,9.999983012676195646e-05
2.064350049156064699e+02,3.937593722770368458e+02,1.846543617248535085e+01,3.902406494416604203e-03,1.166182264630496838e-02,3.910030797123908650e-03,-2.211153102429364026e+00,-1.857884178867834635e-01,-6.580441474914550781e+00,9.960576084793717686e-05,2.964776845000606509e-04,1.000002026557925833e-04
2.042238518131771059e+02,3.935735838591500624e+02,1.188499469757080007e+01,4.002012255264541379e-03,1.195830033080502904e-02,4.010030999779701233e-03,-1.758081170292115303e+00,1.107842458653067297e+00,-5.924813055992125044e+00,9.959584052845592977e-05,2.963898115341638551e-04,1.000002026557925833e-04
2.024657706428849906e+02,3.946814263178031297e+02,5.960181641578675027e+00,4.101608095792997309e-03,1.225469014233919289e-02,4.110031202435493816e-03,-4.046225001466893900e+00,-4.374679875795095541e+00,-8.880188775062562101e+00,9.958555121748844524e-05,2.963027264078123973e-04,9.999983012676239014e-05
1.984195456414180967e+02,3.903067464420080341e+02,-2.920007133483887074e+00,4.201193647010485754e-03,1.255099286874700529e-02,4.210031032562256206e-03,-1.859534269016307917e+00,-1.465736606998234492e+00,-6.517062664031982422e+00,9.957600585316396524e-05,2.962134860131290792e-04,1.000002026557917159e-04
1.965600113724017888e+02,3.888410098350097996e+02,-9.437069797515869496e+00,4.300769652863649720e-03,1.284720635476013437e-02,4.310031235218047922e-03,2.894945484657114321e-01,2.095093224655158792e+00,-4.017140483856200817e+00,9.956572056620503763e-05,2.961272402248523589e-04,9.999983012676239014e-05
1.968495059208675002e+02,3.909361030596649584e+02,-1.345421028137207031e+01,4.400335373429854757e-03,1.314333359498498673e-02,4.410031065344810312e-03,1.116990832338160544e-01,8.163622608585114904e-01,-4.432320404052731533e+00,9.955617907695789998e-05,2.960395748421336404e-04,1.000002026557925833e-04
1.969612050041013163e+02,3.917524653205234699e+02,-1.788653068542480185e+01,4.499891552506812657e-03,1.343937316982712037e-02,4.510031268000602896e-03,1.154699192442194544e-01,-1.010665103848964463e-01,-4.493816757202150569e+00,9.954589781117559322e-05,2.959504915599590891e-04,9.999983012676239014e-05
1.970766749233455357e+02,3.916513988101385735e+02,-2.238034744262695241e+01,4.599437450317988250e-03,1.373532366138707946e-02,4.610031098127365286e-03,-5.683694280381843100e+00,-1.746757789857912258e+01,-1.251811752319335724e+01,9.953636019423631187e-05,2.958644001332354223e-04,1.000002026557917159e-04
1.913929806429636926e+02,3.741838209115594509e+02,-3.489846496582030966e+01,4.698973810512224562e-03,1.403118806152031488e-02,4.710031300783157002e-03,-2.700965745771270576e+00,-1.045820458462407032e+01,-9.172505187988278408e+00,9.952645369350546223e-05,2.957754213612044658e-04,1.000002026557925833e-04
1.886920148971924220e+02,3.637256163269353806e+02,-4.407097015380858807e+01,4.798500264205730025e-03,1.432696348288151934e-02,4.810031503438949585e-03,-1.523088144987198689e+01,-1.250896102761169573e+02,-3.512911834716797443e+01,9.277852262971290204e-05,2.756708419326785175e-04,9.322911500930786133e-05
1.734611334473204352e+02,2.386360060508184233e+02,-7.920008850097656250e+01,4.891278786835442927e-03,1.460263432481419786e-02,4.903260618448257446e-03,5.431057103883460968e+00,-1.542607729363405156e+01,-1.376308288574219318e+01,1.231838671851793673e-04,3.659368052676397615e-04,1.237954944372180593e-04
1.788921905512038961e+02,2.232099287571843718e+02,-9.296317138671875568e+01,5.014462654020622294e-03,1.496857113008183762e-02,5.027056112885475506e-03,4.723296199566533460e+00,-7.368178970490021129e+00,-9.365014648437494316e+00,9.949506072183186833e-05,2.954983373364902799e-04,1.000002026557917159e-04
1.836154867507704296e+02,2.158417497866943506e+02,-1.023281860351562500e+02,5.113957714742454162e-03,1.526406946741832790e-02,5.127056315541267222e-03,4.725545410170411742e+00,-4.130004505817481686e+00,-7.756774902343750000e+00,9.948479184775267659e-05,2.954125109736055466e-04,9.999983012676239014e-05
1.883410321609408413e+02,2.117117452808768689e+02,-1.100849609375000000e+02,5.213442506590206839e-03,1.555948197839193345e-02,5.227056145668029612e-03,4.367475232240565219e+00,-3.299729595354534695e+00,-6.663763427734380684e+00,9.947526616361276192e-05,2.953252681937197643e-04,1.000002026557925833e-04
1.927085073931814065e+02,2.084120156855223343e+02,-1.167487243652343807e+02,5.312917772753819601e-03,1.585480724658565321e-02,5.327056348323822195e-03,2.954434028320093830e+00,-4.705007270422044030e+00,-3.583984375000000000e+00,9.946537181904687580e-05,2.952366106851803118e-04,1.000002026557917159e-04
1.956629414215015004e+02,2.037070084151002902e+02,-1.203327087402343807e+02,5.412383144572866477e-03,1.615004385727083352e-02,5.427056550979613911e-03,1.606921757734596667e+00,-3.851309261278572649e+00,6.900024414062500000e-02,9.945510896157069847e-05,2.951509375660396617e-04,9.999983012676239014e-05
1.972698631792360970e+02,1.998556991538217176e+02,-1.202637084960937557e+02,5.511838253534437175e-03,1.644519479483687319e-02,5.527056381106376301e-03,1.036907584668995241e+00,-3.420090618502712232e+00,1.517352294921892053e+00,9.944558907111489265e-05,2.950623838147217737e-04,1.000002026557925833e-04
1.983067707639050923e+02,1.964356085353190053e+02,-1.187463562011718636e+02,5.611283842605552068e-03,1.674025717865159496e-02,5.627056583762168884e-03,-3.809677238587505599e+01,-8.067717437195935304e+01,7.062809753417967329e+01,7.590157150053154084e-05,2.251682039476378405e-04,7.633157074451481228e-05
1.602099983780300363e+02,1.157584341633596523e+02,-4.811825866699219034e+01,5.687185414106083609e-03,1.696542538259923280e-02,5.703388154506683697e-03,4.994688413663652682e-01,-3.153092020231895276e+00,3.031404113769532671e+00,1.061460761007633827e-04,3.148348604562235808e-04,1.067571341991421091e-04
1.607094672193964016e+02,1.126053421431277570e+02,-4.508685455322265767e+01,5.793331490206846991e-03,1.728026024305545638e-02,5.810145288705825806e-03,1.214352103170199371e+00,-1.119011693488403125e+00,1.693753051757816763e+00,9.941760114123149306e-05,2.948161265649458518e-04,1.000002026557925833e-04
1.619238193225666009e+02,1.114863304496393539e+02,-4.339310150146484091e+01,5.892749091348078484e-03,1.757507636962040223e-02,5.910145491361618389e-03,1.438523354276668442e+00,-7.148646524682646941e-01,1.292129516601562500e+00,9.940734796079660207e-05,2.947306993573567402e-04,9.999983012676239014e-05
1.633623426768432694e+02,1.107714657971710892e+02,-4.210097198486327841e+01,5.992156439308875086e-03,1.786980706897775897e-02,6.010145321488380779e-03,-6.764132336977695559e+00,-2.251794842019545229e+01,1.768422164916992045e+01,1.104768946197853471e-04,3.274810851565598813e-04,1.111470162868492817e-04
1.565982103398655738e+02,8.825351737697563692e+01,-2.441675033569335795e+01,6.102633333928660433e-03,1.819728815413431885e-02,6.121292337775230061e-03,-2.486790586238498690e-01,-4.466287847290900004e+00,5.267566680908203125e+00,9.938685737672075388e-05,2.945473984799738820e-04,1.000002026557925833e-04
1.563495312812417239e+02,8.378722952968473692e+01,-1.914918365478515483e+01,6.202020191305381187e-03,1.849183555261429274e-02,6.221292540431022644e-03,-5.187505389730802108e-01,-7.210372045099745719e+00,7.723110961914061434e+00,9.937661042186841237e-05,2.944606658562658186e-04,9.999983012676239014e-05
1.558307807422686437e+02,7.657685748458499120e+01,-1.142607269287109339e+01,6.301396801727249600e-03,1.878629621847055856e-02,6.321292370557785034e-03,1.127488628428636730e-01,-6.013743716625000957e+00,6.493401813507079900e+00,9.936710584474133662e-05,2.943725223428367288e-04,1.000002026557925833e-04
1.559435296051115074e+02,7.056311376795999024e+01,-4.932670879364013494e+00,6.400763907571990936e-03,1.908066874081339528e-02,6.421292573213577617e-03,1.230987300099087633e+00,-2.700347759623539901e+00,3.217745900154113770e+00,9.935723300382413858e-05,2.942873541849078123e-04,1.000002026557917159e-04
1.571745169052105950e+02,6.786276600833645034e+01,-1.714924979209899947e+00,6.500121140575815075e-03,1.937495609499830310e-02,6.521292775869369333e-03,1.178649081439971269e+00,-2.696751529158916583e+00,3.184411168098449707e+00,9.934736212503011282e-05,2.941993135234313717e-04,1.000002026557925833e-04
