Sigma_1,Sigma_2,Sigma_12,Epsilon_1,Epsilon_2,Epsilon_12,dSigma_1,dSigma_2,dSigma_12,dEpsilon_1,dEpsilon_2,dEpsilon_12
-0.000000000000000000e+00,-0.000000000000000000e+00,-0.000000000000000000e+00,0.000000000000000000e+00,0.000000000000000000e+00,0.000000000000000000e+00,6.786418126707168597e+00,1.321806056409038277e+01,8.367644071578979048e-01,6.666447875155136660e-05,1.999800121638574792e-04,-2.570678938736867520e-37
6.786418126707168597e+00,1.321806056409038277e+01,8.367644071578979048e-01,6.666447875155136660e-05,1.999800121638574792e-04,-2.570678938736867520e-37,3.391466473348147659e+00,6.606778536608270969e+00,4.176522970199585405e-01,3.333057289245535239e-05,9.997499944099476950e-05,-1.282352483982654326e-37
1.017788460005531626e+01,1.982483910069865374e+01,1.254416704177856445e+00,9.999505164400671899e-05,2.999550116048522487e-04,-3.853031422719521846e-37,3.391059972406168299e+00,6.606017100975179801e+00,4.174809932708740678e-01,3.332946200261451561e-05,9.996502871346707886e-05,-1.281913754249056466e-37
1.356894457246148455e+01,2.643085620167383354e+01,1.671897697448730513e+00,1.333245136466212346e-04,3.999200403183193276e-04,-5.134945176968578312e-37,3.390653408216470766e+00,6.605258092390734248e+00,4.173057556152344194e-01,3.332835118637794171e-05,9.995499016253158245e-05,-1.281450989444197003e-37
1.695959798067795532e+01,3.303611429406456779e+01,2.089203453063964933e+00,1.666528648329991763e-04,4.998750304808509100e-04,-6.416396166412775315e-37,3.390246017687019275e+00,6.604495409511187631e+00,4.171305179595945489e-01,3.332724044440422929e-05,9.994504669895497122e-05,-1.280988224639339210e-37
2.034984399836497460e+01,3.964060970357575542e+01,2.506333971023559481e+00,1.999801052774034056e-04,5.998200771798058812e-04,-7.697384391052114525e-37,3.389838563557269424e+00,6.603732101011601685e+00,4.169552326202392578e-01,3.332611813782512377e-05,9.993505868506125708e-05,-1.280526177299294150e-37
2.373968256192224402e+01,4.624434180458735710e+01,2.923289203643798739e+00,2.333062234152285294e-04,6.997551358648671383e-04,-8.977910568351408675e-37,3.389431046932408265e+00,6.602974276520690466e+00,4.167800903320313388e-01,3.332503082141061970e-05,9.992507266705201192e-05,-1.280063412494433852e-37
2.712911360885465228e+01,5.284731608110804757e+01,3.340069293975830078e+00,2.666312542366391491e-04,7.996802085319191502e-04,-1.025797398084584253e-36,3.389023465799464674e+00,6.602209714930602047e+00,4.166051864624025214e-01,3.332389702479112261e-05,9.991499559590334614e-05,-1.279601365154391297e-37
3.051813707465411696e+01,5.944952579603864962e+01,3.756674480438232600e+00,2.999551512614302717e-04,8.995952041278224964e-04,-1.153757534600023382e-36,3.388617349071861184e+00,6.601456758638811095e+00,4.164301872253419745e-01,3.332280985485512386e-05,9.990510662625400919e-05,-1.279140035279158134e-37
3.390675442372597814e+01,6.605098255467746071e+01,4.173104667663574574e+00,3.332779611162853955e-04,9.995003107540765055e-04,-1.281671538127939196e-36,3.388211167673318869e+00,6.600690956242516449e+00,4.162551879882805395e-01,3.332167620780199409e-05,9.989512659297180089e-05,-1.278678705403928311e-37
3.729496559139929701e+01,7.265167351091997716e+01,4.589359855651855113e+00,3.665996373240873896e-04,1.099395437347048306e-03,-1.409539408668332027e-36,3.387801871782031071e+00,6.599930640296321371e+00,4.160805702209469104e-01,3.332058918431525431e-05,9.988514855340403092e-05,-1.278216658063884086e-37
4.068276746318132808e+01,7.925160415121629853e+01,5.005440425872802024e+00,3.999202265084026440e-04,1.199280585900452337e-03,-1.537361074474720436e-36,3.387395563679554300e+00,6.599169701791424814e+00,4.159056663513194252e-01,3.331945568657665880e-05,9.987517250695308706e-05,-1.277754610723838191e-37
4.407016302686088238e+01,8.585077385300772335e+01,5.421346092224121449e+00,4.332396821949793028e-04,1.299155758407405424e-03,-1.665136535547104255e-36,3.386989193273699073e+00,6.598408140727826776e+00,4.157310485839840197e-01,3.331834553766088421e-05,9.986519845280017980e-05,-1.277295433243048235e-37
4.745715222013458146e+01,9.244918199373555012e+01,5.837077140808105469e+00,4.665580277326401870e-04,1.399020956860205604e-03,-1.792866078871409078e-36,3.386582762062850804e+00,6.597645947894903884e+00,4.155565261840816760e-01,3.331728200531015567e-05,9.985513339833408490e-05,-1.276833385903004010e-37
5.084373498219743226e+01,9.904682794163045401e+01,6.252633666992187145e+00,4.998753097379503426e-04,1.498876090258539689e-03,-1.920549417461709479e-36,3.386173209719878230e+00,6.596895386697710251e+00,4.153821945190436793e-01,3.331612545952788908e-05,9.984534931301090703e-05,-1.276372773492585248e-37
5.422990819191731049e+01,1.056437233283281643e+02,6.668015861511230824e+00,5.331914351974782317e-04,1.598721439571550596e-03,-2.048186694810968004e-36,3.385766649596355649e+00,6.596125837297208250e+00,4.152074813842769885e-01,3.331501553251257474e-05,9.983528824037877190e-05,-1.275912161082166487e-37
5.761567484151366614e+01,1.122398491656253725e+02,7.083223342895507812e+00,5.665064507299908065e-04,1.698556727811929368e-03,-2.175777910919184653e-36,3.385363079890296945e+00,6.595361765124522435e+00,4.150329589843755329e-01,3.331390567922734493e-05,9.982513622067449785e-05,-1.275451548671751067e-37
6.100103792140396308e+01,1.188352109307498949e+02,7.498256301879883345e+00,5.998203564092181514e-04,1.798381864032603866e-03,-2.303323065786359759e-36,3.384953342933116005e+00,6.594609343583968553e+00,4.148591995239252483e-01,3.331284243627598025e-05,9.981535806883657692e-05,-1.274990936261335647e-37
6.438599126433707909e+01,1.254298202743338635e+02,7.913115501403808594e+00,6.331331988454941316e-04,1.898197222101440443e-03,-2.430822159412493324e-36,3.384549644248835421e+00,6.593856282275979197e+00,4.146844863891594457e-01,3.331168619293304808e-05,9.980539595727186408e-05,-1.274530323850916886e-37
6.777054090858591451e+01,1.320236765566098427e+02,8.327799987792968039e+00,6.664448850384271797e-04,1.998002618058712307e-03,-2.558275191797585013e-36,3.384139777749098243e+00,6.593090369405445017e+00,4.145105361938483668e-01,3.331057656145975342e-05,9.979543583449714331e-05,-1.274074016229381199e-37
7.115468068633501275e+01,1.386167669260152877e+02,8.742310523986816406e+00,6.997554615998869331e-04,2.097798053893209450e-03,-2.685682593420523133e-36,3.383735955764279879e+00,6.592323833976251990e+00,4.143365859985355115e-01,3.330946700368694457e-05,9.978547769925192115e-05,-1.273611968889333633e-37
7.453841664209929263e+01,1.452090907599915397e+02,9.156647109985351918e+00,7.330649286035738777e-04,2.197583531592461371e-03,-2.813043790309456496e-36,3.383325966344060021e+00,6.591568911095663452e+00,4.141622543334957385e-01,3.330840405068387529e-05,9.977552155116279839e-05,-1.273152791408547018e-37
7.792174260844335265e+01,1.518006596710872032e+02,9.570809364318847656e+00,7.663733326542577530e-04,2.297359053143624170e-03,-2.940359069450311198e-36,3.382915906353034075e+00,6.590813369318595960e+00,4.139888763427741480e-01,3.330724810899493571e-05,9.976556738963563223e-05,-1.272690744068499452e-37
8.130465851479638673e+01,1.583914730404057991e+02,9.984798240661621804e+00,7.996805807632526887e-04,2.397124620533259802e-03,-3.067628143857161143e-36,3.382518003557649422e+00,6.590057208644822140e+00,4.138147354125969457e-01,3.330613877294526584e-05,9.975561521385336791e-05,-1.272234436446970447e-37
8.468717651835403615e+01,1.649815302490506213e+02,1.039861297607421875e+01,8.329867195361979545e-04,2.496880235747113170e-03,-3.194851587501858188e-36,3.382101712090403112e+00,6.589288190305069293e+00,4.136413574218753553e-01,3.330502951123229163e-05,9.974566502388756278e-05,-1.271775258966173809e-37
8.806927823044443926e+01,1.715708184393556905e+02,1.081225433349609411e+01,8.662917490474302462e-04,2.596625900771000733e-03,-3.322029113398475569e-36,3.381703683562548690e+00,6.588530789396770615e+00,4.134674072265625000e-01,3.330392032296122101e-05,9.973571681847880760e-05,-1.271316081485390535e-37
9.145098191400698795e+01,1.781593492287524612e+02,1.122572174072265661e+01,8.995956693703914672e-04,2.696361617589479540e-03,-3.449160721547014622e-36,3.381293374354385151e+00,6.587772769591936139e+00,4.132942199707034803e-01,3.330281120901188406e-05,9.972577059725457049e-05,-1.270859773863851507e-37
9.483227528836137310e+01,1.847471219983443973e+02,1.163901596069336009e+01,9.328984805794033512e-04,2.796087388186734111e-03,-3.576246698933399773e-36,3.380889111085323862e+00,6.587014095354732035e+00,4.131202697753888486e-01,3.330170216871142490e-05,9.971564063366786246e-05,-1.270397726523803941e-37
9.821316439944669696e+01,1.913341360936991293e+02,1.205213623046874893e+01,9.662001827481147762e-04,2.895803028820401973e-03,-3.703286471585780167e-36,3.380478684783099652e+00,6.586267115725235044e+00,4.129467010498064639e-01,3.330068624140397615e-05,9.970588412350385454e-05,-1.269941418902271595e-37
1.015936430842297966e+02,1.979204032094243644e+02,1.246508293151855540e+01,9.995008689895187523e-04,2.995508912943905828e-03,-3.830280613476007326e-36,3.380074286236634862e+00,6.585494996799297951e+00,4.127731323242169736e-01,3.329948430637373960e-05,9.969594385104973977e-05,-1.269485111280739249e-37
1.049737173704664315e+02,2.045058982062236623e+02,1.287785606384277237e+01,1.032800353295892492e-03,3.095204856794955568e-03,-3.957229124604081251e-36,3.379663723935934172e+00,6.584746786695575338e+00,4.126003265380866480e-01,3.329837548786342312e-05,9.968619123126333526e-05,-1.269025933799942611e-37
1.083533810944023656e+02,2.110906449929192377e+02,1.329045639038085902e+01,1.066098728783755915e-03,3.194891048026218903e-03,-4.084131717984075512e-36,3.379265318617612479e+00,6.583961101834034935e+00,4.124271392822276283e-01,3.329726674275077479e-05,9.967588358123337725e-05,-1.268566756319159336e-37
1.117326464130199781e+02,2.176746060947532726e+02,1.370288352966308665e+01,1.099395995526506690e-03,3.294566931607452280e-03,-4.210988393615991446e-36,3.378854630177571039e+00,6.583236192637201611e+00,4.122535705566399145e-01,3.329615807191573310e-05,9.966632055647848751e-05,-1.268110448697620308e-37
1.151115010431975492e+02,2.242578422873904742e+02,1.411513710021972656e+01,1.132692153598422423e-03,3.394233252163930768e-03,-4.337799438485753477e-36,3.378443878260910083e+00,6.582461512424060857e+00,4.120811462402347303e-01,3.329504947468522533e-05,9.965601694112693684e-05,-1.267651271216830352e-37
1.184899449214584592e+02,2.308403037998145351e+02,1.452721824645996129e+01,1.165987203073107648e-03,3.493889269105057704e-03,-4.464564565607436512e-36,3.377703077515917585e+00,6.581637286570583001e+00,4.118705749511715197e-01,3.329394095105209575e-05,9.964608660902344803e-05,-1.267123217113924576e-37
1.218676479989743768e+02,2.374219410863851181e+02,1.493908882141113281e+01,1.199281144024159744e-03,3.593535355714081152e-03,-4.591276887318828969e-36,3.375079978999707464e+00,6.578729640538881540e+00,4.112533569335941053e-01,3.329283250167445508e-05,9.963652941138122221e-05,-1.265008130843037177e-37
1.252427279779740843e+02,2.440006707269239996e+02,1.535034217834472692e+01,1.232573976525834199e-03,3.693171885125462375e-03,-4.717777700403132687e-36,3.372236603139697309e+00,6.572316078511988735e+00,4.121696472167961645e-01,3.329181714022957581e-05,9.962623184377097235e-05,-1.270371897790512178e-37
1.286149645811137816e+02,2.505729868054359883e+02,1.576251182556152308e+01,1.265865793666063775e-03,3.792798116969233347e-03,-4.844814890182183905e-36,3.369441788871625931e+00,6.567885644374058529e+00,4.124134063720692467e-01,3.329061582056321890e-05,9.961667852832105721e-05,-1.272575949698298622e-37
1.319844063699854075e+02,2.571408724498100469e+02,1.617492523193359233e+01,1.299156409486626994e-03,3.892414795497554404e-03,-4.972072485152013767e-36,3.366646684739606599e+00,6.562350280613259201e+00,4.121082305908245758e-01,3.328950759257640925e-05,9.960638498917890465e-05,-1.271938840943710576e-37
1.353510530547250141e+02,2.637032227304233061e+02,1.658703346252441690e+01,1.332445917079203403e-03,3.992021180486733309e-03,-5.099266369246384825e-36,3.364291332805180446e+00,6.553699768319688701e+00,4.127254486083948848e-01,3.328839943815054860e-05,9.959683555314444159e-05,-1.275526165012382108e-37
1.387153443875301946e+02,2.702569224987429948e+02,1.699975891113281179e+01,1.365734316517353952e-03,4.091618016039877750e-03,-5.226818985747623036e-36,3.361935723302224233e+00,6.546296430961206170e+00,4.128807067871100855e-01,3.328729135727804753e-05,9.958654604051968978e-05,-1.276938135765803205e-37
1.420772801108324188e+02,2.768032189297042009e+02,1.741263961791992188e+01,1.399021607874631999e-03,4.191204562080397440e-03,-5.354512799324203356e-36,3.358601893990737608e+00,6.538032529952374716e+00,4.120372772216782664e-01,3.328618335061593256e-05,9.957700048201113124e-05,-1.273672235933689988e-37
1.454358820048231564e+02,2.833412514596565757e+02,1.782467689514160014e+01,1.432307791225247932e-03,4.290781562562408571e-03,-5.481880022917572355e-36,3.353678467916864747e+00,6.526136385025267828e+00,4.127597808837890625e-01,3.328507541727125478e-05,9.956671499307227780e-05,-1.278740407377911800e-37
1.487895604727400212e+02,2.898673878446818435e+02,1.823743667602538920e+01,1.465592866642519186e-03,4.390348277555480849e-03,-5.609754063655363535e-36,3.347483092379235359e+00,6.512151978585336565e+00,4.117752075195326711e-01,3.328396755812221795e-05,9.955717330953697819e-05,-1.275772972908302700e-37
1.521370435651192565e+02,2.963795398232671801e+02,1.864921188354492188e+01,1.498876834200641404e-03,4.489905450865017827e-03,-5.737331360946193805e-36,3.339991161067132452e+00,6.494655521225240591e+00,4.122699737548813914e-01,3.328295276208204957e-05,9.954689184211475139e-05,-1.280462322930874136e-37
1.554770347261863890e+02,3.028741953444924206e+02,1.906148185729980327e+01,1.532159786962723454e-03,4.589452342707132579e-03,-5.865377593239281218e-36,3.330798995255548789e+00,6.472223270507356574e+00,4.110397338867208816e-01,3.328175205751546066e-05,9.953698324480144549e-05,-1.277127546476631734e-37
1.588078337214419378e+02,3.093464186149997772e+02,1.947252159118652415e+01,1.565441539020238915e-03,4.688989325951934024e-03,-5.993090347886944392e-36,3.320517739586534844e+00,6.443381398113046998e+00,4.101596832275369309e-01,3.328064441913795857e-05,9.952744736913595597e-05,-1.275830370093401445e-37
1.621283514610284726e+02,3.157898000131128242e+02,1.988268127441406108e+01,1.598722183439376873e-03,4.788516773321069980e-03,-6.120673384896284536e-36,3.307716679634808088e+00,6.407881669431674254e+00,4.092727661132826711e-01,3.327953685492704081e-05,9.951717192973382614e-05,-1.275216220212854233e-37
1.654360681406632807e+02,3.221976816825444985e+02,2.029195404052734375e+01,1.632001720294303914e-03,4.888033945250803806e-03,-6.248195006917569960e-36,3.296589470188706628e+00,6.376787702165984228e+00,4.065280914306654836e-01,3.327842936398889111e-05,9.950763992344451025e-05,-1.264988041828247271e-37
1.687326576108519873e+02,3.285744693847104827e+02,2.069848213195800923e+01,1.665280149658292805e-03,4.987541585174248317e-03,-6.374693811100394687e-36,3.285620089111773723e+00,6.345929218765036239e+00,4.051784515380845164e-01,3.327732194720258059e-05,9.949736849937558525e-05,-1.261360539730009291e-37
1.720182776999637611e+02,3.349203986034755189e+02,2.110366058349609375e+01,1.698557471605495386e-03,5.087038953673623902e-03,-6.500829865073395616e-36,3.276642786079918324e+00,6.318448054039777162e+00,4.040557861328117895e-01,3.327621460389568707e-05,9.948784035969555906e-05,-1.258289790327226460e-37
1.752949204860436794e+02,3.412388466575152961e+02,2.150771636962890554e+01,1.731833686209391073e-03,5.186526794033319461e-03,-6.626658844106118262e-36,3.267407764541786719e+00,6.286123001025316626e+00,4.019279479980468750e-01,3.327510733406148849e-05,9.947757294902128539e-05,-1.250099212013638291e-37
1.785623282505854661e+02,3.475249696585406127e+02,2.190964431762695241e+01,1.765108793543452561e-03,5.286004366982340746e-03,-6.751668765307482091e-36,3.257694868247369868e+00,6.253665454223892084e+00,3.983009338378913355e-01,3.327400013835701137e-05,9.946804867407097600e-05,-1.234412561326148745e-37
1.818200231188328360e+02,3.537786351127645048e+02,2.230794525146484375e+01,1.798382793681809573e-03,5.385472415656411722e-03,-6.875110021440096965e-36,3.246709122016653737e+00,6.211844673928908378e+00,3.955505371093757105e-01,3.327289301588843944e-05,9.945778527396722385e-05,-1.223369342913142283e-37
1.850667322408494897e+02,3.599904797866934132e+02,2.270349578857421946e+01,1.831655686697698012e-03,5.484930200930378946e-03,-6.997446955731411194e-36,3.233019467905933197e+00,6.155894612181327830e+00,3.903778076171882105e-01,3.327178596753484381e-05,9.944826486120526138e-05,-1.200198099288795162e-37
1.882997517087554229e+02,3.661463743988747410e+02,2.309387359619140767e+01,1.864927472665232856e-03,5.584378465791584208e-03,-7.117466765660290710e-36,3.221884542801035423e+00,6.113971666681550232e+00,3.859901428222656250e-01,3.327067899262445283e-05,9.943800546951576946e-05,-1.181492356665106309e-37
1.915216362515564583e+02,3.722603460655562913e+02,2.347986373901367330e+01,1.898198151657857309e-03,5.683816471261099977e-03,-7.235616001326801341e-36,3.210039108255244855e+00,6.077266342369114227e+00,3.771293640136690328e-01,3.326957209114967708e-05,9.942811853571372621e-05,-1.141365984562568678e-37
1.947316753598117032e+02,3.783376124079254055e+02,2.385699310302734233e+01,1.931467723749006986e-03,5.783244589796813703e-03,-7.349752599783058209e-36,3.195146978323293752e+00,6.032052747341651866e+00,3.669853210449218750e-01,3.326865116272522890e-05,9.941860391166155303e-05,-1.096246057356453640e-37
1.979268223381349969e+02,3.843696651552670573e+02,2.422397842407226420e+01,1.964736374911732215e-03,5.882663193708475256e-03,-7.459377205518703573e-36,3.180852608644755719e+00,5.980856814179446701e+00,3.536468505859389211e-01,3.326735850340059586e-05,9.940835052835682306e-05,-1.035083616915226147e-37
2.011076749467797526e+02,3.903505219694465040e+02,2.457762527465820312e+01,1.998003733415132811e-03,5.982071544236832079e-03,-7.562885567210226187e-36,3.166385581482643374e+00,5.935737166439139401e+00,3.435302734375014211e-01,3.326625182329670180e-05,9.939883976092106499e-05,-9.902621550716219070e-38
2.042740605282623960e+02,3.962862591358856434e+02,2.492115554809570455e+01,2.031269985238429512e-03,6.081470383997753144e-03,-7.661911782717388378e-36,3.152687721801498810e+00,5.895467376347653499e+00,3.376495361328117895e-01,3.326514521637688807e-05,9.938859037987232692e-05,-9.654263930793844677e-38
2.074267482500638948e+02,4.021817265122332969e+02,2.525880508422851634e+01,2.064535130454806400e-03,6.180858974377625471e-03,-7.758454422025326825e-36,3.140175042785529058e+00,5.853662317915734548e+00,3.321350097656257105e-01,3.326403868352152682e-05,9.937908346629650835e-05,-9.408603978571351824e-38
2.105669232928494239e+02,4.080353888301490315e+02,2.559094009399414205e+01,2.097799169138327927e-03,6.280238057843921980e-03,-7.852540461811040343e-36,3.129055664552168992e+00,5.818650279230780598e+00,3.285598754882812500e-01,3.326293222405711167e-05,9.936920824566916610e-05,-9.254951714061905868e-38
2.136959789574015929e+02,4.138540391093798121e+02,2.591949996948242330e+01,2.131062101362385039e-03,6.379607266089591146e-03,-7.945089978951659402e-36,3.117078812359210360e+00,5.779253198444450845e+00,3.290771484374985789e-01,3.326182583797670372e-05,9.935859474057701091e-05,-9.304600279172453505e-38
2.168130577697608032e+02,4.196332923078242629e+02,2.624857711791992188e+01,2.164323927200361743e-03,6.478965860830168157e-03,-8.038135981743383937e-36,3.103412467976824018e+00,5.736944776672430635e+00,3.249404907226569605e-01,3.326071952593819686e-05,9.934946376409861668e-05,-9.124315720777243552e-38
2.199164702377376273e+02,4.253702370844966936e+02,2.657351760864257884e+01,2.197584646726299940e-03,6.578315324594266773e-03,-8.129379138951156372e-36,3.089744739316785171e+00,5.688921087551250366e+00,3.245353698730433223e-01,3.325961328704777481e-05,9.933959442865424039e-05,-9.127989140623509745e-38
2.230062149770544124e+02,4.310591581720479439e+02,2.689805297851562216e+01,2.230844260013347714e-03,6.677654919022921014e-03,-8.220659030357391470e-36,3.081018445395159233e+00,5.657941324187788723e+00,3.268463134765653422e-01,3.325850712218364133e-05,9.932972705362433374e-05,-9.256042260578862196e-38
2.260872334224495717e+02,4.367170994962357327e+02,2.722489929199218750e+01,2.264102767135531356e-03,6.776984646076545347e-03,-8.313219452963180092e-36,3.070431524029885395e+00,5.620068562594383366e+00,3.292945861816392039e-01,3.325740103067402476e-05,9.931912168674623953e-05,-9.399707414880912787e-38
2.291576649464794571e+02,4.423371680588301160e+02,2.755419387817382670e+01,2.297360168166205380e-03,6.876303767763291587e-03,-8.407216527111989219e-36,3.063171585903802452e+00,5.583364913410491681e+00,3.306037902832059672e-01,3.325629501251285355e-05,9.930999825706263162e-05,-9.466288149595590054e-38
2.322208365323832595e+02,4.479205329722406077e+02,2.788479766845703267e+01,2.330616463178718234e-03,6.975613766020354219e-03,-8.501879408607945120e-36,3.055201219716963124e+00,5.539765203715887765e+00,3.384323120117187500e-01,3.325518906835585320e-05,9.930013676086660301e-05,-9.868298034027143127e-38
2.352760377521002226e+02,4.534602981759564955e+02,2.822322998046875142e+01,2.363871652247074087e-03,7.074913902781220822e-03,-8.600562388948216551e-36,3.047719491225791444e+00,5.499496057808471505e+00,3.433059692382798289e-01,3.325408319731007478e-05,9.928953749058569422e-05,-1.012038647098080228e-37
2.383237572433260141e+02,4.589597942337649670e+02,2.856653594970703125e+01,2.397125735444384162e-03,7.174203440271806516e-03,-8.701766253658024574e-36,3.040530677773972457e+00,5.457542992160199447e+00,3.468681335449232961e-01,3.325297740025458942e-05,9.928041971579183722e-05,-1.029866212789755617e-37
2.413642879210999865e+02,4.644173372259251664e+02,2.891340408325195455e+01,2.430378712844638751e-03,7.273483859987598353e-03,-8.804752874937000136e-36,3.032851641339675552e+00,5.423693033396887131e+00,3.503250122070298289e-01,3.325187167651719178e-05,9.927056409229483708e-05,-1.048336626954520908e-37
2.443971395624396621e+02,4.698410302593220536e+02,2.926372909545898438e+01,2.463630584521155943e-03,7.372754424079893190e-03,-8.909586537632452227e-36,3.026420094725580157e+00,5.393079500395003834e+00,3.510910034179666184e-01,3.325095182614944134e-05,9.926071042579056453e-05,-1.052446265407609724e-37
2.474235596571652422e+02,4.752341097597170574e+02,2.961482009887695099e+01,2.496881536347305384e-03,7.472015134505683755e-03,-9.014831164173213199e-36,3.020697596540600216e+00,5.374017994811993049e+00,3.526313781738288355e-01,3.324966044345378444e-05,9.925011927653173971e-05,-1.061101760920489705e-37
2.504442572537058425e+02,4.806081277545290504e+02,2.996745147705077983e+01,2.530131196790759169e-03,7.571265253782215494e-03,-9.120941340265262170e-36,3.016345249562021991e+00,5.360708084724649325e+00,3.525016784667975855e-01,3.324855494007050369e-05,9.924100903304765992e-05,-1.061360048253434055e-37
2.534606025032678644e+02,4.859688358392536998e+02,3.031995315551757741e+01,2.563379751730829673e-03,7.670506262815263154e-03,-9.227077345090605575e-36,3.012335134029285655e+00,5.350788965766241745e+00,3.513679504394531250e-01,3.324744951064021944e-05,9.923116123247179010e-05,-1.056377972586860359e-37
2.564729376372971501e+02,4.913196248050199415e+02,3.067132110595703054e+01,2.596627201241469892e-03,7.769737424047734944e-03,-9.332715142349291611e-36,3.008544903750532740e+00,5.343031990356337246e+00,3.511756896972677566e-01,3.324634415426998280e-05,9.922131538589971933e-05,-1.056125424972431229e-37
2.594814825410476828e+02,4.966626567953762788e+02,3.102249679565429830e+01,2.629873545395739875e-03,7.868958739433634664e-03,-9.438327684846534734e-36,3.003114171353729489e+00,5.335468896821907947e+00,3.508987426757812500e-01,3.324523887183843118e-05,9.921073234855047607e-05,-1.055815480172889990e-37
2.624845967124014123e+02,5.019981256921981867e+02,3.137339553833007955e+01,2.663118784267578306e-03,7.968169471782185140e-03,-9.543909232863823733e-36,2.996850558096241457e+00,5.328691556128319462e+00,3.508316040039041184e-01,3.324413366267335926e-05,9.920162962685774577e-05,-1.056687917386401598e-37
2.654814472704976538e+02,5.073268172483265062e+02,3.172422714233398366e+01,2.696362917930251665e-03,8.067371101409042886e-03,-9.649578024602463893e-36,2.989925318861196502e+00,5.322453032858561528e+00,3.488845825195348027e-01,3.324302852676826181e-05,9.919178963989187803e-05,-1.048141476525190523e-37
2.684713725893588503e+02,5.126492702811850677e+02,3.207311172485351847e+01,2.729605946457019927e-03,8.166562891048934764e-03,-9.754392172254982945e-36,2.984052078325419188e+00,5.317492027236880858e+00,3.486083984374914735e-01,3.324192346477973167e-05,9.918121267944723929e-05,-1.047911887784795545e-37
2.714554246676842695e+02,5.179667623084219485e+02,3.242172012329100994e+01,2.762847869921799659e-03,8.265744103728382003e-03,-9.859183361033462499e-36,2.979696142479099308e+00,5.313859429685862779e+00,3.479614257812571054e-01,3.324081847581395258e-05,9.917211559391098108e-05,-1.045730794751043253e-37
2.744351208101633688e+02,5.232806217381078113e+02,3.276968154907226705e+01,2.796088688397613611e-03,8.364916219322292984e-03,-9.963756440508566825e-36,2.974605255459835007e+00,5.308895496253398960e+00,3.472625732421832367e-01,3.323971356075129668e-05,9.916228146044335501e-05,-1.043193839169681419e-37
2.774097260656232038e+02,5.285895172343612103e+02,3.311694412231445028e+01,2.829328401958364908e-03,8.464078500782736339e-03,-1.006807582442553497e-35,2.970199394483131528e+00,5.304323760083434536e+00,3.460952758789090922e-01,3.323860871891782393e-05,9.915244927757339843e-05,-1.038154366318008978e-37
2.803799254601063353e+02,5.338938409944446448e+02,3.346303939819335938e+01,2.862567010677282732e-03,8.563230950060309737e-03,-1.017189126105733586e-35,2.966282771788314676e+00,5.301129037753298689e+00,3.455841064453153422e-01,3.323750395030789645e-05,9.914188041192095735e-05,-1.036627601194390393e-37
2.833462082318946500e+02,5.391949700321979435e+02,3.380862350463867472e+01,2.895804514627590628e-03,8.662372830472230695e-03,-1.027555402117677490e-35,2.960896598310000627e+00,5.297638301440088071e+00,3.439224243164034078e-01,3.323639925557723973e-05,9.913279083276042847e-05,-1.029418514745982737e-37
2.863071048302046506e+02,5.444926083336380316e+02,3.415254592895507812e+01,2.929040913883167868e-03,8.761505621304991123e-03,-1.037849587265137318e-35,2.954261057154155878e+00,5.293800984210292881e+00,3.418487548828181843e-01,3.323529463383420590e-05,9.912296449664584341e-05,-1.020120170759986127e-37
2.892613658873588065e+02,5.497864093178483245e+02,3.449439468383789631e+01,2.962276208517002074e-03,8.860628585801636967e-03,-1.048050788972737179e-35,2.947453423712715903e+00,5.289962216782441828e+00,3.392311096191349407e-01,3.323419008595613136e-05,9.911314010815040765e-05,-1.008445583310906840e-37
2.922088193110715224e+02,5.550763715346307663e+02,3.483362579345703125e+01,2.995510398602958205e-03,8.959741725909787374e-03,-1.058135244805846247e-35,2.941404223703386833e+00,5.287846121551069700e+00,3.375755310058607961e-01,3.323308561127167812e-05,9.910257932822449933e-05,-1.001466085602894162e-37
2.951502235347749092e+02,5.603642176561818360e+02,3.517120132446289205e+01,3.028743484214229884e-03,9.058844305238011874e-03,-1.068149905661875189e-35,2.936015657661073419e+00,5.285976299153048785e+00,3.363731384277315328e-01,3.323216690486775760e-05,9.909349724595770126e-05,-9.966102837435350312e-38
2.980862391924359827e+02,5.656501939553348848e+02,3.550757446289062358e+01,3.061975651119097641e-03,9.157937802483969575e-03,-1.078116008499310539e-35,2.930773363291166334e+00,5.285485104964323000e+00,3.356773376464872172e-01,3.323087687594813294e-05,9.908367869792579496e-05,-9.943029169025681748e-38
3.010170125557271490e+02,5.709356790602992078e+02,3.584325180053711080e+01,3.095206527995045774e-03,9.257021481181895370e-03,-1.088059037668336221e-35,2.925579562858388272e+00,5.285978773540477960e+00,3.344001770019531250e-01,3.322977262124396369e-05,9.907312397528997283e-05,-9.894585944802394839e-38
3.039425921185855373e+02,5.762216578338396857e+02,3.617765197753906392e+01,3.128436300616289738e-03,9.356094605157185343e-03,-1.097953623613138616e-35,2.921683211146898884e+00,5.285832331866572531e+00,3.338951110839829539e-01,3.322848276378527477e-05,9.906404751053483893e-05,-9.880581031638220996e-38
3.068642753297324361e+02,5.815074901657062583e+02,3.651154708862304688e+01,3.161664783380075013e-03,9.455158652667720182e-03,-1.107834204644776837e-35,2.917590685152674723e+00,5.287558398419150762e+00,3.333114624023423289e-01,3.322775000901175002e-05,9.905423479688452160e-05,-9.863247081738560521e-38
3.097818660148851109e+02,5.867950485641254090e+02,3.684485855102538920e+01,3.194892533389086763e-03,9.554212887464604703e-03,-1.117697451726515397e-35,2.915456943030449111e+00,5.291848361457141436e+00,3.329040527343778422e-01,3.322627463405803186e-05,9.904442402746370389e-05,-9.855670653305419336e-38
3.126973229579155600e+02,5.920868969255825505e+02,3.717776260375976705e+01,3.228118808023144794e-03,9.653257311492068407e-03,-1.127553122379820817e-35,2.913494656828163443e+00,5.294462424747621299e+00,3.319351196289019867e-01,3.322554200156429757e-05,9.903387737350728692e-05,-9.818936454842222851e-38
3.156108176147437234e+02,5.973813593503301718e+02,3.750969772338866903e+01,3.261344350024709092e-03,9.752291188865575694e-03,-1.137372058834663040e-35,2.910748094351617965e+00,5.295549177226916981e+00,3.316215515136775593e-01,3.322406679756367484e-05,9.902480839029878523e-05,-9.813770708183335845e-38
3.185215657090953414e+02,6.026769085275570887e+02,3.784131927490234659e+01,3.294568416822272767e-03,9.851315997255874479e-03,-1.147185829542846375e-35,2.908883310304304359e+00,5.297671151985014149e+00,3.310363769531221578e-01,3.322333428732284280e-05,9.901500344854617663e-05,-9.796781141394054016e-38
3.214304490193996457e+02,6.079745796795421029e+02,3.817235565185546875e+01,3.327791751109595610e-03,9.950331000704420656e-03,-1.156982610684240429e-35,2.907042700242755018e+00,5.303393903111896179e+00,3.323074340820255657e-01,3.322223053383102642e-05,9.900520044805495579e-05,-9.875644873719809152e-38
3.243374917196424008e+02,6.132779735826539991e+02,3.850466308593749432e+01,3.361013981643426636e-03,1.004933620115247561e-02,-1.166858255557960239e-35,2.904368865657204424e+00,5.307144542739138160e+00,3.323776245117215922e-01,3.322075558730586825e-05,9.899466185375044303e-05,-9.891486496806982453e-38
3.272418605852996052e+02,6.185851181253931372e+02,3.883704071044921591e+01,3.394234737230732504e-03,1.014833086300622605e-02,-1.176749742054767221e-35,2.902968877316425278e+00,5.311291545054359631e+00,3.313537597656264211e-01,3.322002325962256433e-05,9.898560034264820839e-05,-9.850734495387007491e-38
3.301448294626160305e+02,6.238964096704474969e+02,3.916839447021484233e+01,3.427454760490355069e-03,1.024731646334887426e-02,-1.186600476550154229e-35,2.901666481014672172e+00,5.314698978801970952e+00,3.320053100585980133e-01,3.321854848441262512e-05,9.897580316356457963e-05,-9.892175263028140659e-38
3.330464959436307026e+02,6.292111086492494678e+02,3.950039978027344034e+01,3.460673308974767694e-03,1.034629226651243884e-02,-1.196492651813182369e-35,2.900633676624920554e+00,5.297975593145793027e+00,3.351882934570227235e-01,3.321781627891717131e-05,9.896527060702063616e-05,-1.003463507644333144e-37
3.359471296202556232e+02,6.345090842423952608e+02,3.983558807373046307e+01,3.493891125253684865e-03,1.044525753711945948e-02,-1.206527286889625701e-35,2.899845505066025453e+00,5.275326381488071092e+00,3.386695861816448883e-01,3.321634167454670314e-05,9.895621469486678978e-05,-1.018467131829152976e-37
3.388469751253216486e+02,6.397844106238833319e+02,4.017425765991210795e+01,3.527107466928231568e-03,1.054421375181432627e-02,-1.216711958207917230e-35,2.898885978374778460e+00,5.260170963655355081e+00,3.419540405273480133e-01,3.321560959121394596e-05,9.894642333112789456e-05,-1.033310043895666924e-37
3.417458611036964271e+02,6.450445815875386870e+02,4.051621170043945597e+01,3.560323076519445514e-03,1.064316017514545416e-02,-1.227045058646873900e-35,2.882367344033013978e+00,5.251377596596171315e+00,3.399291992187443157e-01,3.321413515831395449e-05,9.893663390527981938e-05,-1.028259091606977407e-37
3.446282284477294411e+02,6.502959591841348583e+02,4.085614089965820028e+01,3.593537211677759469e-03,1.074209680905073398e-02,-1.237327649562943674e-35,2.849994009198269396e+00,5.234831256150641821e+00,3.194190979003934672e-01,3.321340319645390768e-05,9.892610939141351090e-05,-9.361940067086179450e-38
3.474782224569277105e+02,6.555307904402855002e+02,4.117555999755859375e+01,3.626750614874213376e-03,1.084102291844214749e-02,-1.246689589630029853e-35,2.834696168636980929e+00,5.213196044197047740e+00,3.240402221679659078e-01,3.321192893499273421e-05,9.891706093608822192e-05,-9.632739986381949125e-38
3.503129186255646914e+02,6.607439864844825479e+02,4.149960021972655966e+01,3.659962543809206111e-03,1.093993997937823572e-02,-1.256322329616411802e-35,2.801974419561076957e+00,5.172200543325516264e+00,3.316146850585965922e-01,3.321119709502216508e-05,9.890727731890272545e-05,-1.008893281354666356e-37
3.531148930451257684e+02,6.659161870278080642e+02,4.183121490478515625e+01,3.693173740904228276e-03,1.103884725669713844e-02,-1.266411262429958466e-35,2.794857073348964605e+00,5.148720701614251993e+00,3.319175720214815328e-01,3.320972300474523894e-05,9.889749563664861076e-05,-1.009857554064314572e-37
3.559097501184747330e+02,6.710649077294223162e+02,4.216313247680663778e+01,3.726383463908973515e-03,1.113774475233378705e-02,-1.276509837970601612e-35,2.788915551815193794e+00,5.127652710349025256e+00,3.376945495605525593e-01,3.320899128663769295e-05,9.888697915647580439e-05,-1.038647982109876890e-37
3.586986656702899268e+02,6.761925604397713414e+02,4.250082702636719034e+01,3.759592455195611208e-03,1.123663173149026286e-02,-1.286896317791700381e-35,2.786110029718770420e+00,5.109690404087473325e+00,3.417205810546875000e-01,3.320751736751292177e-05,9.887793814857687158e-05,-1.057990833488127062e-37
3.614847757000086972e+02,6.813022508438588147e+02,4.284254760742187784e+01,3.792799972563124129e-03,1.133550966963883973e-02,-1.297476226126581651e-35,2.783132923499465505e+00,5.077053252781297488e+00,3.431243896484375000e-01,3.320678577146442267e-05,9.886816226875420888e-05,-1.062249704622464595e-37
3.642679086235081627e+02,6.863793040966401122e+02,4.318567199707031534e+01,3.826006758334588552e-03,1.143437783190759394e-02,-1.308098723172806297e-35,2.780106216076205783e+00,5.059125186932533325e+00,3.423400878906193157e-01,3.320531202301692589e-05,9.885765180690092579e-05,-1.057520176570333393e-37
3.670480148395843685e+02,6.914384292835726455e+02,4.352801208496093466e+01,3.859212070357605478e-03,1.153323548371449486e-02,-1.318673924938509631e-35,2.772618771734528309e+00,5.028793272639973111e+00,3.427902221679772765e-01,3.320458054900101916e-05,9.884861637946343316e-05,-1.059907899470446510e-37
3.698206336113188968e+02,6.964672225562126187e+02,4.387080230712891193e+01,3.892416650906606497e-03,1.163208410009395830e-02,-1.329273003933214096e-35,2.770400097653521243e+00,5.015397239469848500e+00,3.440902709960909078e-01,3.320347804121846769e-05,9.883884629603538474e-05,-1.065980521653882988e-37
3.725910337089724180e+02,7.014826197956824672e+02,4.421489257812500284e+01,3.925620128947824965e-03,1.173092294638999368e-02,-1.339932809149752926e-35,2.763523973084545560e+00,4.986877734607560342e+00,3.509017944335965922e-01,3.320200454983227023e-05,9.882907814418376291e-05,-1.100602503705429638e-37
3.753545576820569636e+02,7.064694975302900275e+02,4.456579437255859943e+01,3.958822133497657235e-03,1.182975202453417744e-02,-1.350938834186807222e-35,2.758608360428354445e+00,4.960671421777192336e+00,3.547576904296789735e-01,3.320127325804386048e-05,9.881857569911910166e-05,-1.119072917870221657e-37
3.781131660424853180e+02,7.114301689520672198e+02,4.492055206298827841e+01,3.992023406755701095e-03,1.192857060023329654e-02,-1.362129563365509439e-35,2.752025108169050327e+00,4.939152896056725695e+00,3.592910766601562500e-01,3.319979993769619359e-05,9.880954770390137920e-05,-1.141882559228457379e-37
3.808651911506543684e+02,7.163693218481239455e+02,4.527984313964843466e+01,4.025223206693397289e-03,1.202738014793719792e-02,-1.373548388957794013e-35,2.744362876448519728e+00,4.909274558158585933e+00,3.512664794921889211e-01,3.319906876787445671e-05,9.879978534178997240e-05,-1.100705818638623415e-37
3.836095540271028881e+02,7.212785964062825315e+02,4.563110961914062358e+01,4.058422275461271746e-03,1.212617993327898790e-02,-1.384555447144180247e-35,2.736184782474651911e+00,4.864805609885479498e+00,3.509475708007840922e-01,3.319759561809087350e-05,9.879002490830769700e-05,-1.096745412866810044e-37
3.863457388095775400e+02,7.261434020161680110e+02,4.598205718994140767e+01,4.091619871079362619e-03,1.222496995818729559e-02,-1.395522901272848347e-35,2.733595555718466130e+00,4.852503931255910175e+00,3.496505737304644867e-01,3.319686457021239073e-05,9.877953047108915807e-05,-1.089777394595827806e-37
3.890793343652960061e+02,7.309959059474239211e+02,4.633170776367187216e+01,4.124816735649575010e-03,1.232374948865838475e-02,-1.406420675218806625e-35,2.723307808027868759e+00,4.824774594568225439e+00,3.506225585937556843e-01,3.319539159162346320e-05,9.877050989872543374e-05,-1.096194399889856751e-37
3.918026421733238749e+02,7.358206805419921466e+02,4.668233032226562784e+01,4.158012127241198473e-03,1.242251999855711019e-02,-1.417382619217705193e-35,2.709072134693315093e+00,4.791993004667233436e+00,3.485778808593735789e-01,3.319466066499607987e-05,9.876075524878173695e-05,-1.088124355664994656e-37
3.945117143080171900e+02,7.406126735466593800e+02,4.703090820312500142e+01,4.191206787906194553e-03,1.252128075380589192e-02,-1.428263862774355139e-35,2.695300565002753501e+00,4.749361224312110608e+00,3.505599975585909078e-01,3.319318785757145035e-05,9.875100252496396558e-05,-1.098570643352939428e-37
3.972070148730199435e+02,7.453620347709714906e+02,4.738146820068359233e+01,4.224399975763766003e-03,1.262003175633085589e-02,-1.439249569207884534e-35,2.676330035254125050e+00,4.706123101157231758e+00,3.426132202148437500e-01,3.319245705261323481e-05,9.874125172757743096e-05,-1.061308390786850531e-37
3.998833449082740685e+02,7.500681578721287224e+02,4.772408142089843608e+01,4.257592432816379238e-03,1.271877300805843332e-02,-1.449862653115753039e-35,2.667998567757763340e+00,4.698975132286136613e+00,3.500747680664062500e-01,3.319098441609529687e-05,9.873003171682707968e-05,-1.101980036147826234e-37
4.025513434760318319e+02,7.547671330044148590e+02,4.807415618896484233e+01,4.290783417232474535e-03,1.281750303977526040e-02,-1.460882453477231301e-35,2.659543951462637779e+00,4.676592419351550234e+00,3.500518798828125000e-01,3.319025373278196300e-05,9.872175605328548098e-05,-1.103242774219971886e-37
4.052108874274944696e+02,7.594437254237664092e+02,4.842420806884765483e+01,4.323973670965256498e-03,1.291622479582854588e-02,-1.471914881219431020e-35,2.643830057668424161e+00,4.618733309880440174e+00,3.335876464843821054e-01,3.318878126714122634e-05,9.871201102998501675e-05,-1.019718390464294915e-37
4.078547174851628938e+02,7.640624587336468494e+02,4.875779571533203693e+01,4.357162452232397724e-03,1.301493680685853090e-02,-1.482112065124073969e-35,2.632504229131200191e+00,4.573175489436039243e+00,3.336914062499971578e-01,3.318805070566532844e-05,9.870226793083636263e-05,-1.019155898050337910e-37
4.104872217142940940e+02,7.686356342230828886e+02,4.909148712158203409e+01,4.390350502938063053e-03,1.311363907478936726e-02,-1.492303624104577349e-35,2.619239690490701378e+00,4.544822097676842532e+00,3.209243774414005657e-01,3.318657841042647882e-05,9.869252675460959967e-05,-9.576835128095558154e-38
4.131064614047847954e+02,7.731804563207597312e+02,4.941241149902343466e+01,4.423537081348489532e-03,1.321233160154397686e-02,-1.501880459232672907e-35,2.610412802698419910e+00,4.531750117037745440e+00,3.298233032226605133e-01,3.318584797076373077e-05,9.868278750073747330e-05,-1.004932875582879712e-37
4.157168742074832153e+02,7.777122064377974766e+02,4.974223480224609517e+01,4.456722929319253262e-03,1.331101438904471433e-02,-1.511929787988501704e-35,2.598715567333101717e+00,4.491703424462457406e+00,3.351638793945284078e-01,3.318474670658318887e-05,9.867305016930671968e-05,-1.031335580728275458e-37
4.183155897748163170e+02,7.822039098622599340e+02,5.007739868164062358e+01,4.489907676025836451e-03,1.340968743921402105e-02,-1.522243143795784458e-35,2.584858817141366671e+00,4.442933992597659199e+00,3.373016357421860789e-01,3.318327466799320807e-05,9.866331475887231417e-05,-1.040932390076796231e-37
4.209004485919576837e+02,7.866468438548575932e+02,5.041470031738280966e+01,4.523090950693829659e-03,1.350835075397289337e-02,-1.532652467696552421e-35,2.575072223560823659e+00,4.414640492607077249e+00,3.448394775390610789e-01,3.318254441022662482e-05,9.865211129240179788e-05,-1.079296668596791714e-37
4.234755208155185073e+02,7.910614843474646705e+02,5.075953979492187074e+01,4.556273495104056284e-03,1.360700286526529516e-02,-1.543445434382520338e-35,2.569159491665516271e+00,4.410398633231579879e+00,3.466125488281264211e-01,3.318107254239848619e-05,9.864384984546899215e-05,-1.089926627277063160e-37
4.260446803071840236e+02,7.954718829806962503e+02,5.110615234374999716e+01,4.589454567646454770e-03,1.370564671511076416e-02,-1.554344700655290969e-35,2.552405455303699000e+00,4.360409792197629031e+00,3.560791015625000000e-01,3.318034240638173538e-05,9.863412019633921446e-05,-1.138300974878301067e-37
4.285970857624877226e+02,7.998322927728938794e+02,5.146223144531249716e+01,4.622634910052836506e-03,1.380428083530710337e-02,-1.565727710404073980e-35,2.532755114066503666e+00,4.296889207967865332e+00,3.588973999023465922e-01,3.317887070884272677e-05,9.862439246593156239e-05,-1.152627312278953042e-37
4.311298408765542263e+02,8.041291819808617447e+02,5.182112884521484375e+01,4.655813780761679233e-03,1.390290522777303493e-02,-1.577253983526863511e-35,2.515163538887179584e+00,4.261177910816513759e+00,3.714431762695369343e-01,3.317814069454631809e-05,9.861466665455481673e-05,-1.218542239646345888e-37
4.336450044154414059e+02,8.083903598916782585e+02,5.219257202148438068e+01,4.688991921456225551e-03,1.400151989442758975e-02,-1.589439405923326969e-35,2.506645835787310261e+00,4.256208644907019334e+00,3.637680053710852235e-01,3.317666916792787885e-05,9.860494276098599742e-05,-1.183001902633192598e-37
4.361516502512287161e+02,8.126465685365852778e+02,5.255634002685546591e+01,4.722168590624153429e-03,1.410012483718857575e-02,-1.601269424949658895e-35,2.483654633539174483e+00,4.188042020554007649e+00,3.603103637695355133e-01,3.317593927466486181e-05,9.859522078465611516e-05,-1.166620746006042989e-37
4.386353048847678906e+02,8.168346105571392854e+02,5.291665039062500142e+01,4.755344529898818291e-03,1.419872005797323186e-02,-1.612935632409719325e-35,2.465174552274902453e+00,4.116188472436988377e+00,3.568801879882812500e-01,3.317446791893316482e-05,9.858403176247684807e-05,-1.148425838329714253e-37
4.411004794370427931e+02,8.209507990295762738e+02,5.327353057861328267e+01,4.788518997817751456e-03,1.429730408973570871e-02,-1.624419890793016468e-35,2.455573548822997054e+00,4.089146041266531029e+00,3.560089111328110789e-01,3.317373814711987307e-05,9.857578272756163662e-05,-1.147300853501773515e-37
4.435560529858657901e+02,8.250399450708428049e+02,5.362953948974609375e+01,4.821692735964871329e-03,1.439587987246327035e-02,-1.635892899328034203e-35,2.425805220276288310e+00,4.029595271396374301e+00,3.506072998046931843e-01,3.317226696202164871e-05,9.856606650039852202e-05,-1.127177400406175073e-37
4.459818582061420784e+02,8.290695403422391792e+02,5.398014678955078693e+01,4.854865002926892978e-03,1.449444593896366887e-02,-1.647164673332095954e-35,2.391912582820623356e+00,3.948127372583712713e+00,3.505584716796832367e-01,3.317153731163292874e-05,9.855635218820706089e-05,-1.131746216340013754e-37
4.483737707889627018e+02,8.330176677148228919e+02,5.433070526123047017e+01,4.888036540238525907e-03,1.459300229115187593e-02,-1.658482135495496091e-35,2.376711518156071179e+00,3.905334317479514539e+00,3.478775024414062500e-01,3.317006629713521726e-05,9.854663979108092831e-05,-1.119474698165912869e-37
4.507504823071187730e+02,8.369230020323024064e+02,5.467858276367187642e+01,4.921206606535661124e-03,1.469154893094295686e-02,-1.669676882477155220e-35,2.357681748704180791e+00,3.850288137344023198e+00,3.467651367187514211e-01,3.316933676836535810e-05,9.853692930757509960e-05,-1.118521904893268365e-37
4.531081640558229537e+02,8.407732901696464296e+02,5.502534790039062784e+01,4.954375943304026482e-03,1.479008586025053196e-02,-1.680862101526087904e-35,2.320836671374138405e+00,3.726038939556815421e+00,4.074966430664019867e-01,3.316823659973468230e-05,9.852722073800182501e-05,-1.431474316925684298e-37
4.554290007271970921e+02,8.444993291092032450e+02,5.543284454345702983e+01,4.987544179903761164e-03,1.488861308098853378e-02,-1.695176844695344747e-35,2.298366393477124348e+00,3.634861260373781988e+00,4.474655151367201711e-01,3.316676584108006060e-05,9.851604613093402352e-05,-1.637530211430150351e-37
4.577273671206742165e+02,8.481341903695770270e+02,5.588031005859375000e+01,5.020710945744841225e-03,1.498712912711946781e-02,-1.711552146809646250e-35,5.718794557946011992e-01,8.993091015071286165e-01,1.127304077148494343e-01,8.291704912882086331e-06,2.462896305079412262e-05,-4.144995119090986789e-38
4.582992465764688177e+02,8.490334994710841556e+02,5.599304046630859943e+01,5.029002650657723311e-03,1.501175809017026193e-02,-1.715697141928737237e-35,1.988941329708211470e+00,3.101173462967835803e+00,3.969772338867088024e-01,2.901968448313502202e-05,8.619219076609965779e-05,-1.463788932136250728e-37
4.602881879061770292e+02,8.521346729340519914e+02,5.639001770019530824e+01,5.058022335140858333e-03,1.509795028093636159e-02,-1.730335031250099744e-35,2.533674576212604279e+00,3.889403555321678141e+00,5.321578979492258554e-01,3.731036794374451709e-05,1.108074062249470026e-04,-1.992703992821208090e-37
4.628218624823896334e+02,8.560240764893736696e+02,5.692217559814453409e+01,5.095332703084602850e-03,1.520875768716130859e-02,-1.750262071178311825e-35,3.123479731880991039e+00,4.671893627088820722e+00,6.831985473632755657e-01,4.663563180712024248e-05,1.384930942460727010e-04,-2.587442145377368233e-37
4.659453422142706245e+02,8.606959701164624903e+02,5.760537414550780966e+01,5.141968334891723093e-03,1.534725078140738129e-02,-1.776136492632085507e-35,2.188386693084396484e+00,3.182630782831779470e+00,4.987228393554730133e-01,3.316164457164722662e-05,9.847234281904967967e-05,-1.914081328672931827e-37
4.681337289073550210e+02,8.638786008992942698e+02,5.810409698486328267e+01,5.175129979463370319e-03,1.544572312422643097e-02,-1.795277305918814826e-35,2.146466764918955050e+00,3.061837080450459325e+00,4.886291503906221578e-01,3.316091550736519067e-05,9.846264697129306076e-05,-1.872433931165277467e-37
4.702801956722739760e+02,8.669404379797447291e+02,5.859272613525390483e+01,5.208290894970735510e-03,1.554418577119772403e-02,-1.814001645230467600e-35,2.020116748847669896e+00,2.661076796510087661e+00,8.270858764648423289e-01,3.315981589729032064e-05,9.845295303314953450e-05,-3.623323583165448220e-37
4.723003124211216459e+02,8.696015147762548168e+02,5.941981201171874716e+01,5.241450710868025831e-03,1.564263872423087356e-02,-1.850234881062122082e-35,1.953835672129798695e+00,2.432617357741037267e+00,9.814544677734389211e-01,3.315834579123606851e-05,9.844326100316713735e-05,-4.423176316390513808e-37
4.742541480932514446e+02,8.720341321339958540e+02,6.040126647949218608e+01,5.274609056659261899e-03,1.574108198523404070e-02,-1.894466644226027221e-35,-5.811019280412637045e+01,-1.557355816211465935e+02,9.444919738769530682e+01,1.191595406197648588e-05,3.537524443452538803e-05,-4.950156403171389580e-35
4.161439552891250742e+02,7.162985505128492605e+02,1.548504638671875000e+02,5.286525010721238385e-03,1.577645722966856609e-02,-6.844623047397417068e-35,-1.846561993682284424e+02,-6.572580850735050717e+02,-1.196774047851562557e+02,3.904936064016029801e-05,1.159197071129609846e-04,5.537291609795010948e-35
2.314877559208966318e+02,5.904046543934418878e+01,3.517305908203125142e+01,5.325574371361398683e-03,1.589237693678152707e-02,-1.307331437602406387e-35,1.605867112233198668e+00,-4.396074551219442128e-01,-4.381408691406107891e-02,4.200989547138885005e-05,1.247005442835055766e-04,5.315782900735070337e-38
2.330936230331298304e+02,5.860085798422224457e+01,3.512924499511719034e+01,5.367584266832787533e-03,1.601707748106503265e-02,-1.302015654701671317e-35,1.260005370152441628e+00,-4.372093550369768877e-01,-5.245513916015909217e-02,3.315416374425565055e-05,9.840640874462375232e-05,5.156218726160827883e-38
2.343536284032822721e+02,5.816364862918526768e+01,3.507678985595703125e+01,5.400738430577043184e-03,1.611548388980965640e-02,-1.296859435975510489e-35,1.251079711563647834e+00,-4.929834139966757789e-01,-7.613983154296732891e-02,3.315343509222891394e-05,9.839672587597450559e-05,6.377745619431880844e-38
2.356047081148459199e+02,5.767066521518859190e+01,3.500065002441406392e+01,5.433891865669272098e-03,1.621388061568563091e-02,-1.290481690356078608e-35,1.250720200220484912e+00,-5.040066092322845748e-01,-9.807434082031107891e-02,3.315196548058733234e-05,9.838704491309246958e-05,7.496990728857666011e-38
2.368554283150664048e+02,5.716665860595630733e+01,3.490257568359375284e+01,5.467043831149859430e-03,1.631226766059872338e-02,-1.282984699627220942e-35,1.240099457288721396e+00,-5.563054767720672089e-01,-1.364059448242187500e-01,3.315123694974664303e-05,9.837589999273435581e-05,9.446313929181333876e-38
2.380955277723551262e+02,5.661035312918424012e+01,3.476616973876953409e+01,5.500195068099606073e-03,1.641064356059145773e-02,-1.273538385698039608e-35,1.237087916401577559e+00,-5.536236480899674461e-01,-1.509941101074261383e-01,3.315013798188808786e-05,9.836768884485466713e-05,1.016274559358370245e-37
2.393326156887567038e+02,5.605672948109427267e+01,3.461517562866210795e+01,5.533345206081494161e-03,1.650901124943631240e-02,-1.263375640104455906e-35,1.236138207517683441e+00,-5.491724475189982968e-01,-1.548614501953053946e-01,3.314866862524912250e-05,9.835801359414989009e-05,1.034894206204397618e-37
2.405687538962743872e+02,5.550755703357527437e+01,3.446031417846680256e+01,5.566493874706743283e-03,1.660736926303046229e-02,-1.253026698042411930e-35,1.238552082252226683e+00,-5.423801125673506363e-01,-1.528541564941434672e-01,3.314794027658128639e-05,9.834834024697453048e-05,1.025435150100135214e-37
2.418073059785266139e+02,5.496517692100792374e+01,3.430746002197265909e+01,5.599641814983324570e-03,1.670571760327743682e-02,-1.242772346541410578e-35,1.240990562191058189e+00,-5.355981553708701881e-01,-1.505645751953181843e-01,3.314647109041706646e-05,9.833866880210734296e-05,1.014552643805407910e-37
2.430482965407176721e+02,5.442957876563705355e+01,3.415689544677734091e+01,5.632788286073741636e-03,1.680405627207954417e-02,-1.232626820103356499e-35,1.239304588473629565e+00,-5.324642088564104370e-01,-1.582336425781250000e-01,3.314574286242960577e-05,9.832899925898974658e-05,1.051872293556595552e-37
2.442876011291913017e+02,5.389711455678064311e+01,3.399866180419921591e+01,5.665934028936171242e-03,1.690238527133853391e-02,-1.222108097167790543e-35,1.236807989737599200e+00,-5.311979647187996534e-01,-1.667770385742173289e-01,3.314427384670890625e-05,9.831933161771541640e-05,1.093393417257048710e-37
2.455244091189289009e+02,5.336591659206184346e+01,3.383188476562499858e+01,5.699078302782880148e-03,1.700070460295624933e-02,-1.211174162995220056e-35,1.239320415971889133e+00,-5.240329776772441051e-01,-1.636932373046846578e-01,3.314354573981728724e-05,9.830966587684800140e-05,1.078561984627525111e-37
2.467637295349007900e+02,5.284188361438459935e+01,3.366819152832031392e+01,5.732221848522697435e-03,1.709901426883309733e-02,-1.200388543148944805e-35,1.235031104236298916e+00,-5.211628192146449123e-01,-1.728599548339886383e-01,3.314207689428770587e-05,9.829853732757493079e-05,1.122298639672768426e-37
2.479987606391370889e+02,5.232072079516995444e+01,3.349533157348632528e+01,5.765363925416985141e-03,1.719731280616067226e-02,-1.189165556752217121e-35,1.230888877418976790e+00,-5.164596802908008044e-01,-1.812599182128877828e-01,3.314134890846590770e-05,9.829034023980595669e-05,1.162109327257262962e-37
2.492296495165560657e+02,5.180426111487915364e+01,3.331407165527343750e+01,5.798505274325451049e-03,1.729560314640047822e-02,-1.177544463479644491e-35,1.235390058630031263e+00,-4.972813792534935828e-01,-1.738868713378849407e-01,3.313988023309535208e-05,9.828068019851823878e-05,1.125627676408495607e-37
2.504650395751860970e+02,5.130697973562566006e+01,3.314018478393555256e+01,5.831645154558546401e-03,1.739388382659899646e-02,-1.166288186715559535e-35,1.237558886058337748e+00,-4.911813254591237410e-01,-1.720771789550852304e-01,3.313915236853766377e-05,9.827102205540311219e-05,1.117132893013894784e-37
2.517025984612444347e+02,5.081579841016653631e+01,3.296810760498046733e+01,5.864784306927084065e-03,1.749215484865439957e-02,-1.155116857785420587e-35,1.239604942623515171e+00,-4.852502695618454709e-01,-1.698707580566392039e-01,3.313768386285255441e-05,9.826136581076588827e-05,1.106629208140811175e-37
2.529422034038679499e+02,5.033054814060469084e+01,3.279823684692382812e+01,5.897921990789936619e-03,1.759041621446516546e-02,-1.144050565704012475e-35,1.240963721162017919e+00,-4.818241558405702563e-01,-1.689437866210994343e-01,3.313695611953468984e-05,9.825171146339573003e-05,1.101991515584829946e-37
2.541831671250299678e+02,4.984872398476412059e+01,3.262929306030272869e+01,5.931058946909471309e-03,1.768866792592856119e-02,-1.133030650548164176e-35,1.241511955290917513e+00,-4.794625419079707740e-01,-1.704719543457002828e-01,3.313548778416299662e-05,9.824205901273405650e-05,1.109338355277482607e-37
2.554246790803208853e+02,4.936926144285614981e+01,3.245882110595702841e+01,5.964194434693634306e-03,1.778690998494129524e-02,-1.121937266995389350e-35,1.231523789153555981e+00,-4.828385902720171430e-01,-1.834396362304673289e-01,3.313476016139800528e-05,9.823094475665261616e-05,1.169777591186447210e-37
2.566562028694744413e+02,4.888642285258413267e+01,3.227538146972656108e+01,5.997329194855032311e-03,1.788514092969794786e-02,-1.110239491083524878e-35,1.232489061899400440e+00,-4.777112327663672886e-01,-1.800819396972670461e-01,3.313366228544379483e-05,9.822275994436982516e-05,1.153017613137613813e-37
2.578886919313738417e+02,4.840871161981776538e+01,3.209529953002929403e+01,6.030462857140476106e-03,1.798336368964231768e-02,-1.098709314952148740e-35,1.234485953656587753e+00,-4.721846561664193587e-01,-1.778015136718735789e-01,3.313219420537569238e-05,9.821311318132172619e-05,1.142089189094818205e-37
2.591231778850304295e+02,4.793652696365134602e+01,3.191749801635742045e+01,6.063595051345851798e-03,1.808157680282363941e-02,-1.087288423061200558e-35,1.236041086750105933e+00,-4.668739655576956693e-01,-1.765197753906235789e-01,3.313146676427094345e-05,9.820346831274778809e-05,1.136039525785415879e-37
2.603592189717805354e+02,4.746965299809365035e+01,3.174097824096679688e+01,6.096726518110122742e-03,1.817978027113638720e-02,-1.075928027803346399e-35,1.238161150045471004e+00,-4.614404688681048583e-01,-1.742233276367173289e-01,3.312999885377466286e-05,9.819382533874515540e-05,1.125076663431555678e-37
2.615973801218260064e+02,4.700821252922554550e+01,3.156675491333007955e+01,6.129856516963897405e-03,1.827797409647513235e-02,-1.064677261169030842e-35,1.232912112048893505e+00,-4.559649357418109616e-01,-1.839866638183593750e-01,3.312927153382126677e-05,9.818418425787747705e-05,1.171327315184113311e-37
2.628302922338748999e+02,4.655224759348373453e+01,3.138276824951172017e+01,6.162985788497718671e-03,1.837615828073300983e-02,-1.052963988017189709e-35,1.238274777611877653e+00,-4.214839556990028768e-01,-1.698959350585980133e-01,3.312780379352564530e-05,9.817454507046394219e-05,1.099580833810682677e-37
2.640685670114867776e+02,4.613076363778473166e+01,3.121287231445312216e+01,6.196113592291244317e-03,1.847433282580347377e-02,-1.041968179679082882e-35,1.253440243828322309e+00,-3.582255969039778165e-01,-1.325973510742137762e-01,3.312707659403404947e-05,9.816344507880894743e-05,9.115591348642261115e-38
2.653220072553150999e+02,4.577253804088075384e+01,3.108027496337890838e+01,6.229240668885278366e-03,1.857249627088228272e-02,-1.032852588330440621e-35,1.260278653616069278e+00,-3.401292728526925657e-01,-1.195617675781299738e-01,3.312560902390872947e-05,9.815527251559250099e-05,8.480319303969330181e-38
2.665822859089311692e+02,4.543240876802806127e+01,3.096071319580077841e+01,6.262366277909187096e-03,1.867065154339787522e-02,-1.024372269026471291e-35,1.263039503745233105e+00,-3.320964756586235467e-01,-1.173973083496058223e-01,3.312451175428287459e-05,9.814563900342049285e-05,8.377348753902102352e-38
2.678453254126764023e+02,4.510031229236943773e+01,3.084331588745117259e+01,6.295490789663469970e-03,1.876879718240129571e-02,-1.015994920272569188e-35,1.276734050765526263e+00,-2.864255050692534610e-01,-9.627456665038991446e-02,3.312415491506758014e-05,9.813600738248218214e-05,7.339148469836118616e-38
2.691220594634419285e+02,4.481388678730018427e+01,3.074704132080078267e+01,6.328614944578537550e-03,1.886693318978377790e-02,-1.008655771802733070e-35,1.282862031753609244e+00,-2.620209684615346646e-01,-8.842620849609517109e-02,3.312231740835482052e-05,9.812637765154938463e-05,6.955390890265859386e-38
2.704049214951955378e+02,4.455186581883864960e+01,3.065861511230468750e+01,6.361737261986892371e-03,1.896505956743532728e-02,-1.001700380912467210e-35,1.279825945292770939e+00,-2.451708374187901995e-01,-9.522247314453125000e-02,3.312122035700054701e-05,9.811674981008086660e-05,7.275093211265866291e-38
2.716847474404883087e+02,4.430669498141985940e+01,3.056339263916015625e+01,6.394858482343892918e-03,1.906317631724540815e-02,-9.944252877012013441e-36,1.275683831228377585e+00,-2.475684554972659157e-01,-9.799880981445241446e-02,3.312012337809699947e-05,9.810712385815989478e-05,7.394364561901084104e-38
2.729604312717166863e+02,4.405912652592259349e+01,3.046539382934570384e+01,6.427978605721989917e-03,1.916128344110356804e-02,-9.870309231393002600e-36,1.274441033399739354e+00,-2.445627799062393137e-01,-9.069290161132670391e-02,3.311976673149325673e-05,9.809749979437787371e-05,7.017839027653186499e-38
2.742348723051164257e+02,4.381456374601635417e+01,3.037470092773437713e+01,6.461098372453483174e-03,1.925938094089794592e-02,-9.800130841116470735e-36,1.279414700209713374e+00,-2.300969548088644956e-01,-7.700805664062571054e-02,3.311792961374973587e-05,9.808641607048432243e-05,6.343881280223888861e-38
2.755142870053261390e+02,4.358446679120748968e+01,3.029769287109375142e+01,6.494216302067232910e-03,1.935746735696843024e-02,-9.736692028314231847e-36,1.286453266090632042e+00,-2.144411684821676545e-01,-6.489105224609659217e-02,3.311683285280985628e-05,9.807825747404005923e-05,5.759348347178194616e-38
2.768007402714167711e+02,4.337002562272532202e+01,3.023280181884765483e+01,6.527333134920042766e-03,1.945554561444247030e-02,-9.679098544842449900e-36,1.286242969793761404e+00,-2.048648215096449121e-01,-6.884918212890411837e-02,3.311573616429034500e-05,9.806863907301996419e-05,5.945659610008772742e-38
2.780869832412105325e+02,4.316516080121567711e+01,3.016395263671875071e+01,6.560448871084333111e-03,1.955361425351549026e-02,-9.619641948742362173e-36,1.284828648048460309e+00,-1.943332737630285578e-01,-7.950592041015625000e-02,3.311537971043172768e-05,9.805902255790102662e-05,6.458446061680902714e-38
2.793718118892589928e+02,4.297082752745264855e+01,3.008444671630859446e+01,6.593564250794764839e-03,1.965167327607339129e-02,-9.555057488125553146e-36,1.285625639307909296e+00,-1.882216607666222785e-01,-7.710647583008167771e-02,3.311354298129315366e-05,9.804940792900937452e-05,6.337051015197058082e-38
2.806574375285669021e+02,4.278260586668602627e+01,3.000734024047851278e+01,6.626677793776057993e-03,1.974972268400240066e-02,-9.491686977973582565e-36,6.940752830597602951e-01,-9.978633517200563574e-02,-4.089736938476562500e-02,1.786823077935817405e-05,5.290490435690131665e-05,3.384023239051805385e-38
