Sigma_1,Sigma_2,Sigma_12,Epsilon_1,Epsilon_2,Epsilon_12,dSigma_1,dSigma_2,dSigma_12,dEpsilon_1,dEpsilon_2,dEpsilon_12
-0.000000000000000000e+00,-0.000000000000000000e+00,-0.000000000000000000e+00,0.000000000000000000e+00,0.000000000000000000e+00,0.000000000000000000e+00,3.371955871582031250e+00,1.209404582805675865e+01,6.478112936019897461e-01,0.000000000000000000e+00,1.999800121638574792e-04,-2.363671506523159616e-37
3.371955871582031250e+00,1.209404582805675865e+01,6.478112936019897461e-01,0.000000000000000000e+00,1.999800121638574792e-04,-2.363671506523159616e-37,1.685260009765625178e+00,6.045067369622360687e+00,3.234338998794555886e-01,0.000000000000000000e+00,9.997499944099476950e-05,-1.179444173988098465e-37
5.057215881347656428e+00,1.813911319767911934e+01,9.712451934814453347e-01,0.000000000000000000e+00,2.999550116048522487e-04,-3.543115680511258081e-37,1.684957885742186967e+00,6.044427200729380445e+00,3.233259201049804021e-01,0.000000000000000000e+00,9.996502871346707886e-05,-1.179210459825024014e-37
6.742173767089843395e+00,2.418354039840849978e+01,1.294571113586425737e+00,0.000000000000000000e+00,3.999200403183193276e-04,-4.722326140336282094e-37,1.684655761718749645e+00,6.043781895870555587e+00,3.232120990753173384e-01,0.000000000000000000e+00,9.995499016253158245e-05,-1.178941410519874484e-37
8.426829528808593039e+00,3.022732229427905537e+01,1.617783212661743075e+00,0.000000000000000000e+00,4.998750304808509100e-04,-5.901267550856156578e-37,1.684353637695313211e+00,6.043142144996906495e+00,3.230984687805176225e-01,0.000000000000000000e+00,9.994504669895497122e-05,-1.178672361214723284e-37
1.011118316650390625e+01,3.627046443927596187e+01,1.940881681442260698e+00,0.000000000000000000e+00,5.998200771798058812e-04,-7.079939912070879862e-37,1.684051513671875000e+00,6.042498785209417633e+00,3.229846477508544478e-01,0.000000000000000000e+00,9.993505868506125708e-05,-1.178403670641980955e-37
1.179523468017578125e+01,4.231296322448537950e+01,2.263866329193115146e+00,0.000000000000000000e+00,6.997551358648671383e-04,-8.258343582712860817e-37,1.683749389648436789e+00,6.041854870612255013e+00,3.228709220886232245e-01,0.000000000000000000e+00,9.992507266705201192e-05,-1.178134621336829755e-37
1.347898406982421804e+01,4.835481809509763451e+01,2.586737251281738370e+00,0.000000000000000000e+00,7.996802085319191502e-04,-9.436478204049690573e-37,1.683447265625000355e+00,6.041213450648349692e+00,3.227575302124026102e-01,0.000000000000000000e+00,9.991499559590334614e-05,-1.177864854566864988e-37
1.516243133544921839e+01,5.439603154574598420e+01,2.909494781494140980e+00,0.000000000000000000e+00,8.995952041278224964e-04,-1.061434305861655556e-36,1.683145141601562145e+00,6.040571486351765884e+00,3.226437568664546340e-01,0.000000000000000000e+00,9.990510662625400919e-05,-1.177596522726529026e-37
1.684557647705078054e+01,6.043660303209775009e+01,3.232138538360595614e+00,0.000000000000000000e+00,9.995003107540765055e-04,-1.179193958134308459e-36,1.682843017578125711e+00,6.039925908546493361e+00,3.225302696228031785e-01,0.000000000000000000e+00,9.989512659297180089e-05,-1.177327473421378661e-37
1.852841949462890625e+01,6.647652894064424345e+01,3.554668807983398793e+00,0.000000000000000000e+00,1.099395437347048306e-03,-1.296926705476446325e-36,1.682540893554687500e+00,6.039285886771409650e+00,3.224168777465816760e-01,0.000000000000000000e+00,9.988514855340403092e-05,-1.177058424116228296e-37
2.021096038818359375e+01,7.251581482741565310e+01,3.877085685729980469e+00,0.000000000000000000e+00,1.199280585900452337e-03,-1.414632547888069154e-36,1.682240295410156961e+00,6.038639200567516241e+00,3.223033905029293322e-01,0.000000000000000000e+00,9.987517250695308706e-05,-1.176790092275892333e-37
2.189320068359375071e+01,7.855445402798316934e+01,4.199389076232909801e+00,0.000000000000000000e+00,1.299155758407405424e-03,-1.532311557115658388e-36,1.681936645507811079e+00,6.038004183675042214e+00,3.221900939941413355e-01,0.000000000000000000e+00,9.986519845280017980e-05,-1.176521760435553030e-37
2.357513732910156179e+01,8.459245821165821155e+01,4.521579170227051137e+00,0.000000000000000000e+00,1.399020956860205604e-03,-1.649963733159213691e-36,1.681636047363280539e+00,6.037356381865350841e+00,3.220766067504872154e-01,0.000000000000000000e+00,9.985513339833408490e-05,-1.176253428595220409e-37
2.525677337646484233e+01,9.062981459352356239e+01,4.843655776977538352e+00,0.000000000000000000e+00,1.498876090258539689e-03,-1.767589076018735731e-36,1.681333923339845882e+00,6.036720277092214815e+00,3.219635009765635658e-01,0.000000000000000000e+00,9.984534931301090703e-05,-1.175983661825252300e-37
2.693810729980468821e+01,9.666653487061577721e+01,5.165619277954101918e+00,0.000000000000000000e+00,1.598721439571550596e-03,-1.885187442201260962e-36,1.681033325195311789e+00,6.036071368104586554e+00,3.218496322631834161e-01,0.000000000000000000e+00,9.983528824037877190e-05,-1.175715329984919679e-37
2.861914062500000000e+01,1.027026062387203638e+02,5.487468910217285334e+00,0.000000000000000000e+00,1.698556727811929368e-03,-2.002758975199752929e-36,1.680734252929688921e+00,6.035434121521447537e+00,3.217370986938474786e-01,0.000000000000000000e+00,9.982513622067449785e-05,-1.175448433074209181e-37
3.029987487792968892e+01,1.087380403602418113e+02,5.809206008911132812e+00,0.000000000000000000e+00,1.798381864032603866e-03,-2.120303818507173847e-36,1.680429077148435368e+00,6.034790247993853995e+00,3.216236114501951349e-01,0.000000000000000000e+00,9.981535806883657692e-05,-1.175178666304244413e-37
3.198030395507812429e+01,1.147728306082356653e+02,6.130829620361327947e+00,0.000000000000000000e+00,1.898197222101440443e-03,-2.237821685137598289e-36,1.680130004882816053e+00,6.034158033835552715e+00,3.215103149414071382e-01,0.000000000000000000e+00,9.980539595727186408e-05,-1.174910334463905110e-37
3.366043395996094034e+01,1.208069886420712180e+02,6.452339935302735086e+00,0.000000000000000000e+00,1.998002618058712307e-03,-2.355312718583988800e-36,1.679827880859370737e+00,6.033500805028765512e+00,3.213975906372059654e-01,0.000000000000000000e+00,9.979543583449714331e-05,-1.174642002623572488e-37
3.534026184082031108e+01,1.268404894470999835e+02,6.773737525939941051e+00,0.000000000000000000e+00,2.097798053893209450e-03,-2.472776918846346049e-36,1.679525756835936079e+00,6.032867487354693026e+00,3.212841033935553980e-01,0.000000000000000000e+00,9.978547769925192115e-05,-1.174375105712861990e-37
3.701978759765624716e+01,1.328733569344546765e+02,7.095021629333496449e+00,0.000000000000000000e+00,2.197583531592461371e-03,-2.590214429417632248e-36,1.679226684570316763e+00,6.032233620364081617e+00,3.211715698242176842e-01,0.000000000000000000e+00,9.977552155116279839e-05,-1.174105338942897223e-37
3.869901428222656392e+01,1.389055905548187582e+02,7.416193199157714133e+00,0.000000000000000000e+00,2.297359053143624170e-03,-2.707624963311921970e-36,1.678924560546875000e+00,6.031586967728912896e+00,3.210580825805671168e-01,0.000000000000000000e+00,9.976556738963563223e-05,-1.173838442032190065e-37
4.037793884277343892e+01,1.449371775225476711e+02,7.737251281738281250e+00,0.000000000000000000e+00,2.397124620533259802e-03,-2.825008807515140976e-36,1.678622436523433237e+00,6.030939762115025360e+00,3.209453582763668322e-01,0.000000000000000000e+00,9.975561521385336791e-05,-1.173568675262225298e-37
4.205656127929687216e+01,1.509681172846626964e+02,8.058196640014648082e+00,0.000000000000000000e+00,2.496880235747113170e-03,-2.942365675041363506e-36,1.678323364257813921e+00,6.030304242292203298e+00,3.208324432373057533e-01,0.000000000000000000e+00,9.974566502388756278e-05,-1.173301778351511459e-37
4.373488464355468608e+01,1.569984215269548997e+02,8.379029083251953836e+00,0.000000000000000000e+00,2.596625900771000733e-03,-3.059695852876514652e-36,1.678021240234379263e+00,6.029655933162587189e+00,3.207199096679680395e-01,0.000000000000000000e+00,9.973571681847880760e-05,-1.173034881440807642e-37
4.541290588378906534e+01,1.630280774601174869e+02,8.699748992919921875e+00,0.000000000000000000e+00,2.696361617589479540e-03,-3.176999341020595416e-36,1.677722167968745737e+00,6.029031553476215777e+00,3.206069946289069605e-01,0.000000000000000000e+00,9.972577059725457049e-05,-1.172765114670846216e-37
4.709062805175781108e+01,1.690571090135937027e+02,9.020355987548828836e+00,0.000000000000000000e+00,2.796087388186734111e-03,-3.294275852487680038e-36,1.677420043945311079e+00,6.028369868322670300e+00,3.204940795898423289e-01,0.000000000000000000e+00,9.971564063366786246e-05,-1.172498217760129036e-37
4.876804809570312216e+01,1.750854788819163730e+02,9.340850067138671164e+00,0.000000000000000000e+00,2.895803028820401973e-03,-3.411525674263692941e-36,1.677120971679691763e+00,6.027744421405060393e+00,3.203811645507812500e-01,0.000000000000000000e+00,9.970588412350385454e-05,-1.172231320849425219e-37
5.044516906738281392e+01,1.811132233033214334e+02,9.661231231689452414e+00,0.000000000000000000e+00,2.995508912943905828e-03,-3.528748806348635463e-36,1.676821899414058237e+00,6.027106152558616259e+00,3.202690124511722303e-01,0.000000000000000000e+00,9.969594385104973977e-05,-1.171961554079457111e-37
5.212199096679687216e+01,1.871403294558800496e+02,9.981500244140624645e+00,0.000000000000000000e+00,3.095204856794955568e-03,-3.645944961756581174e-36,1.676519775390630684e+00,6.026455124167313215e+00,3.201557159423824572e-01,0.000000000000000000e+00,9.968619123126333526e-05,-1.171697527028010904e-37
5.379851074218750284e+01,1.931667845800473629e+02,1.030165596008300710e+01,0.000000000000000000e+00,3.194891048026218903e-03,-3.763114714459382265e-36,1.676214599609373579e+00,6.025815682515798244e+00,3.200435638427734375e-01,0.000000000000000000e+00,9.967588358123337725e-05,-1.171427760258036114e-37
5.547472534179687642e+01,1.991926002625631611e+02,1.062169952392578054e+01,0.000000000000000000e+00,3.294566931607452280e-03,-3.880257490485185876e-36,1.675921630859370737e+00,6.025175837239089560e+00,3.199314117431644178e-01,0.000000000000000000e+00,9.966632055647848751e-05,-1.171160863347332298e-37
5.715064697265624716e+01,2.052177760998022507e+02,1.094163093566894496e+01,0.000000000000000000e+00,3.394233252163930768e-03,-3.997373576819919106e-36,1.675616455078127842e+00,6.024535292494675787e+00,3.198181152343746447e-01,0.000000000000000000e+00,9.965601694112693684e-05,-1.170891096577370871e-37
5.882626342773437500e+01,2.112423113922969264e+02,1.126144905090331960e+01,0.000000000000000000e+00,3.493889269105057704e-03,-4.114462686477656193e-36,1.675317382812501421e+00,6.023906523372403399e+00,3.197063446044925428e-01,0.000000000000000000e+00,9.964608660902344803e-05,-1.170627069525911301e-37
6.050158081054687642e+01,2.172662179156693298e+02,1.158115539550781214e+01,0.000000000000000000e+00,3.593535355714081152e-03,-4.231525393430247323e-36,1.675061035156247158e+00,6.021182165739361380e+00,3.198516845703132105e-01,0.000000000000000000e+00,9.963652941138122221e-05,-1.171378972650710200e-37
6.217664184570312358e+01,2.232874000814086912e+02,1.190100708007812536e+01,0.000000000000000000e+00,3.693171885125462375e-03,-4.348663290695318343e-36,1.674755859375004263e+00,6.017672253959943873e+00,3.200366973876942467e-01,0.000000000000000000e+00,9.962623184377097235e-05,-1.172274368738249277e-37
6.385139770507812784e+01,2.293050723353686351e+02,1.222104377746581960e+01,0.000000000000000000e+00,3.792798116969233347e-03,-4.465890727569143271e-36,1.674395751953127842e+00,6.015705188376017531e+00,3.198825836181651283e-01,0.000000000000000000e+00,9.961667852832105721e-05,-1.171668828435454850e-37
6.552579345703125568e+01,2.353207775237446526e+02,1.254092636108398473e+01,0.000000000000000000e+00,3.892414795497554404e-03,-4.583057610412688756e-36,1.673937988281238631e+00,6.013663470389332133e+00,3.199897766113277697e-01,0.000000000000000000e+00,9.960638498917890465e-05,-1.172443690434287901e-37
6.719973144531249432e+01,2.413344409941339848e+02,1.286091613769531250e+01,0.000000000000000000e+00,3.992021180486733309e-03,-4.700301979456117546e-36,1.673443603515636369e+00,6.011204221751512478e+00,3.196231842041008520e-01,0.000000000000000000e+00,9.959683555314444159e-05,-1.170799261081214216e-37
6.887317504882813068e+01,2.473456452158854972e+02,1.318053932189941335e+01,0.000000000000000000e+00,4.091618016039877750e-03,-4.817381905564238968e-36,1.672705078124991473e+00,6.007370770805067650e+00,3.200401306152347303e-01,0.000000000000000000e+00,9.958654604051968978e-05,-1.173049230737075646e-37
7.054588012695312216e+01,2.533530159866905649e+02,1.350057945251464808e+01,0.000000000000000000e+00,4.191204562080397440e-03,-4.934686828637946532e-36,1.671881103515630684e+00,6.003634080318335009e+00,3.194625854492176842e-01,0.000000000000000000e+00,9.957700048201113124e-05,-1.170351563037441337e-37
7.221776123046875284e+01,2.593566500670088999e+02,1.382004203796386577e+01,0.000000000000000000e+00,4.290781562562408571e-03,-5.051721984941690666e-36,1.670916748046877842e+00,5.999822163020326116e+00,3.197357177734403422e-01,0.000000000000000000e+00,9.956671499307227780e-05,-1.171975903375738479e-37
7.388867797851563068e+01,2.653564722300292260e+02,1.413977775573730611e+01,0.000000000000000000e+00,4.390348277555480849e-03,-5.168919575279264514e-36,1.669757080078113631e+00,5.995861802649983474e+00,3.196727752685539770e-01,0.000000000000000000e+00,9.955717330953697819e-05,-1.172044779997847618e-37
7.555843505859374432e+01,2.713523340326792095e+02,1.445945053100586009e+01,0.000000000000000000e+00,4.489905450865017827e-03,-5.286124053279049276e-36,1.668646240234380684e+00,5.991899705140667720e+00,3.198787689208977270e-01,0.000000000000000000e+00,9.954689184211475139e-05,-1.173410833003207092e-37
7.722708129882812500e+01,2.773442337378198772e+02,1.477932929992675781e+01,0.000000000000000000e+00,4.589452342707132579e-03,-5.403465136579369985e-36,1.666552734375002842e+00,5.983054935058589763e+00,3.218574523925781250e-01,0.000000000000000000e+00,9.953698324480144549e-05,-1.183667709980350062e-37
7.889363403320312784e+01,2.833272886728784670e+02,1.510118675231933594e+01,0.000000000000000000e+00,4.688989325951934024e-03,-5.521831907577404991e-36,1.663812255859369316e+00,5.972171182884324026e+00,3.200744628906253553e-01,0.000000000000000000e+00,9.952744736913595597e-05,-1.175213104615302324e-37
8.055744628906249716e+01,2.892994598557627910e+02,1.542126121520996129e+01,0.000000000000000000e+00,4.788516773321069980e-03,-5.639353218038935223e-36,1.660980224609375000e+00,5.961038277970772015e+00,3.189849853515607236e-01,0.000000000000000000e+00,9.951717192973382614e-05,-1.170431919096574233e-37
8.221842651367187216e+01,2.952604981337335630e+02,1.574024620056152202e+01,0.000000000000000000e+00,4.888033945250803806e-03,-5.756396409948592647e-36,1.657952880859383527e+00,5.949484798752962433e+00,3.192081451416015625e-01,0.000000000000000000e+00,9.950763992344451025e-05,-1.172125136056993878e-37
8.387637939453125568e+01,3.012099829324865254e+02,1.605945434570312358e+01,0.000000000000000000e+00,4.987541585174248317e-03,-5.873608923554292035e-36,1.653564453125000000e+00,5.934614589640034410e+00,3.180126190185532664e-01,0.000000000000000000e+00,9.949736849937558525e-05,-1.167166019264461016e-37
8.552994384765625568e+01,3.071445975221265599e+02,1.637746696472167685e+01,0.000000000000000000e+00,5.087038953673623902e-03,-5.990325525480738136e-36,1.648828124999994316e+00,5.916991222225021829e+00,3.171066284179708816e-01,0.000000000000000000e+00,9.948784035969555906e-05,-1.163383544766445735e-37
8.717877197265625000e+01,3.130615887443515817e+02,1.669457359313964773e+01,0.000000000000000000e+00,5.186526794033319461e-03,-6.106663879957382710e-36,1.642108154296877842e+00,5.892170781690367676e+00,3.180713653564453125e-01,0.000000000000000000e+00,9.947757294902128539e-05,-1.169680015971795380e-37
8.882088012695312784e+01,3.189537595260419494e+02,1.701264495849609304e+01,0.000000000000000000e+00,5.286004366982340746e-03,-6.223631881554562248e-36,1.631402587890619316e+00,5.855192599288102429e+00,3.168090820312521316e-01,0.000000000000000000e+00,9.946804867407097600e-05,-1.165604815829771157e-37
9.045228271484374716e+01,3.248089521253300518e+02,1.732945404052734517e+01,0.000000000000000000e+00,5.385472415656411722e-03,-6.340192363137539363e-36,1.622735595703133527e+00,5.821664112428891258e+00,3.149452209472656250e-01,0.000000000000000000e+00,9.945778527396722385e-05,-1.157827497248891276e-37
9.207501831054688068e+01,3.306306162377589430e+02,1.764439926147461080e+01,0.000000000000000000e+00,5.484930200930378946e-03,-6.455975112862428491e-36,1.614923095703119316e+00,5.789844073974961702e+00,3.129562377929673289e-01,0.000000000000000000e+00,9.944826486120526138e-05,-1.149556562876170211e-37
9.368994140625000000e+01,3.364204603117339047e+02,1.795735549926757812e+01,0.000000000000000000e+00,5.584378465791584208e-03,-6.570930769150045512e-36,1.607757568359375000e+00,5.760886679026214097e+00,3.115829467773423289e-01,0.000000000000000000e+00,9.943800546951576946e-05,-1.144408035372802137e-37
9.529769897460937500e+01,3.421813469907601188e+02,1.826893844604492045e+01,0.000000000000000000e+00,5.683816471261099977e-03,-6.685371572687325726e-36,1.600292968749997158e+00,5.724259059910139058e+00,3.101341247558622172e-01,0.000000000000000000e+00,9.942811853571372621e-05,-1.138077125856421309e-37
9.689799194335937216e+01,3.479056060506702579e+02,1.857907257080078267e+01,0.000000000000000000e+00,5.783244589796813703e-03,-6.799179285272967857e-36,1.590869140625002842e+00,5.680105526842169184e+00,3.065567016601562500e-01,0.000000000000000000e+00,9.941860391166155303e-05,-1.121466380488836631e-37
9.848886108398437500e+01,3.535857115775124271e+02,1.888562927246093892e+01,0.000000000000000000e+00,5.882663193708475256e-03,-6.911325923321851520e-36,1.583807373046880684e+00,5.648758833582178340e+00,3.049888610839843750e-01,0.000000000000000000e+00,9.940835052835682306e-05,-1.115055114913309542e-37
1.000726684570312557e+02,3.592344704110946054e+02,1.919061813354492330e+01,0.000000000000000000e+00,5.982071544236832079e-03,-7.022831434813182474e-36,1.578594970703122158e+00,5.625483944817915472e+00,3.040267944335930395e-01,0.000000000000000000e+00,9.939883976092106499e-05,-1.111278380133809481e-37
1.016512634277343778e+02,3.648599543559125209e+02,1.949464492797851634e+01,0.000000000000000000e+00,6.081470383997753144e-03,-7.133959272826563422e-36,1.573870849609377842e+00,5.603061305022720262e+00,3.035057067871100855e-01,0.000000000000000000e+00,9.938859037987232692e-05,-1.109539245425314849e-37
1.032251342773437557e+02,3.704630156609352412e+02,1.979815063476562642e+01,0.000000000000000000e+00,6.180858974377625471e-03,-7.244913197369094907e-36,1.569555664062491473e+00,5.585766605934281870e+00,3.028457641601534078e-01,0.000000000000000000e+00,9.937908346629650835e-05,-1.107180221117764468e-37
1.047946899414062472e+02,3.760487822668695230e+02,2.010099639892577983e+01,0.000000000000000000e+00,6.280238057843921980e-03,-7.355631219480871354e-36,1.565100097656255684e+00,5.568834840585793700e+00,3.015655517578146316e-01,0.000000000000000000e+00,9.936920824566916610e-05,-1.102071871643976207e-37
1.063597900390625028e+02,3.816176171074553167e+02,2.040256195068359446e+01,0.000000000000000000e+00,6.379607266089591146e-03,-7.465838406645268974e-36,1.560937499999994316e+00,5.552044849172204977e+00,2.992492675781228684e-01,0.000000000000000000e+00,9.935859474057701091e-05,-1.091769076918751568e-37
1.079207275390624972e+02,3.871696619566275217e+02,2.070181121826171733e+01,0.000000000000000000e+00,6.478965860830168157e-03,-7.575015314337144131e-36,1.557958984375005684e+00,5.536159377076558030e+00,2.969230651855454539e-01,0.000000000000000000e+00,9.934946376409861668e-05,-1.081104679927402166e-37
1.094786865234375028e+02,3.927058213337040797e+02,2.099873428344726278e+01,0.000000000000000000e+00,6.578315324594266773e-03,-7.683125782329884348e-36,1.554797363281252842e+00,5.518818480849688513e+00,2.951560974121107961e-01,0.000000000000000000e+00,9.933959442865424039e-05,-1.073195347820792500e-37
1.110334838867187557e+02,3.982246398145537682e+02,2.129389038085937358e+01,0.000000000000000000e+00,6.677654919022921014e-03,-7.790445317111963598e-36,1.551599121093744316e+00,5.498350421524492049e+00,2.923751831054701711e-01,0.000000000000000000e+00,9.932972705362433374e-05,-1.060154707366360421e-37
1.125850830078125000e+02,4.037229902360782603e+02,2.158626556396484375e+01,0.000000000000000000e+00,6.776984646076545347e-03,-7.896460787848599640e-36,1.547753906249994316e+00,5.476941500315490430e+00,2.896400451660170461e-01,0.000000000000000000e+00,9.931912168674623953e-05,-1.047653600451851194e-37
1.141328369140624943e+02,4.091999317363937507e+02,2.187590560913086080e+01,0.000000000000000000e+00,6.876303767763291587e-03,-8.001226147893784759e-36,1.544799804687500000e+00,5.449871937987211368e+00,2.871528625488259934e-01,0.000000000000000000e+00,9.930999825706263162e-05,-1.036168423713600437e-37
1.156776367187499943e+02,4.146498036743809621e+02,2.216305847167968679e+01,0.000000000000000000e+00,6.975613766020354219e-03,-8.104842990265144803e-36,1.543762207031250000e+00,5.409393556365898803e+00,2.805557250976562500e-01,0.000000000000000000e+00,9.930013676086660301e-05,-1.003308535244555842e-37
1.172213989257812443e+02,4.200591972307468609e+02,2.244361419677734304e+01,0.000000000000000000e+00,7.074913902781220822e-03,-8.205173843789600387e-36,1.542858886718761369e+00,5.361230450839173045e+00,2.730712890625000000e-01,0.000000000000000000e+00,9.928953749058569422e-05,-9.641005181036114879e-38
1.187642578125000057e+02,4.254204276815860339e+02,2.271668548583984304e+01,0.000000000000000000e+00,7.174203440271806516e-03,-8.301583895599961536e-36,1.548974609374994316e+00,5.272426852618650628e+00,2.603645324707031250e-01,0.000000000000000000e+00,9.928041971579183722e-05,-9.007627243471469241e-38
1.203132324218750000e+02,4.306928545342046846e+02,2.297705001831054616e+01,0.000000000000000000e+00,7.273483859987598353e-03,-8.391660168034676228e-36,3.913818359374943157e-01,1.293061414257635988e+00,6.172103881835866446e-02,0.000000000000000000e+00,2.481893473144872880e-05,-2.080131385163653142e-38
1.207046142578124943e+02,4.319859159484623206e+02,2.303877105712890483e+01,0.000000000000000000e+00,7.298302794719047082e-03,-8.412461481886312760e-36,1.356799316406252842e+00,4.152463984646487916e+00,1.953552246093792633e-01,0.000000000000000000e+00,8.312544614395671327e-05,-6.176453691290744223e-38
1.220614135742187472e+02,4.361383799331088085e+02,2.323412628173828409e+01,0.000000000000000000e+00,7.381428240863003795e-03,-8.474226018799220202e-36,1.799194335937500000e+00,5.959114539871393390e+00,2.921028137206995723e-01,0.000000000000000000e+00,1.149579449618931895e-04,-9.961338871072261429e-38
1.238606079101562472e+02,4.420974944729802019e+02,2.352622909545898366e+01,0.000000000000000000e+00,7.496386185824896985e-03,-8.573839407509942816e-36,2.648217773437508527e+00,8.813967459720402076e+00,4.338195800781257105e-01,0.000000000000000000e+00,1.708624297162963240e-04,-1.488337708202994445e-37
1.265088256835937557e+02,4.509114619327006039e+02,2.396004867553710938e+01,0.000000000000000000e+00,7.667248615541193309e-03,-8.722673178330242261e-36,1.545031738281238631e+00,5.039934567578256974e+00,2.444129943847670461e-01,0.000000000000000000e+00,9.923148447686137852e-05,-8.282930384414667638e-38
1.280538574218749943e+02,4.559513965002788609e+02,2.420446166992187642e+01,0.000000000000000000e+00,7.766480100018054687e-03,-8.805502482174388937e-36,1.589404296875017053e+00,4.868874418155144213e+00,2.315940856933593750e-01,0.000000000000000000e+00,9.922089934598799649e-05,-7.395397711232888233e-38
1.296432617187500114e+02,4.608202709184340051e+02,2.443605575561523580e+01,0.000000000000000000e+00,7.865700999364042684e-03,-8.879456459286717820e-36,7.998413085937272626e-01,2.499613983633253156e+00,1.448875427246072434e-01,0.000000000000000000e+00,4.960712771406861066e-05,-5.587443777807454817e-38
1.304431030273437386e+02,4.633198849020672583e+02,2.458094329833984304e+01,0.000000000000000000e+00,7.915308127078111294e-03,-8.935330897064792368e-36,1.593322753906250000e+00,4.823261635032963568e+00,2.526809692382805395e-01,0.000000000000000000e+00,9.920687343688457116e-05,-8.513839260066943518e-38
1.320364257812499886e+02,4.681431465371002218e+02,2.483362426757812358e+01,0.000000000000000000e+00,8.014515000514995866e-03,-9.020469289665461803e-36,1.221093750000022737e+00,3.871582594223184515e+00,2.491523742675809672e-01,0.000000000000000000e+00,7.092032529046679579e-05,-1.310900050188741020e-37
1.332575195312500114e+02,4.720147291313234064e+02,2.508277664184570455e+01,0.000000000000000000e+00,8.085435325805462661e-03,-9.151559294684335905e-36,1.516601562500000000e+00,4.287935900323759597e+00,2.741714477539041184e-01,0.000000000000000000e+00,9.123405456355239418e-05,-9.765729264255713420e-38
1.347741210937500114e+02,4.763026650316471660e+02,2.535694808959960866e+01,0.000000000000000000e+00,8.176669380369015055e-03,-9.249216587326893039e-36,1.853417968749994316e+00,4.856152935670422721e+00,3.445114135742208816e-01,0.000000000000000000e+00,1.083686074510419040e-04,-1.441943563487676587e-37
1.366275390625000057e+02,4.811588179673175887e+02,2.570145950317382955e+01,0.000000000000000000e+00,8.285037987820056959e-03,-9.393410943675660698e-36,1.400427246093755684e+00,3.645613042708703233e+00,1.590209960937514211e-01,0.000000000000000000e+00,8.298731464543435132e-05,-9.682905126158198369e-39
1.380279663085937614e+02,4.848044310100262919e+02,2.586048049926758097e+01,0.000000000000000000e+00,8.368025302465491311e-03,-9.403093848801818896e-36,1.702001953124977263e+00,4.749221349512083634e+00,2.817474365234318157e-01,0.000000000000000000e+00,1.041583037676031137e-04,-8.092716112997481796e-38
1.397299682617187386e+02,4.895536523595383755e+02,2.614222793579101278e+01,0.000000000000000000e+00,8.472183606233094424e-03,-9.484021009931793714e-36,1.629931640625017053e+00,4.570455414146863404e+00,2.454742431640646316e-01,0.000000000000000000e+00,1.010840809406773205e-04,-8.421200203317623339e-38
1.413598999023437557e+02,4.941241077736852390e+02,2.638770217895507741e+01,0.000000000000000000e+00,8.573267687173771745e-03,-9.568233011964969947e-36,2.102209472656255684e+00,5.971311623209032859e+00,2.248489379882805395e-01,0.000000000000000000e+00,1.309352123021710612e-04,-5.435628223221275596e-38
1.434621093750000114e+02,5.000954193968942718e+02,2.661255111694335795e+01,0.000000000000000000e+00,8.704202899475942806e-03,-9.622589294197182703e-36,1.044018554687482947e+00,2.845396515926097436e+00,9.077301025390838163e-02,0.000000000000000000e+00,6.441280156913205268e-05,-1.733452387167236318e-38
1.445061279296874943e+02,5.029408159128203692e+02,2.670332412719726634e+01,0.000000000000000000e+00,8.768615701045074859e-03,-9.639923818068855067e-36,1.831335449218755684e+00,5.287661019158690578e+00,2.832328796386711645e-01,0.000000000000000000e+00,1.134900290309225762e-04,-9.115591348642127477e-38
1.463374633789062500e+02,5.082284769319790598e+02,2.698655700683593750e+01,0.000000000000000000e+00,8.882105730075997435e-03,-9.731079731555276341e-36,2.732604980468750000e+00,7.914565783013301825e+00,4.615776062011747172e-01,0.000000000000000000e+00,1.698107147008014184e-04,-1.637771279607575769e-37
1.490700683593750000e+02,5.161430427149923617e+02,2.744813461303711222e+01,0.000000000000000000e+00,9.051916444776798853e-03,-9.894856859516033918e-36,1.589648437499988631e+00,4.624695731446763602e+00,2.749969482421832367e-01,0.000000000000000000e+00,9.909418372046341350e-05,-9.868298034027143127e-38
1.506597167968749886e+02,5.207677384464391253e+02,2.772313156127929545e+01,0.000000000000000000e+00,9.151010628497262267e-03,-9.993539839856305350e-36,1.584143066406255684e+00,4.636000588018191593e+00,2.782127380371122172e-01,0.000000000000000000e+00,9.908436503596254608e-05,-1.003233918903938166e-37
1.522438598632812443e+02,5.254037390344573168e+02,2.800134429931640767e+01,0.000000000000000000e+00,9.250094993533224813e-03,-1.009386323174669917e-35,1.582324218750017053e+00,4.637106174431664840e+00,2.786827087402343750e-01,0.000000000000000000e+00,9.907454829746406566e-05,-1.007343557357000254e-37
1.538261840820312614e+02,5.300408452088889817e+02,2.828002700805664205e+01,0.000000000000000000e+00,9.349169541830688879e-03,-1.019459758748239919e-35,1.579614257812494316e+00,4.647034630316284165e+00,2.777832031249971578e-01,0.000000000000000000e+00,9.906399545183026956e-05,-1.003888246814071871e-37
1.554057983398437557e+02,5.346878798392052659e+02,2.855781021118163920e+01,0.000000000000000000e+00,9.448233537282519148e-03,-1.029498641216380638e-35,1.577722167968744316e+00,4.658741227939231067e+00,2.764320373535156250e-01,0.000000000000000000e+00,9.905492072751105603e-05,-9.993423897542406153e-38
1.569835205078125000e+02,5.393466210671444969e+02,2.883424224853515483e+01,0.000000000000000000e+00,9.547288458010030204e-03,-1.039492065113923044e-35,1.577270507812500000e+00,4.660442454795429512e+00,2.775398254394545461e-01,0.000000000000000000e+00,9.904510982178260647e-05,-1.001580879973091651e-37
1.585607910156250000e+02,5.440070635219399264e+02,2.911178207397460938e+01,0.000000000000000000e+00,9.646333567831812811e-03,-1.049507873913653961e-35,1.576416015625000000e+00,4.666482465536546442e+00,2.748008728027357961e-01,0.000000000000000000e+00,9.903456302732920047e-05,-9.894471150432090440e-38
1.601372070312500000e+02,5.486735459874764729e+02,2.938658294677734517e+01,0.000000000000000000e+00,9.745368130859142011e-03,-1.059402345064086051e-35,1.574267578124988631e+00,4.679674927371138438e+00,2.753433227539048289e-01,0.000000000000000000e+00,9.902549391300162485e-05,-9.954852989156076572e-38
1.617114746093749886e+02,5.533532209148476113e+02,2.966192626953125000e+01,0.000000000000000000e+00,9.844393624772143636e-03,-1.069357198053242128e-35,1.571972656250011369e+00,4.691834997885393932e+00,2.744789123535156250e-01,0.000000000000000000e+00,9.901568883572200996e-05,-9.912493866553176398e-38
1.632834472656250000e+02,5.580450559127330052e+02,2.993640518188476562e+01,0.000000000000000000e+00,9.943409313607865646e-03,-1.079269691919795304e-35,1.569311523437505684e+00,4.697488043150087833e+00,2.770774841308600855e-01,0.000000000000000000e+00,9.900588569974194675e-05,-1.004026000058303513e-37
1.648527587890625057e+02,5.627425439558830931e+02,3.021348266601562571e+01,0.000000000000000000e+00,1.004241519930760759e-02,-1.089309951920378339e-35,1.566821289062488631e+00,4.698061515610334027e+00,2.802520751953103684e-01,0.000000000000000000e+00,9.899534696422747360e-05,-1.022083154490360516e-37
1.664195800781249943e+02,5.674406054714934271e+02,3.049373474121093608e+01,0.000000000000000000e+00,1.014141054627183507e-02,-1.099530783465281944e-35,1.565808105468761369e+00,4.685612410807834749e+00,2.831375122070340922e-01,0.000000000000000000e+00,9.898628532304179495e-05,-1.034779411834200129e-37
1.679853881835937557e+02,5.721262178823012619e+02,3.077687225341797017e+01,0.000000000000000000e+00,1.024039683159487686e-02,-1.109878577583623946e-35,1.565222167968755684e+00,4.665117219010085137e+00,2.900093078613252828e-01,0.000000000000000000e+00,9.897648800793329427e-05,-1.067243259726055367e-37
1.695506103515625114e+02,5.767913351013113470e+02,3.106688156127929545e+01,0.000000000000000000e+00,1.033937331960281016e-02,-1.120551010180884499e-35,1.564477539062494316e+00,4.657148151439173489e+00,2.893432617187521316e-01,0.000000000000000000e+00,9.896669263247635795e-05,-1.061847924326773384e-37
1.711150878906250057e+02,5.814484832527505205e+02,3.135622482299804759e+01,0.000000000000000000e+00,1.043834001223528651e-02,-1.131169489424152233e-35,1.563159179687488631e+00,4.663683551403892125e+00,2.879539489746072434e-01,0.000000000000000000e+00,9.895616194688719447e-05,-1.054133742649507467e-37
1.726782470703124943e+02,5.861121668041544126e+02,3.164417877197265483e+01,0.000000000000000000e+00,1.053729617418217371e-02,-1.141710826850647308e-35,1.561193847656255684e+00,4.661289087843783818e+00,2.925453186035156250e-01,0.000000000000000000e+00,9.894710776941866015e-05,-1.076610480334167798e-37
1.742394409179687500e+02,5.907734558919981964e+02,3.193672409057617045e+01,0.000000000000000000e+00,1.063624328195159237e-02,-1.152476931653988986e-35,1.559509277343750000e+00,4.662101297403637545e+00,2.939231872558636383e-01,0.000000000000000000e+00,9.893731820770357288e-05,-1.083107841687343004e-37
1.757989501953125000e+02,5.954355571894018340e+02,3.223064727783203409e+01,0.000000000000000000e+00,1.073518060015929594e-02,-1.163308010070862416e-35,1.558093261718738631e+00,4.665381035886298378e+00,2.922889709472613617e-01,0.000000000000000000e+00,9.892679355379650763e-05,-1.074337551804265534e-37
1.773570434570312386e+02,6.001009382252881323e+02,3.252293624877929545e+01,0.000000000000000000e+00,1.083410739371309245e-02,-1.174051385588905071e-35,1.555847167968750000e+00,4.670735684189708081e+00,2.897148132324218750e-01,0.000000000000000000e+00,9.891774496778235615e-05,-1.061515020653197993e-37
1.789128906249999886e+02,6.047716739094778404e+02,3.281265106201171733e+01,0.000000000000000000e+00,1.093302513868087480e-02,-1.184666535795437051e-35,1.553417968750011369e+00,4.673178395183299472e+00,2.890670776367230133e-01,0.000000000000000000e+00,9.890796121551220788e-05,-1.058472969842964534e-37
1.804663085937500000e+02,6.094448523046611399e+02,3.310171813964844034e+01,0.000000000000000000e+00,1.103193309989638701e-02,-1.195251265493866696e-35,1.550915527343761369e+00,4.656513567375782259e+00,2.920745849609360789e-01,0.000000000000000000e+00,9.889817939821160531e-05,-1.070859282387276271e-37
1.820172241210937614e+02,6.141013658720369222e+02,3.339379272460937642e+01,0.000000000000000000e+00,1.113083127929459862e-02,-1.205959858317739459e-35,1.547583007812477263e+00,4.646904343291453188e+00,2.959968566894488617e-01,0.000000000000000000e+00,9.888766277728160137e-05,-1.088950875130411231e-37
1.835648071289062386e+02,6.187482702153283753e+02,3.368978958129882528e+01,0.000000000000000000e+00,1.122971894207188022e-02,-1.216849367069043571e-35,1.544152832031272737e+00,4.623465268626773650e+00,2.980422973632812500e-01,0.000000000000000000e+00,9.887862163973117069e-05,-1.098318095738510298e-37
1.851089599609375114e+02,6.233717354839551490e+02,3.398783187866210653e+01,0.000000000000000000e+00,1.132859756371161139e-02,-1.227832548026428674e-35,1.540673828124994316e+00,4.618045616880976922e+00,2.997131347656250000e-01,0.000000000000000000e+00,9.886884562432599055e-05,-1.106089674600874959e-37
1.866496337890625057e+02,6.279897811008361259e+02,3.428754501342773153e+01,0.000000000000000000e+00,1.142746640933593738e-02,-1.238893444772437424e-35,1.539599609374988631e+00,4.618551392921858678e+00,2.974800109863338093e-01,0.000000000000000000e+00,9.885907154225277715e-05,-1.094438046025856551e-37
1.881892333984374943e+02,6.326083324937579846e+02,3.458502502441406534e+01,0.000000000000000000e+00,1.152632548087819016e-02,-1.249837825232695989e-35,1.536999511718761369e+00,4.617130018655416279e+00,2.994567871093707367e-01,0.000000000000000000e+00,9.884856294532957943e-05,-1.103816746070959331e-37
1.897262329101562557e+02,6.372254625124134009e+02,3.488448181152343608e+01,0.000000000000000000e+00,1.162517404382351974e-02,-1.260875992693405583e-35,1.532019042968755684e+00,4.596194328690671682e+00,3.007469177246093750e-01,0.000000000000000000e+00,9.883952924685281138e-05,-1.108029699457228560e-37
1.912582519531250114e+02,6.418216568411040726e+02,3.518522872924804545e+01,0.000000000000000000e+00,1.172401357307037255e-02,-1.271956289687977868e-35,1.529968261718750000e+00,4.595608139574665074e+00,3.038414001464886383e-01,0.000000000000000000e+00,9.882976095957653195e-05,-1.123687651552155370e-37
1.927882202148437614e+02,6.464172649806787376e+02,3.548907012939453409e+01,0.000000000000000000e+00,1.182284333402994908e-02,-1.283193166203499422e-35,1.524987792968744316e+00,4.584199426782788578e+00,3.071746826171875000e-01,0.000000000000000000e+00,9.881925837492214204e-05,-1.139001220536516441e-37
1.943132080078125057e+02,6.510014644074615262e+02,3.579624481201172159e+01,0.000000000000000000e+00,1.192166259240487122e-02,-1.294583178408864586e-35,1.519152832031238631e+00,4.558258952210962889e+00,3.044265747070298289e-01,0.000000000000000000e+00,9.881023024944576849e-05,-1.122195324739588013e-37
1.958323608398437443e+02,6.555597233596724891e+02,3.610067138671875142e+01,0.000000000000000000e+00,1.202047282265431699e-02,-1.305805131656260467e-35,1.515332031250011369e+00,4.558504495557826885e+00,3.046829223632769867e-01,0.000000000000000000e+00,9.880046775269032966e-05,-1.123607295493022473e-37
1.973476928710937557e+02,6.601182278552303160e+02,3.640535430908202841e+01,0.000000000000000000e+00,1.211927329040700732e-02,-1.317041204611190691e-35,1.514184570312494316e+00,4.562555832933639977e+00,3.066696166992244343e-01,0.000000000000000000e+00,9.879070718460392087e-05,-1.133778076692530691e-37
1.988618774414062500e+02,6.646807836881639560e+02,3.671202392578125284e+01,0.000000000000000000e+00,1.221806399759161124e-02,-1.328378985378115998e-35,1.512280273437511369e+00,4.566063849510669570e+00,3.050003051757812500e-01,0.000000000000000000e+00,9.878021260707747775e-05,-1.125478443727246890e-37
2.003741577148437614e+02,6.692468475376746255e+02,3.701702423095703409e+01,0.000000000000000000e+00,1.231684421019868872e-02,-1.339633769815388467e-35,1.505932617187482947e+00,4.543915232016274786e+00,3.096725463867144867e-01,0.000000000000000000e+00,9.877119190549246697e-05,-1.147438606746005156e-37
2.018800903320312443e+02,6.737907627696909003e+02,3.732669677734374858e+01,0.000000000000000000e+00,1.241561540210418119e-02,-1.351108155882848519e-35,1.501757812500017053e+00,4.533625124345917357e+00,3.109298706054701711e-01,0.000000000000000000e+00,9.876070132822795111e-05,-1.152569915093854297e-37
2.033818481445312614e+02,6.783243878940368177e+02,3.763762664794921875e+01,0.000000000000000000e+00,1.251437610343240914e-02,-1.362633855033787062e-35,1.499548339843727263e+00,4.528771970145498926e+00,3.118927001953153422e-01,0.000000000000000000e+00,9.875168433501856080e-05,-1.158045606552269178e-37
2.048813964843749886e+02,6.828531598641823166e+02,3.794951934814453409e+01,0.000000000000000000e+00,1.261312778776742770e-02,-1.374214311099309753e-35,1.493750000000005684e+00,4.513284272420605703e+00,3.139831542968778422e-01,0.000000000000000000e+00,9.874193340255257856e-05,-1.167550580404626614e-37
2.063751464843749943e+02,6.873664441366029223e+02,3.826350250244141193e+01,0.000000000000000000e+00,1.271186972116998028e-02,-1.385889816903356020e-35,1.488378906250005684e+00,4.496406911392682559e+00,3.136825561523366446e-01,0.000000000000000000e+00,9.873218439598874241e-05,-1.165048063134316008e-37
2.078635253906250000e+02,6.918628510479956049e+02,3.857718505859374858e+01,0.000000000000000000e+00,1.281060190556596902e-02,-1.397540297534699180e-35,1.486547851562505684e+00,4.494907144392414011e+00,3.114349365234403422e-01,0.000000000000000000e+00,9.872243731387682353e-05,-1.153694899921768308e-37
2.093500732421875057e+02,6.963577581923880189e+02,3.888861999511718892e+01,0.000000000000000000e+00,1.290932434287984584e-02,-1.409077246533916863e-35,1.480566406250005684e+00,4.472976624805255597e+00,3.134094238281264211e-01,0.000000000000000000e+00,9.871269215652386797e-05,-1.162281518812572559e-37
2.108306396484375114e+02,7.008307348171932745e+02,3.920202941894531534e+01,0.000000000000000000e+00,1.300803703503636971e-02,-1.420700061722042588e-35,1.477319335937494316e+00,4.466078936013673228e+00,3.089645385742159078e-01,0.000000000000000000e+00,9.870294892270342624e-05,-1.139368562521143061e-37
2.123079589843750057e+02,7.052968137532069477e+02,3.951099395751953125e+01,0.000000000000000000e+00,1.310673998395907314e-02,-1.432093747347254019e-35,1.474780273437488631e+00,4.462047581134015672e+00,3.063980102539076711e-01,0.000000000000000000e+00,9.869173704408866488e-05,-1.126568990244096308e-37
2.137827392578124943e+02,7.097588613343409634e+02,3.981739196777343892e+01,0.000000000000000000e+00,1.320543172100316180e-02,-1.443359437249694982e-35,1.469897460937517053e+00,4.447081317309425685e+00,3.088180541992144867e-01,0.000000000000000000e+00,9.868346836893610030e-05,-1.138117303886001121e-37
2.152526367187500114e+02,7.142059426516503891e+02,4.012621002197265341e+01,0.000000000000000000e+00,1.330411518937209790e-02,-1.454740610288554993e-35,1.460717773437494316e+00,4.409691734299940435e+00,3.091308593750028422e-01,0.000000000000000000e+00,9.867373090314407458e-05,-1.138071386137906089e-37
2.167133544921875057e+02,7.186156343859503295e+02,4.043534088134765625e+01,0.000000000000000000e+00,1.340278892027524198e-02,-1.466121324149934054e-35,1.457666015624994316e+00,4.405153413867765266e+00,3.137481689453096578e-01,0.000000000000000000e+00,9.866399535860860548e-05,-1.161604232028391337e-37
2.181710205078125000e+02,7.230207877998180948e+02,4.074908905029296591e+01,0.000000000000000000e+00,1.350145291563385058e-02,-1.477737366470217967e-35,1.451586914062488631e+00,4.384279576192056993e+00,3.147659301757812500e-01,0.000000000000000000e+00,9.865426173475896898e-05,-1.165599076111269300e-37
2.196226074218749886e+02,7.274050673760101517e+02,4.106385498046874716e+01,0.000000000000000000e+00,1.360010717736860955e-02,-1.489393357231330660e-35,1.444897460937511369e+00,4.362805288498066147e+00,3.151138305664105133e-01,0.000000000000000000e+00,9.864453003168710543e-05,-1.166724060939183311e-37
2.210675048828125000e+02,7.317678726645082179e+02,4.137896881103515767e+01,0.000000000000000000e+00,1.369875170740029666e-02,-1.501060597840722494e-35,1.441210937499988631e+00,4.353899043977321526e+00,3.184783935546846578e-01,0.000000000000000000e+00,9.863480024794452072e-05,-1.184058010839030880e-37
2.225087158203124886e+02,7.361217717084855394e+02,4.169744720458984233e+01,0.000000000000000000e+00,1.379738650764824118e-02,-1.512901177949112802e-35,1.436840820312511369e+00,4.341771674175447515e+00,3.209564208984403422e-01,0.000000000000000000e+00,9.862507238384173036e-05,-1.196432843946298813e-37
2.239455566406250000e+02,7.404635433826609869e+02,4.201840362548828267e+01,0.000000000000000000e+00,1.389601158003208291e-02,-1.524865506388575791e-35,1.431518554687500000e+00,4.325529522474539590e+00,3.185791015624985789e-01,0.000000000000000000e+00,9.861387703027912899e-05,-1.183816942661605462e-37
2.253770751953125000e+02,7.447890729051355265e+02,4.233698272705078125e+01,0.000000000000000000e+00,1.399462545706236204e-02,-1.536703675815191845e-35,1.421655273437494316e+00,4.291407367000147133e+00,3.206771850585923289e-01,0.000000000000000000e+00,9.860562255541507892e-05,-1.193712217372623669e-37
2.267987304687499943e+02,7.490804802721356737e+02,4.265765991210937358e+01,0.000000000000000000e+00,1.409323107961777712e-02,-1.548640797988918082e-35,1.412622070312494316e+00,4.261780649908246232e+00,3.215591430664090922e-01,0.000000000000000000e+00,9.859590044504311368e-05,-1.197156048478575067e-37
2.282113525390624886e+02,7.533422609220439199e+02,4.297921905517578267e+01,0.000000000000000000e+00,1.419182698006282023e-02,-1.560612358473703832e-35,1.409179687500000000e+00,4.257009440153865398e+00,3.235702514648437500e-01,0.000000000000000000e+00,9.858618025204192448e-05,-1.207430144611223606e-37
2.296205322265624886e+02,7.575992703621977853e+02,4.330278930664062642e+01,0.000000000000000000e+00,1.429041316031486215e-02,-1.572686659919816069e-35,1.402197265625005684e+00,4.233165295403978234e+00,3.235290527343721578e-01,0.000000000000000000e+00,9.857646197518332709e-05,-1.207131679248699444e-37
2.310227294921874943e+02,7.618324356576017635e+02,4.362631835937499858e+01,0.000000000000000000e+00,1.438898962229004548e-02,-1.584757976712303063e-35,1.398315429687500000e+00,4.219618315971615630e+00,3.197250366210937500e-01,0.000000000000000000e+00,9.856674561390700584e-05,-1.187145979397332643e-37
2.324210449218749943e+02,7.660520539735733792e+02,4.394604339599609233e+01,0.000000000000000000e+00,1.448755636790395249e-02,-1.596629436506276389e-35,1.389184570312494316e+00,4.186496593420883983e+00,3.166275024414133554e-01,0.000000000000000000e+00,9.855703116829796218e-05,-1.170581151777856360e-37
2.338102294921874886e+02,7.702385505669942631e+02,4.426267089843750568e+01,0.000000000000000000e+00,1.458611339907225045e-02,-1.608335248024054953e-35,1.375854492187500000e+00,4.142710354985069898e+00,3.171676635742102235e-01,0.000000000000000000e+00,9.854585024285378303e-05,-1.172291587893761528e-37
2.351860839843749886e+02,7.743812609219793330e+02,4.457983856201171591e+01,0.000000000000000000e+00,1.468465924931510423e-02,-1.620058163902992568e-35,1.369042968750022737e+00,4.122303313527822866e+00,3.182708740234403422e-01,0.000000000000000000e+00,9.853760816475737316e-05,-1.176998157071885305e-37
2.365551269531250114e+02,7.785035642355071559e+02,4.489810943603515625e+01,0.000000000000000000e+00,1.478319685747986161e-02,-1.631828145473711421e-35,1.362841796874988631e+00,4.091530788448608291e+00,3.151260375976576711e-01,0.000000000000000000e+00,9.852789946097895157e-05,-1.161753464709653418e-37
2.379179687500000000e+02,7.825950950239557642e+02,4.521323547363281392e+01,0.000000000000000000e+00,1.488172475694084056e-02,-1.643445680120807956e-35,1.356225585937494316e+00,4.063276751801140563e+00,3.130920410156221578e-01,0.000000000000000000e+00,9.851819267060919760e-05,-1.151226820962522294e-37
2.392741943359374943e+02,7.866583717757569048e+02,4.552632751464843608e+01,0.000000000000000000e+00,1.498024294961144975e-02,-1.654957948330433178e-35,1.341723632812517053e+00,3.995655574049806091e+00,3.132781982421875000e-01,0.000000000000000000e+00,9.850848779220308660e-05,-1.152799503834249275e-37
2.406159179687500114e+02,7.906540273498067108e+02,4.583960571289062358e+01,0.000000000000000000e+00,1.507875143740365284e-02,-1.666485943368775671e-35,1.326513671874977263e+00,3.931137397215252349e+00,3.152832031249985789e-01,0.000000000000000000e+00,9.849878482606939933e-05,-1.161489437658193848e-37
2.419424316406249886e+02,7.945851647470219632e+02,4.615488891601562216e+01,0.000000000000000000e+00,1.517725022222972224e-02,-1.678100837745357610e-35,1.323583984375005684e+00,3.911816648315721068e+00,3.190444946289119343e-01,0.000000000000000000e+00,9.848908377099209466e-05,-1.179822098578727498e-37
2.432660156249999943e+02,7.984969813953376843e+02,4.647393341064453409e+01,0.000000000000000000e+00,1.527573930600071433e-02,-1.689899058731144885e-35,1.316552734374994316e+00,3.882819788562073882e+00,3.203781127929659078e-01,0.000000000000000000e+00,9.847791724453512641e-05,-1.187283732641564284e-37
2.445825683593749886e+02,8.023798011838997581e+02,4.679431152343750000e+01,0.000000000000000000e+00,1.537421722324524946e-02,-1.701771896057560528e-35,1.301708984375011369e+00,3.821037827912959983e+00,3.212966918945312500e-01,0.000000000000000000e+00,9.846968753666335283e-05,-1.192552794233645067e-37
2.458842773437500000e+02,8.062008390118127181e+02,4.711560821533203125e+01,0.000000000000000000e+00,1.547268691078191281e-02,-1.713697423999896978e-35,1.280859375000005684e+00,3.729132431915104462e+00,3.264892578124971578e-01,0.000000000000000000e+00,9.845999221220515241e-05,-1.219724621659385371e-37
2.471651367187500057e+02,8.099299714437278226e+02,4.744209747314452841e+01,0.000000000000000000e+00,1.557114690299411797e-02,-1.725894670216490832e-35,1.275317382812488631e+00,3.689725297416316607e+00,3.298583984375014211e-01,0.000000000000000000e+00,9.845029879654298988e-05,-1.236174654908664164e-37
2.484404541015624943e+02,8.136196967411441392e+02,4.777195587158202983e+01,0.000000000000000000e+00,1.566959720179066096e-02,-1.738256416765577474e-35,1.266845703125000000e+00,3.645891542882168324e+00,3.305984497070326711e-01,0.000000000000000000e+00,9.844060728912001901e-05,-1.240640155909362524e-37
2.497072998046874943e+02,8.172655882840263075e+02,4.810255432128906250e+01,0.000000000000000000e+00,1.576803780907978098e-02,-1.750662818324671099e-35,1.250976562500000000e+00,3.580167050177465171e+00,3.316574096679687500e-01,0.000000000000000000e+00,9.843091769001430236e-05,-1.245507437205752094e-37
2.509582763671874943e+02,8.208457553342037727e+02,4.843421173095703125e+01,0.000000000000000000e+00,1.586646872676979528e-02,-1.763117892696728620e-35,1.235083007812505684e+00,3.470713082747352018e+00,3.332794189453096578e-01,0.000000000000000000e+00,9.842122999779989723e-05,-1.251947401373815192e-37
2.521933593750000000e+02,8.243164684169511247e+02,4.876749114990234091e+01,0.000000000000000000e+00,1.596488995676759517e-02,-1.775637366710466772e-35,1.222998046875005684e+00,3.406776653489259843e+00,3.323242187500028422e-01,0.000000000000000000e+00,9.841154421278211495e-05,-1.248480611393856369e-37
2.534163574218750057e+02,8.277232450704403846e+02,4.909981536865234375e+01,0.000000000000000000e+00,1.606330150098037729e-02,-1.788122172824405335e-35,1.213061523437488631e+00,3.349618377837259686e+00,3.331344604492159078e-01,0.000000000000000000e+00,9.840039410674225606e-05,-1.252923153520493848e-37
2.546294189453124943e+02,8.310728634482776442e+02,4.943294982910155966e+01,0.000000000000000000e+00,1.616170189508711955e-02,-1.800651404359610274e-35,1.171826171875011369e+00,3.169118485359945225e+00,4.042526245117201711e-01,0.000000000000000000e+00,9.839217850460268977e-05,-1.614330269213227130e-37
2.558012451171875057e+02,8.342419819336375895e+02,4.983720245361327983e+01,0.000000000000000000e+00,1.626009407359172224e-02,-1.816794707051742545e-35,1.153759765624982947e+00,3.071600670240741238e+00,4.375778198242201711e-01,0.000000000000000000e+00,9.838249843602958622e-05,-1.783915992306009725e-37
2.569550048828124886e+02,8.373135826038783307e+02,5.027478027343750000e+01,0.000000000000000000e+00,1.635847657202775182e-02,-1.834633866974802642e-35,1.140283203125022737e+00,3.002000275189743661e+00,4.417205810546818157e-01,0.000000000000000000e+00,9.837282027240490390e-05,-1.807781741870057000e-37
2.580952880859375114e+02,8.403155828790680744e+02,5.071650085449218182e+01,0.000000000000000000e+00,1.645684939230015673e-02,-1.852711684393503212e-35,1.112280273437477263e+00,2.876977341106226049e+00,4.623901367187599476e-01,0.000000000000000000e+00,9.836314401250739747e-05,-1.914322396850357245e-37
2.592075683593749886e+02,8.431925602201743004e+02,5.117889099121094176e+01,0.000000000000000000e+00,1.655521253631266412e-02,-1.871854908362006785e-35,1.094067382812511369e+00,2.760655411326979447e+00,4.716003417968721578e-01,0.000000000000000000e+00,9.835346965578195544e-05,-1.962685265014537985e-37
2.603016357421875000e+02,8.459532156315012799e+02,5.165049133300781392e+01,0.000000000000000000e+00,1.665356600596844608e-02,-1.891481761012152165e-35,1.081689453125022737e+00,2.695739485296144267e+00,4.700393676757812500e-01,0.000000000000000000e+00,9.834379720231878341e-05,-1.955900917735882420e-37
2.613833251953125227e+02,8.486489551167974241e+02,5.212053070068359517e+01,0.000000000000000000e+00,1.675190980317076486e-02,-1.911040770189510989e-35,1.052441406249954525e+00,2.585713666810306677e+00,4.395919799804701711e-01,0.000000000000000000e+00,9.833266143310925855e-05,-1.809836561096581362e-37
2.624357666015624773e+02,8.512346687836077308e+02,5.256012268066406534e+01,0.000000000000000000e+00,1.685024246460387412e-02,-1.929139135800476802e-35,1.034790039062500000e+00,2.507839190300501286e+00,4.440658569335909078e-01,0.000000000000000000e+00,9.832445814524429228e-05,-1.837949702357962458e-37
2.634705566406249773e+02,8.537425079739082321e+02,5.300418853759765625e+01,0.000000000000000000e+00,1.694856692274911841e-02,-1.947518632824056427e-35,9.560058593750113687e-01,2.241104035592570654e+00,6.660171508789076711e-01,0.000000000000000000e+00,9.831479139642967935e-05,-2.983184257196181171e-37
2.644265624999999886e+02,8.559836120095008027e+02,5.367020568847656392e+01,0.000000000000000000e+00,1.704688171414554809e-02,-1.977350475396018239e-35,7.563720703125227374e-01,1.677347806078046233e+00,1.344834899902345171e+00,0.000000000000000000e+00,9.830512654863260424e-05,-6.442627397467710110e-37
2.651829345703125114e+02,8.576609598155788490e+02,5.501504058837890909e+01,0.000000000000000000e+00,1.714518684069418070e-02,-2.041776749370695340e-35,1.643798828125113687e-01,3.445521028390885476e-01,4.191131591796875000e-01,0.000000000000000000e+00,2.457440553995174359e-05,-2.029679259461803264e-37
2.653473144531250227e+02,8.580055119184179375e+02,5.543415374755859659e+01,0.000000000000000000e+00,1.716976124623413244e-02,-2.062073541965313373e-35,-2.283676757812503411e+01,-7.057747962418670795e+01,4.682777557373046307e+01,0.000000000000000000e+00,8.112918780493749704e-05,-2.452073180209377917e-35
2.425105468749999886e+02,7.874280322942312296e+02,1.022619293212890597e+02,0.000000000000000000e+00,1.725089043403906994e-02,-4.514146722174691290e-35,-2.237658035278320199e+02,-7.349455559973589516e+02,-7.778977127075194176e+01,0.000000000000000000e+00,1.006150702607677694e-04,3.324495814825279132e-35
1.874474334716796875e+01,5.248247629687225668e+01,2.447215805053711080e+01,0.000000000000000000e+00,1.735150550429983771e-02,-1.189650907349412024e-35,-1.189254760742173289e-01,-1.134863052498211289e+00,-7.689666748046875000e-02,0.000000000000000000e+00,1.063758796506254767e-04,4.479965091327179550e-38
1.862581787109375142e+01,5.134761324437404539e+01,2.439526138305664205e+01,0.000000000000000000e+00,1.745788138395046318e-02,-1.185170942258084844e-35,-1.146673583984377132e+00,-7.966818167048728583e+00,-1.210196685791018467e+00,0.000000000000000000e+00,8.873431617633514845e-05,6.386711059744515884e-37
1.747914428710937429e+01,4.338079507732531681e+01,2.318506469726562358e+01,0.000000000000000000e+00,1.754661570012679833e-02,-1.121303831660639686e-35,-4.167785644531107891e-02,-7.348529178794862560e-01,-1.065696716308579539e-01,0.000000000000000000e+00,1.248121344595218285e-04,6.003515972588333933e-38
1.743746643066406321e+01,4.264594215944583055e+01,2.307849502563476562e+01,0.000000000000000000e+00,1.767142783458632016e-02,-1.115300315688051352e-35,-3.802490234375000000e-02,-4.885586049425754140e-01,-9.265289306640767109e-02,0.000000000000000000e+00,7.186298325158324563e-05,5.042572299665046482e-38
1.739944152832031321e+01,4.215738355450325514e+01,2.298584213256835795e+01,0.000000000000000000e+00,1.774329081783790341e-02,-1.110257743388386305e-35,-4.973449707031463163e-02,-6.501096062530606901e-01,-1.327102661132784078e-01,0.000000000000000000e+00,9.823669315770638955e-05,7.186127574362812305e-38
1.734970703124999858e+01,4.150727394825019445e+01,2.285313186645507955e+01,0.000000000000000000e+00,1.784152751099560980e-02,-1.103071615814023493e-35,-5.402984619140482891e-02,-6.596958497623433004e-01,-1.412483215332045461e-01,0.000000000000000000e+00,9.822704365775036806e-05,7.596861830929481454e-38
1.729567718505859375e+01,4.084757809848785115e+01,2.271188354492187500e+01,0.000000000000000000e+00,1.793975455465336016e-02,-1.095474753983094011e-35,-4.714355468750142109e-02,-6.198352314633126525e-01,-1.331970214843742895e-01,0.000000000000000000e+00,9.821739605307688858e-05,7.182568948886716873e-38
1.724853363037109233e+01,4.022774286702453850e+01,2.257868652343750071e+01,0.000000000000000000e+00,1.803797195070643705e-02,-1.088292185034207295e-35,-4.732055664062428946e-02,-6.922089815118468437e-01,-1.434249877929687500e-01,0.000000000000000000e+00,1.166192579972746834e-04,7.780992000726146922e-38
1.720121307373046804e+01,3.953553388551269165e+01,2.243526153564453196e+01,0.000000000000000000e+00,1.815459120870371174e-02,-1.080511193033481148e-35,-4.070129394531107891e-02,-7.201623296222336990e-01,-9.243011474609375000e-02,0.000000000000000000e+00,1.104707067094007344e-04,5.280541029084494665e-38
1.716051177978515696e+01,3.881537155589045796e+01,2.234283142089843821e+01,0.000000000000000000e+00,1.826506191541311247e-02,-1.075230652004396653e-35,-3.884582519531321054e-02,-8.430237053624054511e-01,-9.691314697265696054e-02,0.000000000000000000e+00,1.380704925648436332e-04,5.662002721250804115e-38
1.712166595458984375e+01,3.797234785052805250e+01,2.224591827392578125e+01,0.000000000000000000e+00,1.840313240797795610e-02,-1.069568649283145849e-35,-1.892089843735789145e-04,-4.260995530322020386e-01,-3.294372558593750000e-02,0.000000000000000000e+00,9.817043426286684027e-05,2.161004018967730697e-38
1.712147674560547017e+01,3.754624829749585047e+01,2.221297454833984375e+01,0.000000000000000000e+00,1.850130284224082294e-02,-1.067407645264178118e-35,1.042175292965907829e-03,-4.231183639745381697e-01,-3.135375976562215783e-02,0.000000000000000000e+00,9.816226043153977732e-05,2.082255081012146323e-38
1.712251892089843608e+01,3.712312993352131230e+01,2.218162078857422159e+01,0.000000000000000000e+00,1.859946510267236272e-02,-1.065325390183165972e-35,2.328491210938921085e-03,-4.191195686052822111e-01,-2.979278564453480271e-02,0.000000000000000000e+00,9.815262554815906704e-05,2.006031619201120528e-38
1.712484741210937500e+01,3.670401036491603008e+01,2.215182800292968679e+01,0.000000000000000000e+00,1.869761772822052179e-02,-1.063319358563964851e-35,3.593444824218750000e-03,-4.149920750706712624e-01,-2.828750610351349337e-02,0.000000000000000000e+00,9.814299255575184566e-05,1.932678016645031958e-38
1.712844085693359375e+01,3.628901828984535882e+01,2.212354049682617330e+01,0.000000000000000000e+00,1.879576072077627363e-02,-1.061386680547319819e-35,4.881286621092328915e-03,-4.106798539417582106e-01,-2.674484252929687500e-02,0.000000000000000000e+00,9.813336145376300168e-05,1.856913732314555570e-38
1.713332214355468608e+01,3.587833843590360061e+01,2.209679565429687642e+01,0.000000000000000000e+00,1.889389408223003664e-02,-1.059529766815005264e-35,6.198120117190342171e-03,-4.062792515896092027e-01,-2.520751953125000000e-02,0.000000000000000000e+00,9.812373224228967961e-05,1.781838214205371027e-38
1.713952026367187642e+01,3.547205918431399141e+01,2.207158813476562642e+01,0.000000000000000000e+00,1.899201781447232631e-02,-1.057747928600799893e-35,6.985473632809657829e-03,-4.045182089058201313e-01,-2.388381958007812500e-02,0.000000000000000000e+00,9.811410491990593674e-05,1.716979395043923372e-38
1.714650573730468608e+01,3.506754097540817128e+01,2.204770431518554830e+01,0.000000000000000000e+00,1.909013191939223225e-02,-1.056030949205755969e-35,6.817626953125710543e-03,-4.081384485048715760e-01,-2.310867309570596717e-02,0.000000000000000000e+00,9.810447948692055387e-05,1.679556430359435043e-38
1.715332336425781179e+01,3.465940252690329970e+01,2.202459564208984233e+01,0.000000000000000000e+00,1.918823639887915281e-02,-1.054351392775396534e-35,7.014465332030539457e-03,-4.075845680783487524e-01,-2.286911010742187500e-02,0.000000000000000000e+00,9.809339428939328753e-05,1.667273432748357174e-38
1.716033782958984233e+01,3.425181795882495095e+01,2.200172653198242045e+01,0.000000000000000000e+00,1.928632979316854609e-02,-1.052684119342648177e-35,6.179809570312500000e-03,-4.111126769152662064e-01,-2.348632812499928946e-02,0.000000000000000000e+00,9.808523442855418550e-05,1.696545997148583234e-38
1.716651763916015483e+01,3.384070528190968474e+01,2.197824020385742116e+01,0.000000000000000000e+00,1.938441502759710028e-02,-1.050987573345499594e-35,8.157348632813921085e-03,-3.979501738122124266e-01,-1.942596435546661837e-02,0.000000000000000000e+00,9.807561465867420392e-05,1.486587094057482737e-38
1.717467498779296875e+01,3.344275510809747232e+01,2.195881423950195455e+01,0.000000000000000000e+00,1.948249064225577448e-02,-1.049500986251442111e-35,7.801818847656960543e-03,-3.875940021291981452e-01,-2.057418823242329609e-02,0.000000000000000000e+00,9.806599677597213627e-05,1.530208954732528563e-38
1.718247680664062571e+01,3.305516110596827417e+01,2.193824005126953125e+01,0.000000000000000000e+00,1.958055663903174662e-02,-1.047970777296709583e-35,1.182098388671803946e-02,-3.680438229182527721e-01,-1.017074584960653283e-02,0.000000000000000000e+00,9.805638077924755391e-05,1.000318141900946000e-38
1.719429779052734375e+01,3.268711728305002140e+01,2.192806930541992472e+01,0.000000000000000000e+00,1.967861301981099417e-02,-1.046970459154808637e-35,1.220092773437642109e-02,-3.647766929999818331e-01,-1.068420410156534217e-02,0.000000000000000000e+00,9.804676666793146755e-05,1.022703044089456357e-38
1.720649871826172017e+01,3.232234059005003957e+01,2.191738510131835938e+01,0.000000000000000000e+00,1.977665978647892564e-02,-1.045947756110719180e-35,3.672790527343039457e-03,-9.442767780166860803e-02,-1.128387451171164457e-03,0.000000000000000000e+00,2.596780188037633996e-05,1.822934598736660102e-39
