Sigma_1,Sigma_2,Sigma_12,Epsilon_1,Epsilon_2,Epsilon_12,dSigma_1,dSigma_2,dSigma_12,dEpsilon_1,dEpsilon_2,dEpsilon_12
-0.000000000000000000e+00,-0.000000000000000000e+00,-0.000000000000000000e+00,0.000000000000000000e+00,0.000000000000000000e+00,0.000000000000000000e+00,4.586953395780804499e+01,6.450031986444666643e+01,4.602841377258300781e+00,5.998185879573076328e-04,8.995952041278224964e-04,-1.245759841327207820e-36
4.586953395780804499e+01,6.450031986444666643e+01,4.602841377258300781e+00,5.998185879573076328e-04,8.995952041278224964e-04,-1.245759841327207820e-36,4.072929960051739329e+01,5.726800490752626160e+01,4.072813606262206676e+00,5.328702166754256068e-04,7.989615236841068717e-04,-1.102030258684776778e-36
8.659883355832543828e+01,1.217683247719729280e+02,8.675654983520507457e+00,1.132688804632733240e-03,1.698556727811929368e-03,-2.347790100011984598e-36,4.068038882908780351e+01,5.720585132110350912e+01,4.055479431152344105e+00,5.325863242517376965e-04,7.983235079351838018e-04,-1.097344495986278190e-36
1.272792223874132418e+02,1.789741760930764372e+02,1.273113441467285156e+01,1.665275128884470936e-03,2.496880235747113170e-03,-3.445134595998262788e-36,4.051785527553185773e+01,5.710635551648553587e+01,4.028073883056642046e+00,5.323030128946764587e-04,7.976866958603391101e-04,-1.091275748112825454e-36
1.677970776629450995e+02,2.360805316095619730e+02,1.675920829772949361e+01,2.197578141779147395e-03,3.294566931607452280e-03,-4.536410344111088241e-36,3.522508791946381734e+01,4.974689492748487396e+01,3.520182037353514204e+00,4.655326544158837343e-04,6.974542488792810288e-04,-9.614260962639350866e-37
2.030221655824089169e+02,2.858274265370468470e+02,2.027939033508300781e+01,2.663110796195031129e-03,3.992021180486733309e-03,-5.497836440375023328e-36,4.437072913441505762e+01,6.223499744200393025e+01,4.412540054321290484e+00,5.982238996118938168e-04,8.960127647640704976e-04,-1.208755445615159764e-36
2.473928947168239745e+02,3.480624239790507772e+02,2.469193038940429830e+01,3.261334695806924946e-03,4.888033945250803806e-03,-6.706591885990183092e-36,3.289912136924797892e+01,4.540587655733287420e+01,2.790853881835936079e+00,4.650376337991739099e-04,6.963445205407804012e-04,-6.666585474004495957e-37
2.802920160860719534e+02,3.934683005363836514e+02,2.748278427124023438e+01,3.726372329606098856e-03,5.584378465791584208e-03,-7.373250433390632688e-36,3.990170705365795811e+01,5.481431639844328174e+01,3.705027770996096592e+00,5.975883590995153399e-04,8.945873950385839490e-04,-9.549146726004089515e-37
3.201937231397299115e+02,4.482826169348269332e+02,3.118781204223633097e+01,4.323960688705614196e-03,6.478965860830168157e-03,-8.328165105991041639e-36,2.985548428432798573e+01,4.138802330511242644e+01,2.848297119140625000e+00,4.645442206335876831e-04,6.952375794416383592e-04,-7.475696373185978344e-37
3.500492074240578972e+02,4.896706402399393596e+02,3.403610916137695597e+01,4.788504909339201879e-03,7.174203440271806516e-03,-9.075734743309639474e-36,3.384532226976722313e+01,4.695272841486649895e+01,3.224929809570312500e+00,5.306433568199537057e-04,7.939660315103786239e-04,-8.458542811942845133e-37
3.838945296938251204e+02,5.366233686548058586e+02,3.726103897094726847e+01,5.319148266159155584e-03,7.968169471782185140e-03,-9.921589024503923987e-36,3.697667373067815788e+01,5.217357793465976101e+01,3.514938354492187500e+00,5.966375760251873064e-04,8.924591140194518268e-04,-9.330474930214876655e-37
4.208712034245032783e+02,5.887969465894656196e+02,4.077597732543945597e+01,5.915785842184342891e-03,8.860628585801636967e-03,-1.085463651752541165e-35,3.201180918370044992e+01,4.595879756988699683e+01,2.982779693603511362e+00,5.300452979953469701e-04,7.926287256904314404e-04,-7.882481703417811106e-37
4.528830126082037282e+02,6.347557441593526164e+02,4.375875701904296733e+01,6.445831140179689861e-03,9.653257311492068407e-03,-1.164288468786719276e-35,3.033782794659305182e+01,4.536256348133213123e+01,2.593168640136724434e+00,5.297648687466868442e-04,7.920002256273910718e-04,-6.505201808662372063e-37
4.832208405547967800e+02,6.801183076406847476e+02,4.635192565917969176e+01,6.975596008926376705e-03,1.044525753711945948e-02,-1.229340486873342997e-35,2.483125869391358265e+01,3.863894948004235630e+01,1.429061889648430395e+00,4.633143354061414892e-04,6.924872152143275728e-04,-1.976655739867567052e-37
5.080520992487103626e+02,7.187572571207271039e+02,4.778098754882812216e+01,7.438910344332518194e-03,1.113774475233378705e-02,-1.249107044272018667e-35,1.653397690786226804e+01,3.821543193645698011e+01,-6.498787689208981533e+00,5.292391705370184593e-04,7.908258478995094931e-04,3.516451172455303692e-36
5.245860761565726307e+02,7.569726890571840840e+02,4.128219985961914062e+01,7.968149514869536654e-03,1.192857060023329654e-02,-8.974619270264882983e-36,-1.083900358009818206e+02,-1.460653209273777975e+01,-9.910442276000976847e+01,5.785350406415420282e-04,8.642508454369621923e-04,4.648581490758009309e-35
4.161960403555908101e+02,7.423661569644463043e+02,-5.782222290039062784e+01,8.546684555511078682e-03,1.279282144567025874e-02,3.751119563731520877e-35,-9.853769818177931938e+01,-1.647979609436492865e+01,-8.734030761718751990e+01,4.956208154764454865e-04,7.401932485381484961e-04,4.128828857524761565e-35
3.176583421738114907e+02,7.258863608700813757e+02,-1.451625305175781477e+02,9.042305370987524168e-03,1.353301469420840723e-02,7.879948421256282441e-35,-3.088003931304689331e+01,1.754139476936825304e+01,-2.921175537109371589e+01,5.118839013244450703e-04,7.642893955273014767e-04,1.397288094303374815e-35
2.867783028607645974e+02,7.434277556394496287e+02,-1.743742858886718636e+02,9.554189272311969239e-03,1.429730408973570871e-02,9.277236515559657257e-35,-1.090518894397447127e+02,-7.065435920212159999e+02,9.593858642578123863e+01,5.452890158672788617e-04,8.139559987987137618e-04,-5.103445917470905630e-35
1.777264134210198847e+02,3.688416361823362166e+01,-7.843569946289062500e+01,1.009947828817924810e-02,1.511126008853442247e-02,4.173790598088752161e-35,8.527586446268628606e+00,-2.428145932590943801e+00,-3.980343627929698869e+00,5.190556714647024533e-04,7.745947597581782224e-04,2.147449099734813332e-36
1.862539998672885133e+02,3.445601768564267786e+01,-8.241604309082032387e+01,1.061853395964395055e-02,1.588585484829260069e-02,4.388535508062233494e-35,8.417697325425706367e+00,-4.197483125272071902e+00,-4.733465576171866473e+00,5.275595047453379011e-04,7.870820265863630316e-04,2.538457091726688237e-36
1.946716971927142197e+02,3.025853456037060596e+01,-8.714950866699219034e+01,1.114609346438928845e-02,1.667293687487896373e-02,4.642381217234902318e-35,8.220456566575535362e+00,-2.805202084827538300e+00,-4.075140380859366473e+00,5.272813324604976037e-04,7.864630156504612279e-04,2.199207585369460387e-36
2.028921537592897550e+02,2.745333247554306766e+01,-9.122464904785155682e+01,1.167337479684978606e-02,1.745939989052942495e-02,4.862301975771848357e-35,7.537549073274192324e+00,-2.517459445890068537e+00,-3.496673583984375000e+00,5.270034533707366325e-04,7.858449776074853677e-04,1.899897336291323670e-36
2.104297028325639474e+02,2.493587302965299912e+01,-9.472132263183593182e+01,1.220037825022052269e-02,1.824524486813691032e-02,5.052291709400980724e-35,6.989954031616775865e+00,-2.152531287733012277e+00,-3.107049560546883527e+00,5.267266026490920183e-04,7.852279101664937089e-04,1.698263320926850995e-36
2.174196568641807232e+02,2.278334174191998684e+01,-9.782837219238281534e+01,1.272710485286961471e-02,1.903047277830340403e-02,5.222118041493665823e-35,6.477077904393922836e+00,-1.610169097794162951e+00,-2.851846313476556816e+00,5.180887616735210116e-04,7.721548100558979499e-04,1.561928935105490174e-36
