Sigma_1,Sigma_2,Sigma_12,Epsilon_1,Epsilon_2,Epsilon_12,dSigma_1,dSigma_2,dSigma_12,dEpsilon_1,dEpsilon_2,dEpsilon_12
-0.000000000000000000e+00,-0.000000000000000000e+00,-0.000000000000000000e+00,0.000000000000000000e+00,0.000000000000000000e+00,0.000000000000000000e+00,1.380032726270431276e+01,1.567992063552489945e+01,6.196431350708007102e+00,1.999800121638574792e-04,1.999800121638574792e-04,6.666670087724923816e-05
1.380032726270431276e+01,1.567992063552489945e+01,6.196431350708007102e+00,1.999800121638574792e-04,1.999800121638574792e-04,6.666670087724923816e-05,6.897043721694126717e+00,7.837065816257597461e+00,3.094217681884765980e+00,9.997499944099476950e-05,9.997499944099476950e-05,3.333335043862462586e-05
2.069737098439843948e+01,2.351698645178249691e+01,9.290649032592773082e+00,2.999550116048522487e-04,2.999550116048522487e-04,1.000000513158738640e-04,6.895943422863876293e+00,7.835649686508247669e+00,3.092211914062501066e+00,9.996502871346707886e-05,9.996502871346707886e-05,3.333335043862461231e-05
2.759331440726231577e+01,3.135263613829074458e+01,1.238286094665527415e+01,3.999200403183193276e-04,3.999200403183193276e-04,1.333334017544984763e-04,6.894834745489649919e+00,7.834235713383346678e+00,3.090202713012693891e+00,9.995499016253158245e-05,9.995499016253158245e-05,3.333335043862462586e-05
3.448814915275196569e+01,3.918687185167409126e+01,1.547306365966796804e+01,4.998750304808509100e-04,4.998750304808509100e-04,1.666667521931231022e-04,6.893732959280129080e+00,7.832817796398131804e+00,3.088193511962888493e+00,9.994504669895497122e-05,9.994504669895497122e-05,3.333335043862462586e-05
4.138188211203209477e+01,4.701968964807222306e+01,1.856125717163085653e+01,5.998200771798058812e-04,5.998200771798058812e-04,2.000001026317477280e-04,6.892624320589817444e+00,7.831398983483190079e+00,3.086186218261723013e+00,9.993505868506125708e-05,9.993505868506125708e-05,3.333333879709243232e-05
4.827450643262191221e+01,5.485108863155541314e+01,2.164744338989257955e+01,6.997551358648671383e-04,6.997551358648671383e-04,2.333334414288401604e-04,6.891521045058546235e+00,7.829991492894748717e+00,3.084178161621093039e+00,9.992507266705201192e-05,9.992507266705201192e-05,3.333336208015679229e-05
5.516602747768045845e+01,6.268108012445016186e+01,2.473162155151367259e+01,7.996802085319191502e-04,7.996802085319191502e-04,2.666668035089969527e-04,6.890413965840295418e+00,7.828567832415259886e+00,3.082172393798824572e+00,9.991499559590334614e-05,9.991499559590334614e-05,3.333333879709245943e-05
6.205644144352075386e+01,7.050964795686542175e+01,2.781379394531249716e+01,8.995952041278224964e-04,8.995952041278224964e-04,3.000001423060894121e-04,6.889309208015887975e+00,7.827161617801380089e+00,3.080168151855474434e+00,9.990510662625400919e-05,9.990510662625400919e-05,3.333336208015679229e-05
6.894575065153664184e+01,7.833680957466680184e+01,3.089396209716797159e+01,9.995003107540765055e-04,9.995003107540765055e-04,3.333335043862462044e-04,6.888197591420052390e+00,7.825742287002810826e+00,3.078164672851556816e+00,9.989512659297180089e-05,9.989512659297180089e-05,3.333333879709245943e-05
7.583394824295669423e+01,8.616255186166961266e+01,3.397212677001952841e+01,1.099395437347048306e-03,1.099395437347048306e-03,3.666668431833386638e-04,6.887097451264494907e+00,7.824328173489263349e+00,3.076159667968752842e+00,9.988514855340403092e-05,9.988514855340403092e-05,3.333336208015679229e-05
8.272104569422118914e+01,9.398688003515887601e+01,3.704828643798828125e+01,1.199280585900452337e-03,1.199280585900452337e-03,4.000002052634954561e-04,6.885990458081494126e+00,7.822913168251929505e+00,3.074159240722657671e+00,9.987517250695308706e-05,9.987517250695308706e-05,3.333333879709240522e-05
8.960703615230268326e+01,1.018097932034108055e+02,4.012244567871093892e+01,1.299155758407405424e-03,1.299155758407405424e-03,4.333335440605878613e-04,6.884876609429582572e+00,7.821503383351355865e+00,3.072157287597654829e+00,9.986519845280017980e-05,9.986519845280017980e-05,3.333333879709245943e-05
9.649191276173226584e+01,1.096312965867621614e+02,4.319460296630859375e+01,1.399020956860205604e-03,1.399020956860205604e-03,4.666668828576803207e-04,6.883560287785513765e+00,7.820043796268777214e+00,3.070085144042970171e+00,9.985513339833408490e-05,9.985513339833408490e-05,3.333338536322112515e-05
1.033754730495177796e+02,1.174513403830309386e+02,4.626468811035156392e+01,1.498876090258539689e-03,1.498876090258539689e-03,5.000002682209014459e-04,6.877407583847613637e+00,7.817262868661259745e+00,3.064753723144526987e+00,9.984534931301090703e-05,9.984534931301090703e-05,3.333333879709245943e-05
1.102528806333653932e+02,1.252686032516921983e+02,4.932944183349609091e+01,1.598721439571550596e-03,1.598721439571550596e-03,5.333336070179939053e-04,6.870476132808036596e+00,7.814162685875047032e+00,3.059199523925784092e+00,9.983528824037877190e-05,9.983528824037877190e-05,3.333333879709245943e-05
1.171233567661734298e+02,1.330827659375672454e+02,5.238864135742187500e+01,1.698556727811929368e-03,1.698556727811929368e-03,5.666669458150863647e-04,6.866122501580136372e+00,7.811305672628805041e+00,3.053446960449221592e+00,9.982513622067449785e-05,9.982513622067449785e-05,3.333333879709245943e-05
1.239894792677535662e+02,1.408940716101960504e+02,5.544208831787109659e+01,1.798381864032603866e-03,1.798381864032603866e-03,6.000002846121788242e-04,6.862317561425456347e+00,7.809058899535017417e+00,3.050001525878904829e+00,9.981535806883657692e-05,9.981535806883657692e-05,3.333338536322112515e-05
1.308517968291790226e+02,1.487031305097310678e+02,5.849208984375000142e+01,1.898197222101440443e-03,1.898197222101440443e-03,6.333336699753999493e-04,6.859526260380192753e+00,7.806835425669163442e+00,3.047219848632813921e+00,9.980539595727186408e-05,9.980539595727186408e-05,3.333333879709245943e-05
1.377113230895592153e+02,1.565099659354002313e+02,6.153930969238281534e+01,1.998002618058712307e-03,1.998002618058712307e-03,6.666670087724924088e-04,6.854372809676675615e+00,7.803301924947675161e+00,3.040487670898428973e+00,9.979543583449714331e-05,9.979543583449714331e-05,3.333333879709245943e-05
1.445656958992358909e+02,1.643132678603479064e+02,6.457979736328124432e+01,2.097798053893209450e-03,2.097798053893209450e-03,7.000003475695848682e-04,6.849082834314629054e+00,7.799938175202498769e+00,3.034851074218750000e+00,9.978547769925192115e-05,9.978547769925192115e-05,3.333333879709245943e-05
1.514147787335505200e+02,1.721132060355504052e+02,6.761464843749999432e+01,2.197583531592461371e-03,2.197583531592461371e-03,7.333336863666773276e-04,6.842506180485401046e+00,7.796193664959048419e+00,3.029858398437511369e+00,9.977552155116279839e-05,9.977552155116279839e-05,3.333338536322112515e-05
1.582572849140359210e+02,1.799093997005094536e+02,7.064450683593750568e+01,2.297359053143624170e-03,2.297359053143624170e-03,7.666670717298984528e-04,6.835082843306196310e+00,7.792472041678195183e+00,3.026046752929687500e+00,9.976556738963563223e-05,9.976556738963563223e-05,3.333333879709245943e-05
1.650923677573421173e+02,1.877018717421876488e+02,7.367055358886719318e+01,2.397124620533259802e-03,2.397124620533259802e-03,8.000004105269909122e-04,6.826788010765142189e+00,7.787060058289597464e+00,3.017611694335926131e+00,9.975561521385336791e-05,9.975561521385336791e-05,3.333333879709245943e-05
1.719191557681072595e+02,1.954889318004772463e+02,7.668816528320311932e+01,2.496880235747113170e-03,2.496880235747113170e-03,8.333337493240833716e-04,6.813325528076916271e+00,7.777313466746164750e+00,3.002987670898448869e+00,9.974566502388756278e-05,9.974566502388756278e-05,3.333333879709235101e-05
1.787324812961841758e+02,2.032662452672234110e+02,7.969115295410156818e+01,2.596625900771000733e-03,2.596625900771000733e-03,8.666670881211757226e-04,6.803420447731951981e+00,7.769791173298045805e+00,2.990875244140625000e+00,9.973571681847880760e-05,9.973571681847880760e-05,3.333333879709245943e-05
1.855359017439161278e+02,2.110360364405214568e+02,8.268202819824219318e+01,2.696361617589479540e-03,2.696361617589479540e-03,9.000004269182681821e-04,6.796449888871080702e+00,7.763416840054617296e+00,2.981842041015625000e+00,9.972577059725457049e-05,9.972577059725457049e-05,3.333333879709245943e-05
1.923323516327872085e+02,2.187994532805760741e+02,8.566387023925781818e+01,2.796087388186734111e-03,2.796087388186734111e-03,9.333337657153606415e-04,6.788032195859784679e+00,7.755509791393706109e+00,2.971685791015616473e+00,9.971564063366786246e-05,9.971564063366786246e-05,3.333333879709245943e-05
1.991203838286469932e+02,2.265549630719697802e+02,8.863555603027343466e+01,2.895803028820401973e-03,2.895803028820401973e-03,9.666671045124531009e-04,6.773183735713075748e+00,7.744637034436522072e+00,2.955691528320315342e+00,9.970588412350385454e-05,9.970588412350385454e-05,3.333343192934979087e-05
2.058935675643600689e+02,2.342996001064063023e+02,9.159124755859375000e+01,2.995508912943905828e-03,2.995508912943905828e-03,1.000000536441802892e-03,6.756775295993264763e+00,7.729866653830328005e+00,2.936303710937494316e+00,9.969594385104973977e-05,9.969594385104973977e-05,3.333333879709256785e-05
2.126503428603533337e+02,2.420294667602366303e+02,9.452755126953124432e+01,3.095204856794955568e-03,3.095204856794955568e-03,1.033333875238895460e-03,6.740043188510838945e+00,7.715703746351493919e+00,2.918777465820312500e+00,9.968619123126333526e-05,9.968619123126333526e-05,3.333333879709235101e-05
2.193903860488641726e+02,2.497451705065881242e+02,9.744632873535155682e+01,3.194891048026218903e-03,3.194891048026218903e-03,1.066667214035987811e-03,6.718088197594255462e+00,7.697469896538393641e+00,2.897357177734392053e+00,9.967588358123337725e-05,9.967588358123337725e-05,3.333333879709256785e-05
2.261084742464584281e+02,2.574426404031265179e+02,1.003436859130859489e+02,3.294566931607452280e-03,3.294566931607452280e-03,1.100000552833080378e-03,6.688458823754501736e+00,7.672444635928400203e+00,2.867178344726553973e+00,9.966632055647848751e-05,9.966632055647848751e-05,3.333333879709235101e-05
2.327969330702129298e+02,2.651150850390549181e+02,1.032108642578125028e+02,3.394233252163930768e-03,3.394233252163930768e-03,1.133333891630172729e-03,6.644806301018377326e+00,7.635675975737456156e+00,2.822244262695306816e+00,9.965601694112693684e-05,9.965601694112693684e-05,3.333333879709235101e-05
2.394417393712313071e+02,2.727507610147923742e+02,1.060331085205078097e+02,3.493889269105057704e-03,3.493889269105057704e-03,1.166667230427265081e-03,6.597073090776348181e+00,7.591912906761990598e+00,2.773898315429690342e+00,9.964608660902344803e-05,9.964608660902344803e-05,3.333333879709256785e-05
2.460388124620076553e+02,2.803426739215543648e+02,1.088070068359375000e+02,3.593535355714081152e-03,3.593535355714081152e-03,1.200000569224357648e-03,6.548051082707075921e+00,7.537746546223786481e+00,2.725585937500000000e+00,9.963652941138122221e-05,9.963652941138122221e-05,3.333333879709235101e-05
2.525868635447147312e+02,2.878804204677781513e+02,1.115325927734375000e+02,3.693171885125462375e-03,3.693171885125462375e-03,1.233333908021449999e-03,6.500361721598892473e+00,7.485450360525646829e+00,2.680963134765619316e+00,9.962623184377097235e-05,9.962623184377097235e-05,3.333343192934989929e-05
2.590872252663136237e+02,2.953658708283037981e+02,1.142135559082031193e+02,3.792798116969233347e-03,3.792798116969233347e-03,1.266667339950799899e-03,6.452167723720322101e+00,7.434069667158155426e+00,2.638818359374994316e+00,9.961667852832105721e-05,9.961667852832105721e-05,3.333333879709256785e-05
2.655393929900339458e+02,3.027999404954619536e+02,1.168523742675781136e+02,3.892414795497554404e-03,3.892414795497554404e-03,1.300000678747892466e-03,6.390820462313001826e+00,7.370833793323356531e+00,2.586145019531258527e+00,9.960638498917890465e-05,9.960638498917890465e-05,3.333333879709235101e-05
2.719302134523469476e+02,3.101707742887853101e+02,1.194385192871093722e+02,3.992021180486733309e-03,3.992021180486733309e-03,1.333334017544984818e-03,6.326684586849125935e+00,7.306500187939775515e+00,2.535614013671875000e+00,9.959683555314444159e-05,9.959683555314444159e-05,3.333333879709235101e-05
2.782568980391960736e+02,3.174772744767250856e+02,1.219741333007812472e+02,4.091618016039877750e-03,4.091618016039877750e-03,1.366667356342077169e-03,6.276601495541001441e+00,7.253841110432858841e+00,2.498541259765616473e+00,9.958654604051968978e-05,9.958654604051968978e-05,3.333333879709256785e-05
2.845334995347370750e+02,3.247311155871579444e+02,1.244726745605468636e+02,4.191204562080397440e-03,4.191204562080397440e-03,1.400000695139169736e-03,6.226356161838054959e+00,7.202882439622896982e+00,2.460583496093761369e+00,9.957700048201113124e-05,9.957700048201113124e-05,3.333333879709235101e-05
2.907598556965751300e+02,3.319339980267808414e+02,1.269332580566406250e+02,4.290781562562408571e-03,4.290781562562408571e-03,1.433334033936262087e-03,6.173201698720220065e+00,7.151098664388882753e+00,2.424249267578119316e+00,9.956671499307227780e-05,9.956671499307227780e-05,3.333333879709256785e-05
2.969330573952953500e+02,3.390850966911697242e+02,1.293575073242187443e+02,4.390348277555480849e-03,4.390348277555480849e-03,1.466667372733354655e-03,6.099382062945210237e+00,7.089440626313205485e+00,2.378918457031261369e+00,9.955717330953697819e-05,9.955717330953697819e-05,3.333333879709235101e-05
3.030324394582405603e+02,3.461745373174829297e+02,1.317364257812500057e+02,4.489905450865017827e-03,4.489905450865017827e-03,1.500000711530447006e-03,6.029096115799120525e+00,7.029087920035578918e+00,2.336737060546880684e+00,9.954689184211475139e-05,9.954689184211475139e-05,3.333343192934989929e-05
3.090615355740396808e+02,3.532036252375185086e+02,1.340731628417968864e+02,4.589452342707132579e-03,4.589452342707132579e-03,1.533334143459796906e-03,5.949247222181668349e+00,6.950712751667083467e+00,2.239813232421852263e+00,9.953698324480144549e-05,9.953698324480144549e-05,3.333333879709235101e-05
3.150107827962213491e+02,3.601543379891855921e+02,1.363129760742187386e+02,4.688989325951934024e-03,4.688989325951934024e-03,1.566667482256889257e-03,5.905803154604370775e+00,6.896575307305795377e+00,2.199426269531272737e+00,9.952744736913595597e-05,9.952744736913595597e-05,3.333333879709256785e-05
3.209165859508257199e+02,3.670509132964913874e+02,1.385124023437500114e+02,4.788516773321069980e-03,4.788516773321069980e-03,1.600000821053981824e-03,5.848680262386267259e+00,6.840531924382730722e+00,2.181616210937477263e+00,9.951717192973382614e-05,9.951717192973382614e-05,3.333333879709235101e-05
3.267652662132119872e+02,3.738914452208741181e+02,1.406940185546874886e+02,4.888033945250803806e-03,4.888033945250803806e-03,1.633334159851074175e-03,5.818480881756670442e+00,6.787293332738215668e+00,2.173242187500022737e+00,9.950763992344451025e-05,9.950763992344451025e-05,3.333333879709256785e-05
3.325837470949686576e+02,3.806787385536123338e+02,1.428672607421875114e+02,4.987541585174248317e-03,4.987541585174248317e-03,1.666667498648166743e-03,5.788590897827759818e+00,6.739338497030416875e+00,2.150878906250000000e+00,9.949736849937558525e-05,9.949736849937558525e-05,3.333333879709235101e-05
3.383723379927964174e+02,3.874180770506427507e+02,1.450181396484375114e+02,5.087038953673623902e-03,5.087038953673623902e-03,1.700000837445259094e-03,5.756385041980422557e+00,6.702167278532385808e+00,2.128100585937488631e+00,9.948784035969555906e-05,9.948784035969555906e-05,3.333333879709235101e-05
3.441287230347768400e+02,3.941202443291751365e+02,1.471462402343750000e+02,5.186526794033319461e-03,5.186526794033319461e-03,1.733334176242351445e-03,5.735188991782194989e+00,6.676249725463094364e+00,2.131414794921880684e+00,9.947757294902128539e-05,9.947757294902128539e-05,3.333333879709256785e-05
3.498639120265590350e+02,4.007964940546382309e+02,1.492776550292968807e+02,5.286004366982340746e-03,5.286004366982340746e-03,1.766667515039444013e-03,5.716711128448707768e+00,6.658498121268451087e+00,2.136492919921863631e+00,9.946804867407097600e-05,9.946804867407097600e-05,3.333333879709235101e-05
3.555806231550077428e+02,4.074549921759066820e+02,1.514141479492187443e+02,5.385472415656411722e-03,5.385472415656411722e-03,1.800000853836536364e-03,5.701197500787998251e+00,6.637794725882372404e+00,2.147686767578136369e+00,9.945778527396722385e-05,9.945778527396722385e-05,3.333333879709256785e-05
3.612818206557957410e+02,4.140927869017890544e+02,1.535618347167968807e+02,5.484930200930378946e-03,5.484930200930378946e-03,1.833334192633628932e-03,5.616470520552013568e+00,6.600562389274330144e+00,2.107867431640613631e+00,9.944826486120526138e-05,9.944826486120526138e-05,3.333333879709235101e-05
3.668982911763477546e+02,4.206933492910633845e+02,1.556697021484374943e+02,5.584378465791584208e-03,5.584378465791584208e-03,1.866667531430721283e-03,5.523836073291079174e+00,6.553153210202708578e+00,2.076593017578119316e+00,9.943800546951576946e-05,9.943800546951576946e-05,3.333333879709235101e-05
3.724221272496388337e+02,4.272465025012660931e+02,1.577462951660156136e+02,5.683816471261099977e-03,5.683816471261099977e-03,1.900000870227813634e-03,5.492464733552026246e+00,6.516779702149960940e+00,2.091339111328125000e+00,9.942811853571372621e-05,9.942811853571372621e-05,3.333333879709256785e-05
3.779145919831908600e+02,4.337632822034160540e+02,1.598376342773437386e+02,5.783244589796813703e-03,5.783244589796813703e-03,1.933334209024906202e-03,5.450941355634256524e+00,6.473813549540409440e+00,2.060821533203125000e+00,9.941860391166155303e-05,9.941860391166155303e-05,3.333352506160723074e-05
3.833655333388251165e+02,4.402370957529564635e+02,1.618984558105468636e+02,5.882663193708475256e-03,5.882663193708475256e-03,1.966667734086513433e-03,5.434014656218778327e+00,6.444686023433575883e+00,2.040625000000034106e+00,9.940835052835682306e-05,9.940835052835682306e-05,3.333333879709235101e-05
3.887995479950438948e+02,4.466817817763900393e+02,1.639390808105468977e+02,5.982071544236832079e-03,5.982071544236832079e-03,2.000001072883605784e-03,5.362356536204799795e+00,6.404840295494295788e+00,2.000451660156215894e+00,9.939883976092106499e-05,9.939883976092106499e-05,3.333333879709278469e-05
3.941619045312486946e+02,4.530866220718843351e+02,1.659395324707031136e+02,6.081470383997753144e-03,6.081470383997753144e-03,2.033334411680698568e-03,5.328752855279049072e+00,6.384634317392169578e+00,1.995806884765642053e+00,9.938859037987232692e-05,9.938859037987232692e-05,3.333333879709235101e-05
3.994906573865277437e+02,4.594712563892765047e+02,1.679353393554687557e+02,6.180858974377625471e-03,6.180858974377625471e-03,2.066667750477790919e-03,5.123336011147841873e+00,6.330813428134547394e+00,1.896697998046875000e+00,9.937908346629650835e-05,9.937908346629650835e-05,3.333333879709235101e-05
4.046139933976755856e+02,4.658020698174110521e+02,1.698320373535156307e+02,6.280238057843921980e-03,6.280238057843921980e-03,2.100001089274883270e-03,4.814588444742582851e+00,6.248965793922195644e+00,1.733343505859380684e+00,9.936920824566916610e-05,9.936920824566916610e-05,3.333333879709235101e-05
4.094285818424181684e+02,4.720510356113332477e+02,1.715653808593750114e+02,6.379607266089591146e-03,6.379607266089591146e-03,2.133334428071975621e-03,4.889918669790063177e+00,6.255554949194163328e+00,1.781622314453102263e+00,9.935859474057701091e-05,9.935859474057701091e-05,3.333333879709235101e-05
4.143185005122082316e+02,4.783065905605274111e+02,1.733470031738281136e+02,6.478965860830168157e-03,6.478965860830168157e-03,2.166667766869067972e-03,4.912951084225312570e+00,6.250350310928979525e+00,1.801879882812500000e+00,9.934946376409861668e-05,9.934946376409861668e-05,3.333333879709278469e-05
4.192314515964335442e+02,4.845569408714563906e+02,1.751488830566406136e+02,6.578315324594266773e-03,6.578315324594266773e-03,2.200001105666160757e-03,4.913181725835272573e+00,6.230593443305963319e+00,1.790344238281250000e+00,9.933959442865424039e-05,9.933959442865424039e-05,3.333333879709235101e-05
4.241446333222688168e+02,4.907875343147623539e+02,1.769392272949218636e+02,6.677654919022921014e-03,6.677654919022921014e-03,2.233334444463253108e-03,4.896746854743241784e+00,6.214271531726069497e+00,1.778729248046886369e+00,9.932972705362433374e-05,9.932972705362433374e-05,3.333333879709235101e-05
4.290413801770120585e+02,4.970018058464884234e+02,1.787179565429687500e+02,6.776984646076545347e-03,6.776984646076545347e-03,2.266667783260345459e-03,4.798250026831510695e+00,6.173754819085161216e+00,1.729193115234380684e+00,9.931912168674623953e-05,9.931912168674623953e-05,3.333333879709235101e-05
4.338396302038435692e+02,5.031755606655735846e+02,1.804471496582031307e+02,6.876303767763291587e-03,6.876303767763291587e-03,2.300001122057437810e-03,4.322738412639523631e+00,6.031297161996462819e+00,1.455023193359380684e+00,9.930999825706263162e-05,9.930999825706263162e-05,3.333333879709235101e-05
4.381623686164830929e+02,5.092068578275700474e+02,1.819021728515625114e+02,6.975613766020354219e-03,6.975613766020354219e-03,2.333334460854530161e-03,3.769191646656054218e+00,5.853046251276623479e+00,1.134643554687500000e+00,9.930013676086660301e-05,9.930013676086660301e-05,3.333333879709278469e-05
4.419315602631391471e+02,5.150599040788466709e+02,1.830368164062500114e+02,7.074913902781220822e-03,7.074913902781220822e-03,2.366667799651622946e-03,3.553589756022347501e+00,5.761051854631773494e+00,9.455444335937386313e-01,9.928953749058569422e-05,9.928953749058569422e-05,3.333333879709235101e-05
4.454851500191614946e+02,5.208209559334784444e+02,1.839823608398437500e+02,7.174203440271806516e-03,7.174203440271806516e-03,2.400001138448715297e-03,1.572739039667339966e+00,5.075815377695334973e+00,-3.323486328125113687e-01,9.928041971579183722e-05,9.928041971579183722e-05,3.333333879709235101e-05
4.470578890588288345e+02,5.258967713111737794e+02,1.836500122070312386e+02,7.273483859987598353e-03,7.273483859987598353e-03,2.433334477245807648e-03,1.606540544191659592e+00,5.077550760576286848e+00,-2.873291015624772626e-01,9.927056409229483708e-05,9.927056409229483708e-05,3.333333879709235101e-05
4.486644296030204941e+02,5.309743220717500662e+02,1.833626831054687614e+02,7.372754424079893190e-03,7.372754424079893190e-03,2.466667816042899999e-03,2.082313938515653717e+00,5.231985581979415656e+00,2.478027343727262632e-03,9.926071042579056453e-05,9.926071042579056453e-05,3.333352506160744758e-05
4.507467435415361479e+02,5.362063076537294819e+02,1.833651611328124886e+02,7.472015134505683755e-03,7.472015134505683755e-03,2.500001341104507446e-03,1.799084629955245873e+00,5.090975183736532017e+00,-2.762023925781136313e-01,9.925011927653173971e-05,9.925011927653173971e-05,3.333333879709235101e-05
4.525458281714913937e+02,5.412972828374660139e+02,1.830889587402343750e+02,7.571265253782215494e-03,7.571265253782215494e-03,2.533334679901599797e-03,-3.884870646122635662e+00,2.882071720080602972e+00,-4.135540771484386369e+00,9.924100903304765992e-05,9.924100903304765992e-05,3.333333879709235101e-05
4.486609575253687581e+02,5.441793545575466169e+02,1.789534179687499886e+02,7.670506262815263154e-03,7.670506262815263154e-03,2.566668018698692148e-03,-1.070468719176091099e+01,-1.915013945068722023e-01,-9.450750732421852263e+00,9.923116123247179010e-05,9.923116123247179010e-05,3.333333879709278469e-05
4.379562703336078471e+02,5.439878531630397447e+02,1.695026672363281364e+02,7.769737424047734944e-03,7.769737424047734944e-03,2.600001357495784933e-03,-7.033300495540174779e+00,1.106071921291913895e+00,-7.246569824218767053e+00,9.922131538589971933e-05,9.922131538589971933e-05,3.333333879709235101e-05
4.309229698380676723e+02,5.450939250843316586e+02,1.622560974121093693e+02,7.868958739433634664e-03,7.868958739433634664e-03,2.633334696292877284e-03,-6.542419132100519619e+00,1.258169349998411235e+00,-6.966912841796869316e+00,9.921073234855047607e-05,9.921073234855047607e-05,3.333333879709235101e-05
4.243805507059671527e+02,5.463520944343300698e+02,1.552891845703125000e+02,7.968169471782185140e-03,7.968169471782185140e-03,2.666668035089969635e-03,-1.640823986135757195e+01,-3.446878400982313906e+00,-1.525989379882813068e+01,9.920162962685774577e-05,9.920162962685774577e-05,3.333333879709235101e-05
4.079723108446095807e+02,5.429052160333477559e+02,1.400292907714843693e+02,8.067371101409042886e-03,8.067371101409042886e-03,2.700001373887061986e-03,-1.766431999520597174e+01,-4.623789916326131788e+00,-1.690313720703123579e+01,9.919178963989187803e-05,9.919178963989187803e-05,3.333333879709235101e-05
3.903079908494036090e+02,5.382814261170216241e+02,1.231261535644531335e+02,8.166562891048934764e-03,8.166562891048934764e-03,2.733334712684154337e-03,-2.235293186312298985e+01,-7.499062499138290150e+00,-2.134061584472657103e+01,9.918121267944723929e-05,9.918121267944723929e-05,3.333333879709278469e-05
3.679550589862806191e+02,5.307823636178833340e+02,1.017855377197265625e+02,8.265744103728382003e-03,8.265744103728382003e-03,2.766668051481247122e-03,-2.431575182760758480e+01,-8.572526781999158629e+00,-2.296206054687499432e+01,9.917211559391098108e-05,9.917211559391098108e-05,3.333333879709235101e-05
3.436393071586730343e+02,5.222098368358841753e+02,7.882347717285156818e+01,8.364916219322292984e-03,8.364916219322292984e-03,2.800001390278339473e-03,-2.311880229627342942e+01,-8.277645872353673440e+00,-2.207718658447266336e+01,9.916228146044335501e-05,9.916228146044335501e-05,3.333333879709235101e-05
3.205205048623996049e+02,5.139321909635305019e+02,5.674629058837890483e+01,8.464078500782736339e-03,8.464078500782736339e-03,2.833334729075431824e-03,-1.745821865159422259e+01,-5.302598023276630101e+00,-1.703810424804687074e+01,9.915244927757339843e-05,9.915244927757339843e-05,3.333333879709235101e-05
3.030622862108053823e+02,5.086295929402538718e+02,3.970818634033203409e+01,8.563230950060309737e-03,8.563230950060309737e-03,2.866668067872524175e-03,-1.225198303346707007e+01,-2.543279535581120854e+00,-1.265488586425781392e+01,9.914188041192095735e-05,9.914188041192095735e-05,3.333333879709235101e-05
2.908103031773383123e+02,5.060863134046727509e+02,2.705330047607422017e+01,8.662372830472230695e-03,8.662372830472230695e-03,2.900001406669616526e-03,-1.153146112022670877e+01,-1.897235381629627682e+00,-1.166435394287109517e+01,9.913279083276042847e-05,9.913279083276042847e-05,3.333333879709278469e-05
2.792788420571116035e+02,5.041890780230431233e+02,1.538894653320312500e+01,8.761505621304991123e-03,8.761505621304991123e-03,2.933334745466709310e-03,-6.670145630960178096e+00,5.305860486250253416e-01,-7.477281761169432883e+00,9.912296449664584341e-05,9.912296449664584341e-05,3.333333879709235101e-05
2.726086964261514254e+02,5.047196640716681486e+02,7.911664772033692117e+00,8.860628585801636967e-03,8.860628585801636967e-03,2.966668084263801661e-03,-6.145615887370865948e+00,7.916024160979304725e-01,-6.856195259094238992e+00,9.911314010815040765e-05,9.911314010815040765e-05,3.333333879709235101e-05
2.664630805387805594e+02,5.055112664877660791e+02,1.055469512939453125e+00,8.959741725909787374e-03,8.959741725909787374e-03,3.000001423060894012e-03,-4.969597324943379135e+00,1.371784444810202785e+00,-5.903916168212890447e+00,9.910257932822449933e-05,9.910257932822449933e-05,3.333333879709235101e-05
2.614934832138371803e+02,5.068830509325762819e+02,-4.848446655273437322e+00,9.058844305238011874e-03,9.058844305238011874e-03,3.033334761857986363e-03,-4.844560513977285154e+00,1.415065892836139483e+00,-5.805362486839293901e+00,9.909349724595770126e-05,9.909349724595770126e-05,3.333352506160744758e-05
2.566489226998598951e+02,5.082981168254124213e+02,-1.065380914211273122e+01,9.157937802483969575e-03,9.157937802483969575e-03,3.066668286919593811e-03,-6.060702232507424014e+00,7.213933395219100930e-01,-6.738741898536684261e+00,9.908367869792579496e-05,9.908367869792579496e-05,3.333333879709235101e-05
2.505882204673524711e+02,5.090195101649343314e+02,-1.739255104064941548e+01,9.257021481181895370e-03,9.257021481181895370e-03,3.100001625716686162e-03,-2.896320609810004498e+00,2.437604505962838175e+00,-4.108325576782227984e+00,9.907312397528997283e-05,9.907312397528997283e-05,3.333333879709235101e-05
2.476918998575424666e+02,5.114571146708971696e+02,-2.150087661743164347e+01,9.356094605157185343e-03,9.356094605157185343e-03,3.133334964513778513e-03,-2.294255318649760511e+00,2.780115004706033233e+00,-3.584006500244136362e+00,9.906404751053483893e-05,9.906404751053483893e-05,3.333315253257768812e-05
2.453976445388927061e+02,5.142372296756032028e+02,-2.508488311767577983e+01,9.455158652667720182e-03,9.455158652667720182e-03,3.166668117046356201e-03,-2.083231120344549936e+00,2.875305757762703252e+00,-3.440922546386719461e+00,9.905423479688452160e-05,9.905423479688452160e-05,3.333352506160744758e-05
2.433144134185481562e+02,5.171125354333659061e+02,-2.852580566406249929e+01,9.554212887464604703e-03,9.554212887464604703e-03,3.200001642107963649e-03,-1.784017188000234455e+00,3.009867438622109148e+00,-3.148226165771486507e+00,9.904442402746370389e-05,9.904442402746370389e-05,3.333315253257725444e-05
2.415303962305479217e+02,5.201224028719880152e+02,-3.167403182983398580e+01,9.653257311492068407e-03,9.653257311492068407e-03,3.233334794640540903e-03,-1.581601955512468294e+00,3.093732014744318803e+00,-2.979951477050782671e+00,9.903387737350728692e-05,9.903387737350728692e-05,3.333352506160744758e-05
2.399487942750354534e+02,5.232161348867323341e+02,-3.465398330688476847e+01,9.752291188865575694e-03,9.752291188865575694e-03,3.266668319702148351e-03,-1.327866797476218608e+00,3.179791808939171460e+00,-2.811728668212886362e+00,9.902480839029878523e-05,9.902480839029878523e-05,3.333315253257768812e-05
2.386209274775592348e+02,5.263959266956715055e+02,-3.746571197509765483e+01,9.851315997255874479e-03,9.851315997255874479e-03,3.300001472234726039e-03,-1.564409376178531375e+00,3.072704241819451454e+00,-2.914802551269531250e+00,9.901500344854617663e-05,9.901500344854617663e-05,3.333352506160744758e-05
2.370565181013807035e+02,5.294686309374909570e+02,-4.038051452636718608e+01,9.950331000704420656e-03,9.950331000704420656e-03,3.333334997296333486e-03,-1.719962597084759182e+00,3.015152577972003201e+00,-2.980068969726566763e+00,9.900520044805495579e-05,9.900520044805495579e-05,3.333352506160701390e-05
2.353365555042959443e+02,5.324837835154629602e+02,-4.336058349609375284e+01,1.004933620115247561e-02,1.004933620115247561e-02,3.366668522357940500e-03,-1.331099811173572789e+00,3.209886617768233918e+00,-2.699488830566409092e+00,9.899466185375044303e-05,9.899466185375044303e-05,3.333315253257768812e-05
2.340054556931223715e+02,5.356936701332311941e+02,-4.606007232666016193e+01,1.014833086300622605e-02,1.014833086300622605e-02,3.400001674890518188e-03,-1.231719052192204344e+00,3.204395019611752105e+00,-2.582470703124997158e+00,9.898560034264820839e-05,9.898560034264820839e-05,3.333352506160744758e-05
2.327737366409301671e+02,5.388980651528429462e+02,-4.864254302978515909e+01,1.024731646334887426e-02,1.024731646334887426e-02,3.433335199952125636e-03,-1.364903154286309928e+00,3.197322462280794753e+00,-2.493811035156248579e+00,9.897580316356457963e-05,9.897580316356457963e-05,3.333315253257725444e-05
2.314088334866438572e+02,5.420953876151237409e+02,-5.113635406494140767e+01,1.034629226651243884e-02,1.034629226651243884e-02,3.466668352484702890e-03,-1.192263151174273617e+00,3.270327369081996949e+00,-2.337945556640626421e+00,9.896527060702063616e-05,9.896527060702063616e-05,3.333352506160744758e-05
2.302165703354695836e+02,5.453657149842057379e+02,-5.347429962158203409e+01,1.044525753711945948e-02,1.044525753711945948e-02,3.500001877546310338e-03,-1.211624948794366219e+00,3.331610289631271371e+00,-2.257734680175779829e+00,9.895621469486678978e-05,9.895621469486678978e-05,3.333315253257768812e-05
2.290049453866752174e+02,5.486973252738370093e+02,-5.573203430175781392e+01,1.054421375181432627e-02,1.054421375181432627e-02,3.533335030078888026e-03,-1.187119922432060548e+00,3.377809534113225709e+00,-2.221012878417973013e+00,9.894642333112789456e-05,9.894642333112789456e-05,3.333352506160744758e-05
2.278178254642431568e+02,5.520751348079502350e+02,-5.795304718017578693e+01,1.064316017514545416e-02,1.064316017514545416e-02,3.566668555140495474e-03,-1.736710362522586593e+00,3.113132201388111753e+00,-2.696803283691401987e+00,9.893663390527981938e-05,9.893663390527981938e-05,3.333315253257725444e-05
2.260811151017205702e+02,5.551882670093383467e+02,-6.064985046386718892e+01,1.074209680905073398e-02,1.074209680905073398e-02,3.600001707673072728e-03,-1.462343582845591072e+00,3.320606190492753740e+00,-2.318704223632806816e+00,9.892610939141351090e-05,9.892610939141351090e-05,3.333352506160744758e-05
2.246187715188749792e+02,5.585088731998311005e+02,-6.296855468749999574e+01,1.084102291844214749e-02,1.084102291844214749e-02,3.633335232734680176e-03,-8.296267566780954894e-01,3.602782626403950417e+00,-1.914138793945319605e+00,9.891706093608822192e-05,9.891706093608822192e-05,3.333315253257768812e-05
2.237891447621968837e+02,5.621116558262350509e+02,-6.488269348144531534e+01,1.093993997937823572e-02,1.093993997937823572e-02,3.666668385267257864e-03,-6.085677774961197883e-01,3.679909356352709437e+00,-1.742514038085928973e+00,9.890727731890272545e-05,9.890727731890272545e-05,3.333352506160701390e-05
2.231805769847007639e+02,5.657915651825877603e+02,-6.662520751953124432e+01,1.103884725669713844e-02,1.103884725669713844e-02,3.700001910328864878e-03,-6.016565961059541223e-01,3.682551887102818000e+00,-1.711013793945312500e+00,9.889749563664861076e-05,9.889749563664861076e-05,3.333315253257768812e-05
2.225789203885948098e+02,5.694741170696905783e+02,-6.833622131347655682e+01,1.113774475233378705e-02,1.113774475233378705e-02,3.733335062861442566e-03,-7.628573018546660478e-01,3.626185606928856942e+00,-1.617590332031255684e+00,9.888697915647580439e-05,9.888697915647580439e-05,3.333352506160744758e-05
2.218160630867401437e+02,5.731003026766194353e+02,-6.995381164550781250e+01,1.123663173149026286e-02,1.123663173149026286e-02,3.766668587923050013e-03,-7.039481782105099228e-01,3.679733723264121181e+00,-1.448672485351565342e+00,9.887793814857687158e-05,9.887793814857687158e-05,3.333315253257725444e-05
2.211121149085296338e+02,5.767800363998835564e+02,-7.140248413085937784e+01,1.133550966963883973e-02,1.133550966963883973e-02,3.800001740455627268e-03,-7.307868235264152190e-01,3.673486229597415331e+00,-1.449798583984360789e+00,9.886816226875420888e-05,9.886816226875420888e-05,3.333352506160744758e-05
2.203813280850032186e+02,5.804535226294809718e+02,-7.285228271484373863e+01,1.143437783190759394e-02,1.143437783190759394e-02,3.833335265517234716e-03,-7.952474836293959015e-01,3.644613544978369646e+00,-1.446612548828142053e+00,9.885765180690092579e-05,9.885765180690092579e-05,3.333315253257768812e-05
2.195860806013738227e+02,5.840981361744593414e+02,-7.429889526367188068e+01,1.153323548371449486e-02,1.153323548371449486e-02,3.866668418049812404e-03,-9.807307566611882521e-01,3.591082636086753155e+00,-1.452368164062505684e+00,9.884861637946343316e-05,9.884861637946343316e-05,3.333352506160744758e-05
2.186053498447126344e+02,5.876892188105460946e+02,-7.575126342773438637e+01,1.163208410009395830e-02,1.163208410009395830e-02,3.900001943111419851e-03,-8.567018215071868781e-01,3.629031973442465642e+00,-1.398852539062488631e+00,9.883884629603538474e-05,9.883884629603538474e-05,3.333352506160701390e-05
2.177486480232054475e+02,5.913182507839885602e+02,-7.715011596679687500e+01,1.173092294638999368e-02,1.173092294638999368e-02,3.933335468173026865e-03,-8.297992046641411434e-01,3.644758224877136854e+00,-1.386511230468755684e+00,9.882907814418376291e-05,9.882907814418376291e-05,3.333315253257768812e-05
2.169188488185413064e+02,5.949630090088656971e+02,-7.853662719726563068e+01,1.182975202453417744e-02,1.182975202453417744e-02,3.966668620705604553e-03,-7.435424305240303511e-01,3.691125207466711799e+00,-1.334738159179693184e+00,9.881857569911910166e-05,9.881857569911910166e-05,3.333352506160701390e-05
2.161753063880172760e+02,5.986541342163324089e+02,-7.987136535644532387e+01,1.192857060023329654e-02,1.192857060023329654e-02,4.000002145767211567e-03,-6.203437652624472776e-01,3.741262443862410692e+00,-1.301403808593732947e+00,9.880954770390137920e-05,9.880954770390137920e-05,3.333315253257768812e-05
2.155549626227548288e+02,6.023953966601948196e+02,-8.117276916503905682e+01,1.202738014793719792e-02,1.202738014793719792e-02,4.033335298299789255e-03,-6.188395858317221609e-01,3.748662279322275026e+00,-1.277331542968752842e+00,9.879978534178997240e-05,9.879978534178997240e-05,3.333352506160788126e-05
2.149361230369231066e+02,6.061440589395170946e+02,-8.245010070800780966e+01,1.212617993327898790e-02,1.212617993327898790e-02,4.066668823361397136e-03,-7.053921715663307168e-01,3.749292358924321888e+00,-1.169604492187502842e+00,9.879002490830769700e-05,9.879002490830769700e-05,3.333315253257682076e-05
2.142307308653567759e+02,6.098933512984414165e+02,-8.361970520019531250e+01,1.222496995818729559e-02,1.222496995818729559e-02,4.100001975893973957e-03,-7.322300291872920752e-01,3.738799399038157389e+00,-1.114944458007812500e+00,9.877953047108915807e-05,9.877953047108915807e-05,3.333352506160788126e-05
2.134985008361694838e+02,6.136321506974795739e+02,-8.473464965820312500e+01,1.232374948865838475e-02,1.232374948865838475e-02,4.133335500955581839e-03,-7.972914245483764262e-01,3.725584898223473829e+00,-1.068408203124988631e+00,9.877050989872543374e-05,9.877050989872543374e-05,3.333315253257768812e-05
2.127012094116211074e+02,6.173577355957030477e+02,-8.580305786132811363e+01,1.242251999855711019e-02,1.242251999855711019e-02,4.166668653488159527e-03,-8.815315127834537634e-01,3.687149704370426662e+00,-1.079556274414073869e+00,9.876075524878173695e-05,9.876075524878173695e-05,3.333352506160701390e-05
2.118196778988376536e+02,6.210448853000734744e+02,-8.688261413574218750e+01,1.252128075380589192e-02,1.252128075380589192e-02,4.200002178549766541e-03,-9.311827411918613961e-01,3.645142635492220506e+00,-1.122012329101551131e+00,9.875100252496396558e-05,9.875100252496396558e-05,3.333315253257768812e-05
2.108884951576457922e+02,6.246900279355656949e+02,-8.800462646484373863e+01,1.262003175633085589e-02,1.262003175633085589e-02,4.233335331082344229e-03,-9.649988988196298578e-01,3.651883691617740624e+00,-1.086227416992201711e+00,9.874125172757743096e-05,9.874125172757743096e-05,3.333352506160701390e-05
2.099234962588261624e+02,6.283419116271834355e+02,-8.909085388183594034e+01,1.271877300805843332e-02,1.271877300805843332e-02,4.266668856143951243e-03,-9.653669824995461113e-01,3.669259076768412342e+00,-1.023434448242184658e+00,9.873003171682707968e-05,9.873003171682707968e-05,3.333315253257768812e-05
2.089581292763266163e+02,6.320111707039518478e+02,-9.011428833007812500e+01,1.281750303977526040e-02,1.281750303977526040e-02,4.300002008676528931e-03,-9.858164347697595531e-01,3.615760930440956145e+00,-1.026974487304698869e+00,9.872175605328548098e-05,9.872175605328548098e-05,3.333352506160701390e-05
2.079723128415568567e+02,6.356269316343928040e+02,-9.114126281738282387e+01,1.291622479582854588e-02,1.291622479582854588e-02,4.333335533738135945e-03,-1.017167471541000623e+00,3.539540096922564771e+00,-1.124114990234360789e+00,9.871201102998501675e-05,9.871201102998501675e-05,3.333315253257768812e-05
2.069551453700158561e+02,6.391664717313153687e+02,-9.226537780761718466e+01,1.301493680685853090e-02,1.301493680685853090e-02,4.366668686270713633e-03,-1.015987093538228692e+00,3.509306055346996800e+00,-1.145983886718752842e+00,9.870226793083636263e-05,9.870226793083636263e-05,3.333352506160788126e-05
2.059391582764776274e+02,6.426757777866623655e+02,-9.341136169433593750e+01,1.311363907478936726e-02,1.311363907478936726e-02,4.400002211332321514e-03,-1.065446566615491975e+00,3.559414381927354043e+00,-9.876647949218693157e-01,9.869252675460959967e-05,9.869252675460959967e-05,3.333315253257682076e-05
2.048737117098621354e+02,6.462351921685897196e+02,-9.439902648925780682e+01,1.321233160154397686e-02,1.321233160154397686e-02,4.433335363864898335e-03,-1.086183705728444693e+00,3.562726971216989114e+00,-8.852020263671960265e-01,9.868278750073747330e-05,9.868278750073747330e-05,3.333352506160788126e-05
2.037875280041336907e+02,6.497979191398067087e+02,-9.528422851562500284e+01,1.331101438904471433e-02,1.331101438904471433e-02,4.466668888926506216e-03,-1.073028116564216816e+00,3.596326567360620174e+00,-8.229949951171846578e-01,9.867305016930671968e-05,9.867305016930671968e-05,3.333352506160701390e-05
2.027144998875694739e+02,6.533942457071673289e+02,-9.610722351074218750e+01,1.340968743921402105e-02,1.340968743921402105e-02,4.500002413988113230e-03,-1.056070043258415581e+00,3.666213678198346315e+00,-7.454223632812500000e-01,9.866331475887231417e-05,9.866331475887231417e-05,3.333315253257768812e-05
2.016584298443110583e+02,6.570604593853656752e+02,-9.685264587402343750e+01,1.350835075397289337e-02,1.350835075397289337e-02,4.533335566520690918e-03,-9.841406852880254519e-01,3.677961238652187603e+00,-7.182678222656306843e-01,9.865211129240179788e-05,9.865211129240179788e-05,3.333352506160701390e-05
2.006742891590230329e+02,6.607384206240178628e+02,-9.757091369628906818e+01,1.360700286526529516e-02,1.360700286526529516e-02,4.566669091582297932e-03,-9.723342588599166447e-01,3.669071688480812554e+00,-7.239440917968664735e-01,9.864384984546899215e-05,9.864384984546899215e-05,3.333315253257768812e-05
1.997019549001631162e+02,6.644074923124986753e+02,-9.829485778808593466e+01,1.370564671511076416e-02,1.370564671511076416e-02,4.600002244114875620e-03,-9.644232399705572334e-01,3.672654053202904834e+00,-6.529876708984403422e-01,9.863412019633921446e-05,9.863412019633921446e-05,3.333352506160788126e-05
1.987375316601925590e+02,6.680801463657015802e+02,-9.894784545898437500e+01,1.380428083530710337e-02,1.380428083530710337e-02,4.633335769176483501e-03,-9.169128253221572322e-01,3.680742833941849312e+00,-6.160858154296988687e-01,9.862439246593156239e-05,9.862439246593156239e-05,3.333315253257682076e-05
1.978206188348704018e+02,6.717608891996434295e+02,-9.956393127441407387e+01,1.390290522777303493e-02,1.390290522777303493e-02,4.666668921709060322e-03,-7.901369760542422682e-01,3.678484827573697657e+00,-6.137939453124943157e-01,9.861466665455481673e-05,9.861466665455481673e-05,3.333352506160788126e-05
1.970304818588161595e+02,6.754393740272171271e+02,-1.001777252197265682e+02,1.400151989442758975e-02,1.400151989442758975e-02,4.700002446770668203e-03,-7.384724206900159515e-01,3.682663735268988603e+00,-5.622070312499971578e-01,9.860494276098599742e-05,9.860494276098599742e-05,3.333315253257768812e-05
1.962920094381261436e+02,6.791220377624861158e+02,-1.007399322509765653e+02,1.410012483718857575e-02,1.410012483718857575e-02,4.733335599303245891e-03,-7.844337686793210196e-01,3.666141646858818604e+00,-5.235717773437471578e-01,9.859522078465611516e-05,9.859522078465611516e-05,3.333352506160701390e-05
1.955075756694468225e+02,6.827881794093449344e+02,-1.012635040283203125e+02,1.419872005797323186e-02,1.419872005797323186e-02,4.766669124364852905e-03,-7.591953978303820350e-01,3.644462202433828679e+00,-5.505706787109261313e-01,9.858403176247684807e-05,9.858403176247684807e-05,3.333315253257768812e-05
1.947483802716164405e+02,6.864326416117787630e+02,-1.018140747070312386e+02,1.429730408973570871e-02,1.429730408973570871e-02,4.800002276897430593e-03,-7.568346360671398543e-01,3.579731248971711466e+00,-5.887298583984375000e-01,9.857578272756163662e-05,9.857578272756163662e-05,3.333352506160701390e-05
1.939915456355493006e+02,6.900123728607504745e+02,-1.024028045654296761e+02,1.439587987246327035e-02,1.439587987246327035e-02,4.833335801959037607e-03,-7.585853224120171490e-01,3.561399873425784790e+00,-6.299621582031420530e-01,9.856606650039852202e-05,9.856606650039852202e-05,3.333315253257768812e-05
1.932329603131372835e+02,6.935737727341762593e+02,-1.030327667236328182e+02,1.449444593896366887e-02,1.449444593896366887e-02,4.866668954491615295e-03,-7.539946061700675273e-01,3.465275812322261118e+00,-6.763610839843750000e-01,9.855635218820706089e-05,9.855635218820706089e-05,3.333352506160701390e-05
1.924789657069672160e+02,6.970390485464985204e+02,-1.037091278076171932e+02,1.459300229115187593e-02,1.459300229115187593e-02,4.900002479553222309e-03,-7.644659248401239893e-01,3.432449026563517691e+00,-6.657897949218636313e-01,9.854663979108092831e-05,9.854663979108092831e-05,3.333315253257768812e-05
1.917144997821270920e+02,7.004714975730620381e+02,-1.043749176025390568e+02,1.469154893094295686e-02,1.469154893094295686e-02,4.933335632085799997e-03,-6.451044541594512793e-01,3.188752987773341374e+00,-8.656433105468863687e-01,9.853692930757509960e-05,9.853692930757509960e-05,3.333352506160788126e-05
1.910693953279676407e+02,7.036602505608353795e+02,-1.052405609130859432e+02,1.479008586025053196e-02,1.479008586025053196e-02,4.966669157147407879e-03,-5.662234021321239652e-01,2.357741797124504046e+00,-1.632482910156241473e+00,9.852722073800182501e-05,9.852722073800182501e-05,3.333352506160701390e-05
1.905031719258355167e+02,7.060179923579598835e+02,-1.068730438232421847e+02,1.488861308098853378e-02,1.488861308098853378e-02,5.000002682209014893e-03,-4.600211153379802909e-01,2.424311959304304764e+00,-1.429241943359372158e+00,9.851604613093402352e-05,9.851604613093402352e-05,3.333315253257768812e-05
1.900431508104975364e+02,7.084423043172641883e+02,-1.083022857666015568e+02,1.498712912711946781e-02,1.498712912711946781e-02,5.033335834741592581e-03,-4.869327083981431770e-01,2.546868621687053746e+00,-1.201266479492190342e+00,9.850780948123319392e-05,9.850780948123319392e-05,3.333352506160701390e-05
1.895562181020993933e+02,7.109891729389512420e+02,-1.095035522460937472e+02,1.508563693660070100e-02,1.508563693660070100e-02,5.066669359803199595e-03,-5.657081602380173990e-01,2.452618422507271134e+00,-1.167346191406252842e+00,9.849810664828290152e-05,9.849810664828290152e-05,3.333315253257768812e-05
1.889905099418613759e+02,7.134417913614585132e+02,-1.106708984375000000e+02,1.518413504324898390e-02,1.518413504324898390e-02,5.100002512335777283e-03,-5.971454895702663634e-01,2.455021382442851063e+00,-1.086169433593752842e+00,9.848840572700308382e-05,9.848840572700308382e-05,3.333352506160701390e-05
1.883933644522911095e+02,7.158968127439013642e+02,-1.117570678710937528e+02,1.528262344897598699e-02,1.528262344897598699e-02,5.133336037397384297e-03,-5.808541519235177475e-01,2.287695592359341390e+00,-1.123229980468750000e+00,9.847870671617249549e-05,9.847870671617249549e-05,3.333315253257768812e-05
1.878125103003675918e+02,7.181845083362607056e+02,-1.128802978515625028e+02,1.538110215569215948e-02,1.538110215569215948e-02,5.166669189929961985e-03,-6.420916863618515436e-01,1.243522204241230611e+00,-1.797094726562491473e+00,9.846900961522735141e-05,9.846900961522735141e-05,3.333352506160788126e-05
1.871704186140057402e+02,7.194280305405019362e+02,-1.146773925781249943e+02,1.547957116530738683e-02,1.547957116530738683e-02,5.200002714991569866e-03,-1.442589513402765533e-01,-3.138921284066782391e-01,-3.844299316406250000e-01,6.153532664860197898e-06,6.153532664860197898e-06,2.083182334899728871e-06
1.870261596626654637e+02,7.191141384120952580e+02,-1.150618225097656193e+02,1.548572469797224703e-02,1.548572469797224703e-02,5.202085897326469595e-03,-7.159187051040849781e+01,-4.834860998066409934e+02,-1.791333007812511369e+00,9.818289865381156500e-05,9.818289865381156500e-05,3.324002027511614027e-05
1.154342891522569658e+02,2.356280386054542646e+02,-1.168531555175781307e+02,1.558390759662605859e-02,1.558390759662605859e-02,5.235325917601585735e-03,4.730423470455065171e-01,9.846599272248681700e-01,-6.709472656249886313e-01,1.013506256448831744e-04,1.013506256448831744e-04,3.431625664234144030e-05
1.159073314993024724e+02,2.366126985326791328e+02,-1.175241027832031193e+02,1.568525822227094177e-02,1.568525822227094177e-02,5.269642174243927175e-03,4.743554388721378245e-01,9.005549603419638061e-01,-7.340148925781306843e-01,1.578536741760408479e-04,1.578536741760408479e-04,5.345381796359981175e-05
1.163816869381746102e+02,2.375132534930210966e+02,-1.182581176757812500e+02,1.584311189644698262e-02,1.584311189644698262e-02,5.323095992207526987e-03,-1.514358269944580115e-01,-7.132969911146176401e-01,4.584899902343693157e-01,9.842352871949205939e-05,9.842352871949205939e-05,3.333315253257768812e-05
1.162302511111801522e+02,2.367999565019064789e+02,-1.177996276855468807e+02,1.594153542516647468e-02,1.594153542516647468e-02,5.356429144740104675e-03,-4.984812641051803439e-01,-1.672501371756140998e+00,1.227508544921875000e+00,9.841384248204798624e-05,9.841384248204798624e-05,3.333352506160701390e-05
1.157317698470749718e+02,2.351274551301503379e+02,-1.165721191406250057e+02,1.603994926764852266e-02,1.603994926764852266e-02,5.389762669801711689e-03,-2.794361565022995819e-01,-1.089100582614520363e+00,7.093811035156250000e-01,9.840415815071806849e-05,9.840415815071806849e-05,3.333315253257768812e-05
1.154523336905726723e+02,2.340383545475358176e+02,-1.158627380371093807e+02,1.613835342579924073e-02,1.613835342579924073e-02,5.423095822334289377e-03,-1.387996937559421440e-01,-7.152280813837421647e-01,3.780761718749943157e-01,9.839447572494372518e-05,9.839447572494372518e-05,3.333352506160788126e-05
1.153135339968167301e+02,2.333231264661520754e+02,-1.154846618652343864e+02,1.623674790152418446e-02,1.623674790152418446e-02,5.456429347395897259e-03,-1.201426853158693575e-01,-6.699101783154901568e-01,3.203491210937556843e-01,9.838479520481169249e-05,9.838479520481169249e-05,3.333315253257682076e-05
1.151933913115008608e+02,2.326532162878365853e+02,-1.151643127441406307e+02,1.633513269672899615e-02,1.633513269672899615e-02,5.489762499928474079e-03,-1.338685850537757460e-01,-7.162094165687449276e-01,3.391174316406306843e-01,9.837365076057272284e-05,9.837365076057272284e-05,3.333352506160788126e-05
1.150595227264470850e+02,2.319370068712678403e+02,-1.148251953125000000e+02,1.643350634748956887e-02,1.643350634748956887e-02,5.523096024990081961e-03,-2.454799114868819743e-01,-1.069110926335724798e+00,5.743652343749943157e-01,9.836544002166103251e-05,9.836544002166103251e-05,3.333315253257768812e-05
1.148140428149602030e+02,2.308678959449321155e+02,-1.142508300781250057e+02,1.653187178751122990e-02,1.653187178751122990e-02,5.556429177522659649e-03,-8.632252135283238204e-01,-2.953178774043038857e+00,1.996057128906244316e+00,9.835576521331074185e-05,9.835576521331074185e-05,3.333352506160701390e-05
1.139508176014318792e+02,2.279147171708890767e+02,-1.122547729492187614e+02,1.663022755272454065e-02,1.663022755272454065e-02,5.589762702584266663e-03,-4.709244193592070360e-01,-1.714256094590325574e+00,1.116320800781267053e+00,9.834609230835456017e-05,9.834609230835456017e-05,3.333352506160701390e-05
1.134798931820726722e+02,2.262004610762987511e+02,-1.111384521484374943e+02,1.672857364503289521e-02,1.672857364503289521e-02,5.623096227645873676e-03,-5.346791396143544262e-01,-1.791689699145592840e+00,1.258392333984375000e+00,9.833642130536307535e-05,9.833642130536307535e-05,3.333315253257768812e-05
1.129452140424583177e+02,2.244087713771531583e+02,-1.098800598144531193e+02,1.682691006633825828e-02,1.682691006633825828e-02,5.656429380178451365e-03,-4.497658508859530002e-01,-1.545302843500678591e+00,1.057006835937500000e+00,9.832675220464159871e-05,9.832675220464159871e-05,3.333352506160788126e-05
1.124954481915723647e+02,2.228634685336524797e+02,-1.088230529785156193e+02,1.692523681854289988e-02,1.692523681854289988e-02,5.689762905240059246e-03,-4.077641462309173903e-01,-1.466169540222921341e+00,9.237854003906136313e-01,9.831708500497929326e-05,9.831708500497929326e-05,3.333315253257682076e-05
1.120876840453414474e+02,2.213972989934295583e+02,-1.078992675781250057e+02,1.702355390354787917e-02,1.702355390354787917e-02,5.723096057772636067e-03,-3.683331009312809101e-01,-1.398139511737127805e+00,8.152923583984375000e-01,9.830595488616658550e-05,9.830595488616658550e-05,3.333352506160788126e-05
1.117193509444101664e+02,2.199991594816924305e+02,-1.070839752197265682e+02,1.712185985843404576e-02,1.712185985843404576e-02,5.756429582834243948e-03,-6.968046855549943075e-01,-2.348252786801424463e+00,1.625149536132823869e+00,9.829775645099972370e-05,9.829775645099972370e-05,3.333315253257768812e-05
1.110225462588551721e+02,2.176509066948910061e+02,-1.054588256835937443e+02,1.722015761488504548e-02,1.722015761488504548e-02,5.789762735366821636e-03,-5.087890154919563201e-01,-1.884076023281437529e+00,1.205029296874997158e+00,9.828809495199611335e-05,9.828809495199611335e-05,3.333352506160701390e-05
1.105137572433632158e+02,2.157668306716095685e+02,-1.042537963867187472e+02,1.731844570983704160e-02,1.731844570983704160e-02,5.823096260428428650e-03,-1.778333535678342514e-01,-9.590985111211693948e-01,4.149902343749971578e-01,9.827843535180000312e-05,9.827843535180000312e-05,3.333315253257768812e-05
1.103359238897953816e+02,2.148077321604883991e+02,-1.038388061523437500e+02,1.741672414518884160e-02,1.741672414518884160e-02,5.856429412961006338e-03,-6.617775921745305823e-02,-7.202283501117676678e-01,4.249572753906250000e-02,9.826877764985975094e-05,9.826877764985975094e-05,3.333352506160701390e-05
1.102697461305779285e+02,2.140875038103766315e+02,-1.037963104248046875e+02,1.751499292283870135e-02,1.751499292283870135e-02,5.889762938022613352e-03,-4.908512864916758645e-02,-7.353324692205660540e-01,-5.299377441406250000e-02,9.825912184627597079e-05,9.825912184627597079e-05,3.333315253257768812e-05
1.102206610019287609e+02,2.133521713411560654e+02,-1.038493041992187500e+02,1.761325204468497732e-02,1.761325204468497732e-02,5.923096090555191040e-03,-3.762847894532228565e-02,-7.294424735475217858e-01,-8.285827636719034217e-02,9.824946793960884217e-05,9.824946793960884217e-05,3.333352506160701390e-05
1.101830325229834386e+02,2.126227288676085436e+02,-1.039321624755859403e+02,1.771150151262458616e-02,1.771150151262458616e-02,5.956429615616798054e-03,-5.704817161505104650e-02,-8.371529998255482496e-01,-1.025451660156164735e-01,9.823835211779721743e-05,9.823835211779721743e-05,3.333315253257768812e-05
1.101259843513683876e+02,2.117855758677829954e+02,-1.040347076416015568e+02,1.780973986474238338e-02,1.780973986474238338e-02,5.989762768149375742e-03,-4.960478319641481448e-02,-8.226566958616103875e-01,-1.384216308593835265e-01,9.823016596032310699e-05,9.823016596032310699e-05,3.333352506160788126e-05
1.100763795681719728e+02,2.109629191719213850e+02,-1.041731292724609403e+02,1.790797003070270649e-02,1.790797003070270649e-02,6.023096293210983623e-03,-6.786216727995508791e-02,-8.125313279925308052e-01,-8.591308593749147349e-02,9.822051774277529290e-05,9.822051774277529290e-05,3.333315253257682076e-05
1.100085174008920177e+02,2.101503878439288542e+02,-1.042590423583984318e+02,1.800619054844548178e-02,1.800619054844548178e-02,6.056429445743560444e-03,-9.385641528935195765e-02,-8.023034875315033787e-01,-4.577636718750000000e-03,9.821087141990633707e-05,9.821087141990633707e-05,3.333352506160788126e-05
1.099146609856026657e+02,2.093480843563973508e+02,-1.042636199951171818e+02,1.810440141986538812e-02,1.810440141986538812e-02,6.089762970805168325e-03,-8.171919419271489460e-02,-7.721079729508346645e-01,6.500244140568156581e-04,9.820122699204236749e-05,9.820122699204236749e-05,3.333315253257768812e-05
1.098329417914099508e+02,2.085759763834465161e+02,-1.042629699707031250e+02,1.820260264685743049e-02,1.820260264685743049e-02,6.123096123337746013e-03,-6.413296253417399839e-02,-7.138060963793577685e-01,3.088684082031534217e-02,9.819158445796213885e-05,9.819158445796213885e-05,3.333352506160701390e-05
1.097688088288757768e+02,2.078621702870671584e+02,-1.042320831298828097e+02,1.830079423131539262e-02,1.830079423131539262e-02,6.156429648399353027e-03,-8.743600775231641364e-02,-7.453081001467580791e-01,1.242218017577982891e-01,9.818194381710707019e-05,9.818194381710707019e-05,3.333352506160701390e-05
1.096813728211234604e+02,2.071168621869204003e+02,-1.041078613281250114e+02,1.839897617513249969e-02,1.839897617513249969e-02,6.189763173460960041e-03,-6.218751929294796810e-02,-6.493862002994887916e-01,2.526855468751421085e-02,9.817230506957430602e-05,9.817230506957430602e-05,3.333315253257768812e-05
1.096191853018305125e+02,2.064674759866209115e+02,-1.040825927734374972e+02,1.849714848020207400e-02,1.849714848020207400e-02,6.223096325993537729e-03,-6.928131785031155232e-04,-4.893777075743344085e-01,-1.900695800781306843e-01,9.816120555103738377e-05,9.816120555103738377e-05,3.333352506160788126e-05
1.096184924886520093e+02,2.059780982790465771e+02,-1.042726623535156278e+02,1.859530968575311138e-02,1.859530968575311138e-02,6.256429851055145611e-03,-1.282133627061909920e-02,-5.403836088835021201e-01,-1.696899414062471578e-01,9.815303339407235872e-05,9.815303339407235872e-05,3.333315253257682076e-05
1.096056711523813902e+02,2.054377146701630750e+02,-1.044423522949218750e+02,1.869346271914718374e-02,1.869346271914718374e-02,6.289763003587722431e-03,-4.180787950876663217e-02,-6.708873903234575664e-01,-2.865997314453068157e-01,9.814340032139601266e-05,9.814340032139601266e-05,3.333315253257768812e-05
1.095638632728726236e+02,2.047668272798396174e+02,-1.047289520263671818e+02,1.879160611946857976e-02,1.879160611946857976e-02,6.323096156120300119e-03,-4.207943293390314921e-02,-6.947830659435396683e-01,-3.323760986328210265e-01,9.813376913981458616e-05,9.813376913981458616e-05,3.333389759063720703e-05
1.095217838399387205e+02,2.040720442138960777e+02,-1.050613281250000028e+02,1.888973988860839434e-02,1.888973988860839434e-02,6.356430053710937327e-03,-7.133866607408378968e-02,-8.286768934808605991e-01,-3.215820312500028422e-01,9.812413984790560595e-05,9.812413984790560595e-05,3.333315253257768812e-05
1.094504451738646367e+02,2.032433673204152171e+02,-1.053829101562500057e+02,1.898786402845629995e-02,1.898786402845629995e-02,6.389763206243515015e-03,-5.618766937227803737e-02,-8.842736741284511481e-01,-4.401214599609346578e-01,9.811451244597091392e-05,9.811451244597091392e-05,3.333315253257768812e-05
1.093942575044923586e+02,2.023590936462867660e+02,-1.058230316162109403e+02,1.908597854090227086e-02,1.908597854090227086e-02,6.423096358776092703e-03,-1.221263198777933212e-01,-9.404964996667501964e-01,-1.606903076171875000e-01,9.810488693281702033e-05,9.810488693281702033e-05,3.333315253257768812e-05
1.092721311846145653e+02,2.014185971466200158e+02,-1.059837219238281278e+02,1.918408342783508788e-02,1.918408342783508788e-02,6.456429511308670391e-03,-1.535629523750117187e-01,-9.543868208649826101e-01,-4.445800781249431566e-02,9.809380164928216406e-05,9.809380164928216406e-05,3.333389759063720703e-05
1.091185682322395536e+02,2.004642103257550332e+02,-1.060281799316406222e+02,1.928217722948437005e-02,1.928217722948437005e-02,6.489763408899307598e-03,-6.885952141938389559e-02,-4.866112059468719053e-01,-4.819030761719034217e-02,4.904475424989673815e-05,4.904475424989673815e-05,1.666620373725821724e-05
1.090497087108201697e+02,1.999775991198081613e+02,-1.060763702392578125e+02,1.933122198373426678e-02,1.933122198373426678e-02,6.506429612636565815e-03,-1.046288086470781309e-02,-1.503005740186523553e+00,-1.105847167968747158e+00,9.808083148206414581e-05,9.808083148206414581e-05,3.333389759063720703e-05
1.090392458299554619e+02,1.984745933796216377e+02,-1.071822174072265597e+02,1.942930281521633093e-02,1.942930281521633093e-02,6.539763510227203022e-03,-8.105457620818867781e-02,-8.931214469041321991e-01,-3.306243896484346578e-01,1.103285246112847839e-04,1.103285246112847839e-04,3.749951720237801323e-05
1.089581912537472732e+02,1.975814719327175055e+02,-1.075128417968749943e+02,1.953963133982761571e-02,1.953963133982761571e-02,6.577263027429581035e-03,-1.471606618714673687e-01,-5.604538131767924369e-01,2.290283203124943157e-01,7.354656200255632603e-05,7.354656200255632603e-05,2.500042319297790527e-05
1.088110305918758058e+02,1.970210181195407131e+02,-1.072838134765625000e+02,1.961317790183017204e-02,1.961317790183017204e-02,6.602263450622558941e-03,-2.135317132952820884e-01,-8.270945754983642928e-01,3.196472167968806843e-01,1.103082409280101150e-04,1.103082409280101150e-04,3.749951720237714586e-05
1.085974988785805238e+02,1.961939235440423488e+02,-1.069641662597656193e+02,1.972348614275818215e-02,1.972348614275818215e-02,6.639762967824936087e-03,-1.332488468894723610e-01,-5.342289067964713922e-01,1.785583496093750000e-01,7.914144560111982529e-05,7.914144560111982529e-05,2.690702676773088636e-05
