Sigma_1,Sigma_2,Sigma_12,Epsilon_1,Epsilon_2,Epsilon_12,dSigma_1,dSigma_2,dSigma_12,dEpsilon_1,dEpsilon_2,dEpsilon_12
-0.000000000000000000e+00,-0.000000000000000000e+00,-0.000000000000000000e+00,0.000000000000000000e+00,0.000000000000000000e+00,0.000000000000000000e+00,7.348551241859047956e+00,1.386129526441387405e+01,1.578644790649413920e+01,6.666447875155136660e-05,1.999800121638574792e-04,2.000000094994902611e-04
7.348551241859047956e+00,1.386129526441387405e+01,1.578644790649413920e+01,6.666447875155136660e-05,1.999800121638574792e-04,2.000000094994902611e-04,3.671162527856162150e+00,6.926842382735044268e+00,7.886006164550785513e+00,3.333057289245535239e-05,9.997499944099476950e-05,9.999999310821293700e-05
1.101971376971521011e+01,2.078813764714891832e+01,2.367245407104492472e+01,9.999505164400671899e-05,2.999550116048522487e-04,3.000000026077031981e-04,3.669387461351551138e+00,6.924612332625432742e+00,7.882282257080074572e+00,3.332946200261451561e-05,9.996502871346707886e-05,1.000000163912773241e-04
1.468910123106676124e+01,2.771274997977435106e+01,3.155473632812499929e+01,1.333245136466212346e-04,3.999200403183193276e-04,4.000000189989805222e-04,3.667609140630318620e+00,6.922387303163965555e+00,7.878558349609381395e+00,3.332835118637794171e-05,9.995499016253158245e-05,9.999996982514860414e-05
1.835671037169707986e+01,3.463513728293831662e+01,3.943329467773438068e+01,1.666528648329991763e-04,4.998750304808509100e-04,4.999999888241291263e-04,3.665834433113946744e+00,6.920158140862255891e+00,7.874835205078113631e+00,3.332724044440422929e-05,9.994504669895497122e-05,1.000000163912772699e-04
2.202254480481102661e+01,4.155529542380057251e+01,4.730812988281249432e+01,1.999801052774034056e-04,5.998200771798058812e-04,6.000000052154063962e-04,3.664059523424732845e+00,6.917934001989692661e+00,7.871115112304693184e+00,3.332611813782512377e-05,9.993505868506125708e-05,1.000000163912773783e-04
2.568660432823575945e+01,4.847322942579026517e+01,5.517924499511718750e+01,2.333062234152285294e-04,6.997551358648671383e-04,7.000000216066837744e-04,3.662284412758506136e+00,6.915705727679906545e+00,7.867395019531251421e+00,3.332503082141061970e-05,9.992507266705201192e-05,1.000000163912772699e-04
2.934888874099426559e+01,5.538893515347017171e+01,6.304664001464843892e+01,2.666312542366391491e-04,7.996802085319191502e-04,8.000000379979610443e-04,3.660510625274032037e+00,6.913485528932660884e+00,7.863671875000001421e+00,3.332389702479112261e-05,9.991499559590334614e-05,9.999992325901983000e-05
3.300939936626829763e+01,6.230242068240283260e+01,7.091031188964844034e+01,2.999551512614302717e-04,8.995952041278224964e-04,8.999999612569808743e-04,3.658736637519709234e+00,6.911255097301669537e+00,7.859963989257806816e+00,3.332280985485512386e-05,9.990510662625400919e-05,1.000000163912773783e-04
3.666813600378800686e+01,6.921367577970450213e+01,7.877027587890624716e+01,3.332779611162853955e-04,9.995003107540765055e-04,9.999999776482582526e-04,3.656962446422326707e+00,6.909035798821761887e+00,7.856246948242201711e+00,3.332167620780199409e-05,9.989512659297180089e-05,1.000000163912772699e-04
4.032509845021033357e+01,7.612271157852626402e+01,8.662652282714844887e+01,3.665996373240873896e-04,1.099395437347048306e-03,1.099999994039535522e-03,3.655191108374147291e+00,6.906809311010633223e+00,7.852536010742170447e+00,3.332058918431525431e-05,9.988514855340403092e-05,1.000000163912772699e-04
4.398028955858448086e+01,8.302952088953689724e+01,9.447905883789061932e+01,3.999202265084026440e-04,1.199280585900452337e-03,1.200000010430812792e-03,3.653422620027988899e+00,6.904593965777479525e+00,7.848822021484380684e+00,3.331945568657665880e-05,9.987517250695308706e-05,1.000000163912772699e-04
4.763371217861246976e+01,8.993411485531437677e+01,1.023278808593750000e+02,4.332396821949793028e-04,1.299155758407405424e-03,1.300000026822090062e-03,3.651275336945623451e+00,6.902133061462038199e+00,7.844537353515619316e+00,3.331834553766088421e-05,9.986519845280017980e-05,1.000000163912774867e-04
5.128498751555809321e+01,9.683624791677641497e+01,1.101724182128906193e+02,4.665580277326401870e-04,1.399020956860205604e-03,1.400000043213367549e-03,3.646236357810828110e+00,6.897623252846543096e+00,7.835406494140627842e+00,3.331728200531015567e-05,9.985513339833408490e-05,9.999992325901972158e-05
5.493122387336892132e+01,1.037338711696229581e+02,1.180078247070312472e+02,4.998753097379503426e-04,1.498876090258539689e-03,1.499999966472387270e-03,3.642265530674023921e+00,6.893509073145850152e+00,7.827783203125008527e+00,3.331612545952788908e-05,9.984534931301090703e-05,1.000001095235348181e-04
5.857348940404294524e+01,1.106273802427688082e+02,1.258356079101562557e+02,5.331914351974782317e-04,1.598721439571550596e-03,1.600000075995922089e-03,3.639937060864454565e+00,6.890077976077691346e+00,7.822119140625005684e+00,3.331501553251257474e-05,9.983528824037877190e-05,1.000000163912772699e-04
6.221342646490739980e+01,1.175174582188464996e+02,1.336577270507812614e+02,5.665064507299908065e-04,1.698556727811929368e-03,1.700000092387199358e-03,3.636594542592618495e+00,6.886669884324206237e+00,7.816308593749994316e+00,3.331390567922734493e-05,9.982513622067449785e-05,9.999983012676239014e-05
6.585002100750001830e+01,1.244041281031707058e+02,1.414740356445312557e+02,5.998203564092181514e-04,1.798381864032603866e-03,1.799999922513961749e-03,3.630601065842725461e+00,6.878943136382389412e+00,7.802447509765613631e+00,3.331284243627598025e-05,9.981535806883657692e-05,1.000000163912772699e-04
6.948062207334274376e+01,1.312830712395530952e+02,1.492764831542968693e+02,6.331331988454941316e-04,1.898197222101440443e-03,1.899999938905239018e-03,3.620673675119022050e+00,6.868547186900570978e+00,7.782946777343767053e+00,3.331168619293304808e-05,9.980539595727186408e-05,1.000000163912774867e-04
7.310129574846176581e+01,1.381516184264536662e+02,1.570594299316406364e+02,6.664448850384271797e-04,1.998002618058712307e-03,1.999999955296516505e-03,3.612492098617536840e+00,6.860068243033310864e+00,7.767938232421840894e+00,3.331057656145975342e-05,9.979543583449714331e-05,1.000000163912770530e-04
7.671378784707930265e+01,1.450116866694869771e+02,1.648273681640624773e+02,6.997554615998869331e-04,2.097798053893209450e-03,2.099999971687793558e-03,3.607412540142689750e+00,6.853568240816002799e+00,7.757202148437528422e+00,3.330946700368694457e-05,9.978547769925192115e-05,1.000000163912774867e-04
8.032120038722199240e+01,1.518652549103029799e+02,1.725845703125000057e+02,7.330649286035738777e-04,2.197583531592461371e-03,2.199999988079071045e-03,3.601892663917354298e+00,6.845964724193947859e+00,7.745861816406232947e+00,3.330840405068387529e-05,9.977552155116279839e-05,1.000000163912774867e-04
8.392309305113934670e+01,1.587112196344969277e+02,1.803304321289062386e+02,7.663733326542577530e-04,2.297359053143624170e-03,2.300000004470348532e-03,3.593916628314730133e+00,6.835519695120268580e+00,7.731335449218761369e+00,3.330724810899493571e-05,9.976556738963563223e-05,1.000000163912770530e-04
8.751700967945407683e+01,1.655467393296171963e+02,1.880617675781250000e+02,7.996805807632526887e-04,2.397124620533259802e-03,2.400000020861625585e-03,3.584223258395354605e+00,6.822525721954036726e+00,7.711657714843738631e+00,3.330613877294526584e-05,9.975561521385336791e-05,1.000000163912774867e-04
9.110123293784943144e+01,1.723692650515712330e+02,1.957734252929687386e+02,8.329867195361979545e-04,2.496880235747113170e-03,2.500000037252903071e-03,3.576031662158158042e+00,6.811485656258014387e+00,7.696099853515647737e+00,3.330502951123229163e-05,9.974566502388756278e-05,1.000000163912770530e-04
9.467726460000758948e+01,1.791807507078292474e+02,2.034695251464843864e+02,8.662917490474302462e-04,2.596625900771000733e-03,2.600000053644180124e-03,3.568376816409255525e+00,6.801408840073150941e+00,7.682379150390602263e+00,3.330392032296122101e-05,9.973571681847880760e-05,1.000000163912774867e-04
9.824564141641684500e+01,1.859821595479023983e+02,2.111519042968749886e+02,8.995956693703914672e-04,2.696361617589479540e-03,2.700000070035457611e-03,3.558711251258401376e+00,6.787680722617807305e+00,7.664038085937534106e+00,3.330281120901188406e-05,9.972577059725457049e-05,1.000000163912774867e-04
1.018043526676752464e+02,1.927698402705202056e+02,2.188159423828125227e+02,9.328984805794033512e-04,2.796087388186734111e-03,2.800000086426735098e-03,3.544089960600601330e+00,6.767214718980795851e+00,7.637609863281227263e+00,3.330170216871142490e-05,9.971564063366786246e-05,9.999983012676239014e-05
1.053484426282758477e+02,1.995370549895010015e+02,2.264535522460937500e+02,9.662001827481147762e-04,2.895803028820401973e-03,2.899999916553497488e-03,3.531862166401893433e+00,6.750464332645236709e+00,7.615637207031255684e+00,3.330068624140397615e-05,9.970588412350385454e-05,1.000000163912770530e-04
1.088803047946777411e+02,2.062875193221462382e+02,2.340691894531250057e+02,9.995008689895187523e-04,2.995508912943905828e-03,2.999999932944774541e-03,3.517372472792658300e+00,6.729092180766713227e+00,7.589770507812517053e+00,3.329948430637373960e-05,9.969594385104973977e-05,1.000000163912774867e-04
1.123976772674703994e+02,2.130166115029129514e+02,2.416589599609375227e+02,1.032800353295892492e-03,3.095204856794955568e-03,3.099999949336052028e-03,3.497015693034626338e+00,6.696557085062636361e+00,7.553283691406221578e+00,3.329837548786342312e-05,9.968619123126333526e-05,1.000002026557921496e-04
1.158946929605050258e+02,2.197131685879755878e+02,2.492122436523437443e+02,1.066098728783755915e-03,3.194891048026218903e-03,3.200000151991844177e-03,3.463373217468102894e+00,6.645910206818228971e+00,7.496801757812505684e+00,3.329726674275077479e-05,9.967588358123337725e-05,9.999983012676239014e-05
1.193580661779731287e+02,2.263590787947938168e+02,2.567090454101562500e+02,1.099395995526506690e-03,3.294566931607452280e-03,3.299999982118606567e-03,3.432354844278819428e+00,6.594415051815133211e+00,7.442944335937454525e+00,3.329615807191573310e-05,9.966632055647848751e-05,1.000002026557921496e-04
1.227904210222519481e+02,2.329534938466089500e+02,2.641519897460937045e+02,1.132692153598422423e-03,3.394233252163930768e-03,3.400000184774398717e-03,3.407114011782354623e+00,6.551135771205338187e+00,7.398059082031295475e+00,3.329504947468522533e-05,9.965601694112693684e-05,9.999983012676239014e-05
1.261975350340343027e+02,2.395046296178142882e+02,2.715500488281250000e+02,1.165987203073107648e-03,3.493889269105057704e-03,3.500000014901161107e-03,3.384498296474475865e+00,6.510489455525146241e+00,7.356115722656227263e+00,3.329394095105209575e-05,9.964608660902344803e-05,9.999983012676239014e-05
1.295820333305087786e+02,2.460151190733394344e+02,2.789061645507812273e+02,1.199281144024159744e-03,3.593535355714081152e-03,3.599999845027923497e-03,3.362638069041025801e+00,6.470712852718122576e+00,7.314099121093818212e+00,3.329283250167445508e-05,9.963652941138122221e-05,1.000002026557921496e-04
1.329446713995498044e+02,2.524858319260575570e+02,2.862202636718750455e+02,1.232573976525834199e-03,3.693171885125462375e-03,3.700000047683715647e-03,3.343794604367104739e+00,6.433840102971799979e+00,7.272900390624954525e+00,3.329181714022957581e-05,9.962623184377097235e-05,9.999983012676239014e-05
1.362884660039169091e+02,2.589196720290293570e+02,2.934931640625000000e+02,1.265865793666063775e-03,3.792798116969233347e-03,3.799999877810478037e-03,3.320646749410855136e+00,6.387544576708648947e+00,7.216406249999977263e+00,3.329061582056321890e-05,9.961667852832105721e-05,1.000002026557925833e-04
1.396091127533277643e+02,2.653072166057380059e+02,3.007095703124999773e+02,1.299156409486626994e-03,3.892414795497554404e-03,3.900000080466270620e-03,3.239594766155818206e+00,6.305692647418425167e+00,7.062670898437545475e+00,3.328950759257640925e-05,9.960638498917890465e-05,9.999983012676239014e-05
1.428487075194835825e+02,2.716129092531564311e+02,3.077722412109375227e+02,1.332445917079203403e-03,3.992021180486733309e-03,3.999999910593033010e-03,3.173569834911802445e+00,6.221266608257565167e+00,6.915014648437477263e+00,3.328839943815054860e-05,9.959683555314444159e-05,1.000002026557917159e-04
1.460222773543953849e+02,2.778341758614139962e+02,3.146872558593750000e+02,1.365734316517353952e-03,4.091618016039877750e-03,4.100000113248824726e-03,3.149723730600271665e+00,6.158732608900436389e+00,6.825573730468761369e+00,3.328729135727804753e-05,9.958654604051968978e-05,9.999983012676239014e-05
1.491720010849956566e+02,2.839929084703144326e+02,3.215128295898437614e+02,1.399021607874631999e-03,4.191204562080397440e-03,4.199999943375587116e-03,3.111315811092566719e+00,6.065751635338415326e+00,6.670605468750011369e+00,3.328618335061593256e-05,9.957700048201113124e-05,1.000002026557925833e-04
1.522833168960882233e+02,2.900586601056528480e+02,3.281834350585937727e+02,1.432307791225247932e-03,4.290781562562408571e-03,4.300000146031379700e-03,3.080031172432370568e+00,5.981104135366763330e+00,6.543273925781250000e+00,3.328507541727125478e-05,9.956671499307227780e-05,9.999983012676239014e-05
1.553633480685205939e+02,2.960397642410196113e+02,3.347267089843750227e+02,1.465592866642519186e-03,4.390348277555480849e-03,4.399999976158142090e-03,3.049354656330734770e+00,5.909943893786021363e+00,6.432482910156238631e+00,3.328396755812221795e-05,9.955717330953697819e-05,1.000002026557925833e-04
1.584127027248513286e+02,3.019497081348056327e+02,3.411591918945312614e+02,1.498876834200641404e-03,4.489905450865017827e-03,4.500000178813934673e-03,2.982425726825255197e+00,5.794982258558206922e+00,6.175292968750000000e+00,3.328295276208204957e-05,9.954689184211475139e-05,9.999983012676239014e-05
1.613951284516765838e+02,3.077446903933638396e+02,3.473344848632812614e+02,1.532159786962723454e-03,4.589452342707132579e-03,4.600000008940697063e-03,2.945395241311700829e+00,5.712094263458027399e+00,6.000085449218715894e+00,3.328175205751546066e-05,9.953698324480144549e-05,9.999983012676239014e-05
1.643405236929882847e+02,3.134567846568218670e+02,3.533345703124999773e+02,1.565441539020238915e-03,4.688989325951934024e-03,4.699999839067459453e-03,2.918252342558332657e+00,5.658250825179038657e+00,5.929699707031261369e+00,3.328064441913795857e-05,9.952744736913595597e-05,1.000002026557917159e-04
1.672587760355466173e+02,3.191150354820009056e+02,3.592642700195312386e+02,1.598722183439376873e-03,4.788516773321069980e-03,4.800000041723251169e-03,7.245131918645881797e-01,1.405495333601720631e+00,1.472253417968772737e+00,8.319941553596062189e-06,2.488031415184659145e-05,2.500005066394857950e-05
1.679832892274112055e+02,3.205205308156026263e+02,3.607365234375000114e+02,1.607042124992972935e-03,4.813397087472916572e-03,4.825000092387199749e-03,2.531696498638808634e+00,4.986204200901340755e+00,5.047631835937465894e+00,2.979716730071670962e-05,8.910232711563294966e-05,8.953623473644239245e-05
1.705149857260500141e+02,3.255067350165039670e+02,3.657841552734374773e+02,1.636839292293689645e-03,4.902499414588549521e-03,4.914536327123642141e-03,2.419809657689313553e+00,4.799618872132896286e+00,4.816711425781250000e+00,2.888975164537597312e-05,8.638401554407395405e-05,8.681230247020721436e-05
1.729347953837393277e+02,3.303063538886368633e+02,3.706008666992187273e+02,1.665729043939065618e-03,4.988883430132623475e-03,5.001348629593849356e-03,3.487948911148123443e+00,6.811923135225356418e+00,7.073205566406272737e+00,4.160031913197316175e-05,1.243819497807989449e-04,1.250118017196650069e-04
1.764227442948874511e+02,3.371182770238622197e+02,3.776740722656250000e+02,1.707329363071038780e-03,5.113265379913422420e-03,5.126360431313514363e-03,4.185541850314677959e+00,8.194263234533650575e+00,8.510583496093772737e+00,5.075753172971799766e-05,1.517469986258056583e-04,1.525364816188819195e-04
1.806082861452021291e+02,3.453125402583958703e+02,3.861846557617187727e+02,1.758086894800756778e-03,5.265012378539228079e-03,5.278896912932396282e-03,6.829051836717212609e-01,1.333325726963835223e+00,1.384277343750000000e+00,8.318615759671764420e-06,2.486846176271741149e-05,2.500005066394771214e-05
1.812911913288738504e+02,3.466458659853597055e+02,3.875689331054687727e+02,1.766405510560428542e-03,5.289880840301945490e-03,5.303896963596343994e-03,2.638830864967047773e+00,5.234538068376252795e+00,5.270800781249931788e+00,3.267879616551542035e-05,9.768839211329264499e-05,9.821131825447047825e-05
1.839300221938408981e+02,3.518804040537359583e+02,3.928397338867187045e+02,1.799084306725943962e-03,5.387569232415238135e-03,5.402108281850814472e-03,2.737146066628639574e+00,5.383158019680195139e+00,5.491174316406272737e+00,3.386819662262621593e-05,1.012370412720045923e-04,1.017890870571138209e-04
1.866671682604695377e+02,3.572635620734161535e+02,3.983309082031249773e+02,1.832952503348570178e-03,5.488806273687242727e-03,5.503897368907928293e-03,2.678247550658909404e+00,5.230940721725005460e+00,5.379431152343784106e+00,3.295679898755341994e-05,9.850655777200907626e-05,9.905360639095306396e-05
1.893454158111284471e+02,3.624945027951411589e+02,4.037103393554687614e+02,1.865909302336123598e-03,5.587312831459251804e-03,5.602950975298881357e-03,2.640461115258545988e+00,5.129412890929870628e+00,5.430627441406215894e+00,3.282873554272085215e-05,9.811680736315255003e-05,9.867139160633139200e-05
1.919858769263869931e+02,3.676239156860710295e+02,4.091409667968749773e+02,1.898738037878844450e-03,5.685429638822404354e-03,5.701622366905212749e-03,2.607523902544983230e+00,5.261799463930458387e+00,5.129138183593795475e+00,3.281817669305233005e-05,9.807940284565185018e-05,9.864345192909206028e-05
1.945934008289319763e+02,3.728857151500014879e+02,4.142701049804687727e+02,1.931556214571896780e-03,5.783509041668056204e-03,5.800265818834304810e-03,2.659640841214212514e+00,5.369533324379631267e+00,5.315112304687488631e+00,3.412434047586187374e-05,1.019757989974669557e-04,1.025725156068805349e-04
1.972530416701461888e+02,3.782552484743811192e+02,4.195852172851562614e+02,1.965680555047758654e-03,5.885484840665523160e-03,5.902838334441185345e-03,2.820570526858773519e+00,5.804110328297497290e+00,5.670080566406227263e+00,3.707105329440324448e-05,1.107741821755213116e-04,1.114342361688610422e-04
2.000736121970049624e+02,3.840593588026786165e+02,4.252552978515624886e+02,2.002751608342161899e-03,5.996259022841044471e-03,6.014272570610046387e-03,2.444310580236219721e+00,5.046009723542226766e+00,4.915087890624988631e+00,3.251214134939155870e-05,9.714436378093979640e-05,9.773336350917850857e-05
2.025179227772411821e+02,3.891053685262208433e+02,4.301703857421874773e+02,2.035263749691553457e-03,6.093403386621984268e-03,6.112005934119224895e-03,2.379796930696272739e+00,4.961027685416411259e+00,4.746850585937522737e+00,3.251108434442233006e-05,9.713529790004917647e-05,9.773373603820783434e-05
2.048977197079374548e+02,3.940663962116372545e+02,4.349172363281250000e+02,2.067774834035975787e-03,6.190538684522033444e-03,6.209739670157432730e-03,2.426629113280881711e+00,5.086327463804536819e+00,4.783007812500045475e+00,3.350296431086719276e-05,1.000914836136639410e-04,1.007180660963060206e-04
2.073243488212183365e+02,3.991527236754417913e+02,4.397002441406250455e+02,2.101277798346842980e-03,6.290630168135697385e-03,6.310457736253738750e-03,2.215018306484154209e+00,4.676563761435204469e+00,4.403857421874931788e+00,3.079040597345206187e-05,9.198205236530740403e-05,9.256675839424115954e-05
2.095393671277024907e+02,4.038292874368769958e+02,4.441041015624999773e+02,2.132068204320295042e-03,6.382612220501004789e-03,6.403024494647979910e-03,2.551073330783111714e+00,5.441544885654479913e+00,5.021972656250000000e+00,3.673238051479137470e-05,1.097261031792126640e-04,1.104347407817835372e-04
2.120904404584856024e+02,4.092708323225314757e+02,4.491260742187499773e+02,2.168800584835086417e-03,6.492338323680217453e-03,6.513459235429763447e-03,1.706668003969269876e+00,3.797593969452464080e+00,3.157373046875022737e+00,2.937452506065856006e-05,8.774083142327072232e-05,8.831620216369698295e-05
2.137971084624548723e+02,4.130684262919839398e+02,4.522834472656250000e+02,2.198175109895744977e-03,6.580079155103488175e-03,6.601775437593460430e-03,9.030208607105407737e-01,2.668067029175801963e+00,9.444091796875113687e-01,3.288083261999887735e-05,9.820780860167726417e-05,9.886100888252188912e-05
2.147001293231654131e+02,4.157364933211597418e+02,4.532278564453125114e+02,2.231055942515743854e-03,6.678286963705165440e-03,6.700636446475982319e-03,-5.501151567562183686e+01,-9.183368520925500889e+01,-1.159735595703124886e+02,3.315721551601239284e-05,9.902699383527481525e-05,9.969547390937822523e-05
1.596886136475435762e+02,3.239028081119047329e+02,3.372542968750000227e+02,2.264213158031756247e-03,6.777313957540440255e-03,6.800331920385360544e-03,-4.188990537144064774e+00,-5.554489702116370609e+00,-6.262646484375068212e+00,3.430570371562840365e-05,1.024498216048415691e-04,1.031517982482913626e-04
1.554996231103995115e+02,3.183483184097883623e+02,3.309916503906249545e+02,2.298518861747384651e-03,6.879763779145281824e-03,6.903483718633651907e-03,-6.243687221495207496e+00,-8.610285072354201930e+00,-9.073803710937454525e+00,3.249881028389439708e-05,9.704785010862786859e-05,9.772256016731244860e-05
1.492559358889043040e+02,3.097380333374341603e+02,3.219178466796875000e+02,2.331017672031279048e-03,6.976811629253909693e-03,7.001206278800964355e-03,-2.495905007854986479e+00,-2.313299417620783061e+00,-2.665917968750022737e+00,3.656024757784119214e-05,1.091682220841789369e-04,1.099385321140285837e-04
1.467600308810493175e+02,3.074247339198133773e+02,3.192519287109374773e+02,2.367577919609120240e-03,7.085979851338088630e-03,7.111144810914992939e-03,-3.417614464817063435e+00,-4.594593012740858740e+00,-4.562915039062488631e+00,3.133613196344220767e-05,9.356296018024623518e-05,9.423270821571402139e-05
1.433424164162322541e+02,3.028301409070725185e+02,3.146890136718749886e+02,2.398914051572562448e-03,7.179542811518334865e-03,7.205377519130706961e-03,-5.825838330812160848e+00,-7.930417588376769800e+00,-7.719482421875000000e+00,3.655757958734469348e-05,1.091453540850734899e-04,1.099377870559690648e-04
1.375165780854200932e+02,2.948997233186957487e+02,3.069695312499999886e+02,2.435471631159907141e-03,7.288688165603408355e-03,7.315315306186676025e-03,-3.313986117610880910e+00,-4.465960932191080701e+00,-3.984191894531193157e+00,3.133400454268875715e-05,9.354399699920169786e-05,9.423270821571315403e-05
1.342025919678092123e+02,2.904337623865046680e+02,3.029853393554687955e+02,2.466805635702595898e-03,7.382232162602610052e-03,7.409548014402389179e-03,-2.242815993764395444e+00,-2.905608010752985138e+00,-2.226794433593795475e+00,3.655509776518761980e-05,1.091239744304105252e-04,1.099385321140294511e-04
1.319597759740448168e+02,2.875281543757516829e+02,3.007585449218750000e+02,2.503360733467783518e-03,7.491356137033020578e-03,7.519486546516418631e-03,-4.666979785126173397e+00,-8.213474007750221517e+00,-6.260327148437454525e+00,3.133187741055773121e-05,9.352504143451262353e-05,9.423270821571315403e-05
1.272927961889186435e+02,2.793146803680014614e+02,2.944982177734375455e+02,2.534692610878341249e-03,7.584881178467533201e-03,7.613719254732131785e-03,-2.184517351958817244e+00,-1.662396233662889244e+00,-1.311523437500056843e+00,3.965301155194186564e-05,1.183554956563576468e-04,1.192636787891391409e-04
1.251082788369598262e+02,2.776522841343385721e+02,2.931866943359374886e+02,2.574345622430283115e-03,7.703236674123890848e-03,7.732982933521270925e-03,-2.147175905885220004e+00,-2.399746928751824271e+00,-2.028845214843784106e+00,2.643452945449075928e-05,7.889563582449531792e-05,7.950887084007263184e-05
1.229611029310746062e+02,2.752525372055867479e+02,2.911578491210937045e+02,2.600780151884773874e-03,7.782132309948386166e-03,7.812491804361343557e-03,-3.014989529184788353e+00,-3.786592680649732756e+00,-2.941369628906215894e+00,3.965039112045721723e-05,1.183314143892227541e-04,1.192629337310796220e-04
1.199461134018898179e+02,2.714659445249370151e+02,2.882164794921874886e+02,2.640430543005231091e-03,7.900463724337608920e-03,7.931754738092423179e-03,-1.914791580965612638e+00,-3.199349233513601121e+00,-2.163024902343750000e+00,2.643278261151970482e-05,7.888007761895111936e-05,7.950887084007263184e-05
1.180313218209242052e+02,2.682665952914234140e+02,2.860534545898437386e+02,2.666863325616750796e-03,7.979343801956560039e-03,8.011263608932495811e-03,-4.383609346193239276e+00,-6.361717489267675774e+00,-4.889599609375011369e+00,3.964777103528755939e-05,1.183080817558513492e-04,1.192629337310787546e-04
1.136477124747309659e+02,2.619048778021557382e+02,2.811638549804687273e+02,2.706511096652038355e-03,8.097651883712411389e-03,8.130526542663574566e-03,-1.870040194971323899e+00,-1.921551526409984945e+00,-1.433178710937454525e+00,2.643103599918143753e-05,7.886452554834756656e-05,7.950887084007263184e-05
1.117776722797596420e+02,2.599833262757457533e+02,2.797306762695312727e+02,2.732942132651219793e-03,8.176516409260758955e-03,8.210035413503647198e-03,-2.081799612259757737e+00,-2.446920659515171792e+00,-1.584057617187568212e+00,3.117942835545320715e-05,9.302797843198200300e-05,9.379610419273272381e-05
1.096958726674998843e+02,2.575364056162305815e+02,2.781466186523437045e+02,2.764121561006673000e-03,8.269544387692740958e-03,8.303831517696379921e-03,-1.785677881666913436e+00,-1.800785972412512592e+00,-8.978149414061817879e-01,3.675969369623709529e-05,1.096692487731198984e-04,1.105859875679023052e-04
1.079101947858329709e+02,2.557356196438180689e+02,2.772488037109375227e+02,2.800881254702910095e-03,8.379213636465860857e-03,8.414417505264282227e-03,-1.665673867951355192e+00,-2.887670361117613993e+00,-1.378894042968795475e+00,2.957086307452594029e-05,8.821669649487599851e-05,8.896291255950858345e-05
1.062445209178816157e+02,2.528479492827004549e+02,2.758699096679687273e+02,2.830452117777436036e-03,8.467430332960736855e-03,8.503380417823790810e-03,-1.877815736536788904e+00,-3.214117358875711261e+00,-1.384313964843727263e+00,3.672902438496593661e-05,1.095640775721651999e-04,1.105017960071567190e-04
1.043667051813448268e+02,2.496338319238247436e+02,2.744855957031250000e+02,2.867181142162401972e-03,8.576994410532902055e-03,8.613882213830947529e-03,-3.102376822745227969e+00,-6.551552463795246695e+00,-3.429077148437500000e+00,3.390261750817582034e-05,1.011251907521437676e-04,1.020014286041270174e-04
1.012643283585995988e+02,2.430822794600294969e+02,2.710565185546875000e+02,2.901083759670577793e-03,8.678119601285045823e-03,8.715883642435074546e-03,-2.421618342055353423e+00,-3.366042620287629461e+00,-1.678491210937522737e+00,3.390128244121215495e-05,1.011149654819611110e-04,1.020014286041252827e-04
9.884271001654424538e+01,2.397162368397418675e+02,2.693780273437499773e+02,2.934985042111789948e-03,8.779234566767006934e-03,8.817885071039199829e-03,-1.657860396725865826e+00,-1.788394472994923490e+00,-6.281982421875227374e-01,3.390031889538222543e-05,1.011040038084894122e-04,1.020006835460666311e-04
9.718484961981837955e+01,2.379278423667469440e+02,2.687498291015624545e+02,2.968885361007172173e-03,8.880338570575496346e-03,8.919885754585266460e-03,-2.364189911189896520e+00,-3.685560621945228377e+00,-2.296179199218727263e+00,2.701335167811522511e-05,8.056098522621867042e-05,8.128285408019915448e-05
9.482065970862848303e+01,2.342422817448017156e+02,2.664536499023437273e+02,2.995898712685287398e-03,8.960899555801715016e-03,9.001168608665465615e-03,-2.196150440294033501e+00,-4.463053286195702185e+00,-1.877587890624965894e+00,4.171047991909917693e-05,1.243813724266726317e-04,1.255087554454803467e-04
9.262450926833444953e+01,2.297792284586060134e+02,2.645760620117187614e+02,3.037609192604386575e-03,9.085280928228387648e-03,9.126677364110945961e-03,-2.052838783090450647e+00,-4.494992550859109315e+00,-2.045190429687522737e+00,3.217546195363437181e-05,9.594151319627756969e-05,9.682178497314591903e-05
9.057167048524399888e+01,2.252842359077469041e+02,2.625308715820312386e+02,3.069784654558020947e-03,9.181222441424665218e-03,9.223499149084091880e-03,-1.912307145627067939e+00,-3.620934269112581205e+00,-1.558825683593738631e+00,3.217442672681213728e-05,9.593230930557070102e-05,9.682178497314418431e-05
8.865936333961693094e+01,2.216633016386343229e+02,2.609720458984375000e+02,3.101959081284833084e-03,9.277154750730235919e-03,9.320320934057236065e-03,-8.607691223720905782e-01,-1.427974480151732450e+00,2.843017578129547474e-02,3.217357724785707696e-05,9.592310718015487070e-05,9.682178497314418431e-05
8.779859421724484037e+01,2.202353271584825904e+02,2.610004760742187955e+02,3.134132658532690161e-03,9.373077857910390789e-03,9.417142719030380249e-03,-1.827762422816505250e+00,-2.227090002744859021e+00,-4.772460937500682121e-01,4.297992221678325481e-05,1.281323671698097327e-04,1.293472945690151560e-04
8.597083179442833512e+01,2.180082371557377314e+02,2.605232299804687273e+02,3.177112580749473416e-03,9.501210225080200522e-03,9.546490013599395405e-03,-7.839244371826339375e-01,-7.848175726844317524e-01,-8.197021484375000000e-02,2.035816806604572385e-05,6.068862699454280474e-05,6.126984953880310059e-05
8.518690735724570118e+01,2.172234195830532997e+02,2.604412597656249773e+02,3.197470748815519140e-03,9.561898852074743327e-03,9.607759863138198506e-03,-1.519699236629350025e+00,-1.945493141397719228e+00,-2.407836914062500000e-01,4.071546413378672111e-05,1.213662057782376874e-04,1.225396990776062012e-04
8.366720812061635115e+01,2.152779264416555804e+02,2.602004760742187273e+02,3.238186212949305861e-03,9.683265057852981014e-03,9.730299562215804707e-03,-1.278971354471096333e+00,-1.261732345693644675e+00,1.496459960937954747e-01,4.071380645248156432e-05,1.213514778097904423e-04,1.225396990776062012e-04
8.238823676614525482e+01,2.140161940959619358e+02,2.603501220703125227e+02,3.278900019401787425e-03,9.804616535662771457e-03,9.852839261293410908e-03,-6.110716338878887655e-01,-1.409402096462599729e-01,6.041137695312386313e-01,3.053417424237142921e-05,9.100431413902945743e-05,9.190514683723484402e-05
8.177716513225736605e+01,2.138752538863156758e+02,2.609542358398437614e+02,3.309434193644158854e-03,9.895620849801800914e-03,9.944744408130645752e-03,-1.081369544553027140e+00,-1.926808896270813420e+00,-2.022949218750227374e-01,3.322246912234325458e-05,9.900987926901236302e-05,9.999945759773219700e-05
8.069579558770433891e+01,2.119484449900448624e+02,2.607519409179687386e+02,3.342656662766502109e-03,9.994630729070813277e-03,1.004474386572837795e-02,-1.521268417978973275e+00,-4.260821783463171641e+00,-1.483349609375011369e+00,2.491631317596285436e-05,7.425189878486164463e-05,7.500052452087506427e-05
7.917452716972536564e+01,2.076876232065816907e+02,2.592685913085937273e+02,3.367572975942464963e-03,1.006888262785567492e-02,1.011974439024925301e-02,-1.749466788859351141e+00,-4.928961232737492537e+00,-1.536987304687500000e+00,3.322090896104796034e-05,9.899272697653019315e-05,9.999945759773219700e-05
7.742506038086601450e+01,2.027586619738441982e+02,2.577316040039062273e+02,3.400793884903512924e-03,1.016787535483220511e-02,1.021974384784698521e-02,-2.134869815495747503e+00,-5.771525353986390883e+00,-1.842993164062477263e+00,3.737187860339578546e-05,1.113557508267606216e-04,1.125000417232513428e-04
7.529019056537026700e+01,1.969871366198578073e+02,2.558886108398437500e+02,3.438165763506908709e-03,1.027923110565896574e-02,1.033224388957023655e-02,-1.309928514707721092e+00,-3.461562694201205659e+00,-9.828613281250113687e-01,2.491393358435879668e-05,7.423077045730017143e-05,7.500052452087332955e-05
7.398026205066254590e+01,1.935255739256566017e+02,2.549057495117187386e+02,3.463079697091267506e-03,1.035346187611626591e-02,1.040724441409110988e-02,-1.373292924663573444e+00,-2.909462287101547417e+00,-2.695312499999715783e-01,4.087318801207018640e-05,1.217715407518440290e-04,1.230463385581970215e-04
7.260696912599897246e+01,1.906161116385550542e+02,2.546362182617187671e+02,3.503952885103337692e-03,1.047523341686810994e-02,1.053029075264930690e-02,-2.466910962651141404e+00,-4.989019900906328076e+00,-1.697790527343755684e+00,3.152921117576370016e-05,9.392833637148281789e-05,9.492188692092860813e-05
7.014005816334783106e+01,1.856270917376487262e+02,2.529384277343750114e+02,3.535482096279101392e-03,1.056916175323959275e-02,1.062521263957023551e-02,-6.006881011149971528e-01,-1.252567256640958249e+00,6.181762695312329470e-01,3.678331826267042595e-05,1.095721552775413138e-04,1.107424497604377056e-04
6.953937006223283390e+01,1.843745244810077679e+02,2.535566040039062443e+02,3.572265414541771818e-03,1.067873390851713407e-02,1.073595508933067322e-02,-1.714440159176859879e-01,-5.503377488696514774e+00,-9.584838867187386313e-01,2.364557186124160992e-05,7.043311387209053032e-05,7.119178771972621556e-05
6.936792604631514791e+01,1.788711469923112531e+02,2.525981201171875057e+02,3.595910986403013428e-03,1.074916702238922460e-02,1.080714687705039943e-02,-1.531365341621835796e+00,-8.581091999624817390e+00,-1.901892089843755684e+00,4.728946644915561423e-05,1.408506100322760857e-04,1.423828303813937796e-04
6.783656070469331212e+01,1.702900549926864358e+02,2.506962280273437500e+02,3.643200452852169043e-03,1.089001763242150068e-02,1.094952970743179321e-02,-2.317513920229572477e-01,-1.743990236219332246e+00,2.013427734374886313e-01,2.364389464079054426e-05,7.041749766093820251e-05,7.119104266166756401e-05
6.760480931267035487e+01,1.685460647564671035e+02,2.508975708007812386e+02,3.666844347492959587e-03,1.096043513008243889e-02,1.102072075009346078e-02,-5.326764864741733163e-01,-3.650333057591069519e+00,3.007934570312613687e-01,4.728611224684865083e-05,1.408208580284849021e-04,1.423828303813920448e-04
6.707213282619618155e+01,1.648957316988760340e+02,2.511983642578125000e+02,3.714130459739808238e-03,1.110125598811092379e-02,1.116310358047485282e-02,-7.012011888613898236e-01,-2.914871260886542359e+00,-6.620483398437500000e-01,1.773180843094935080e-05,5.280298592390611501e-05,5.339384078979596271e-05
6.637093163733479173e+01,1.619808604379894916e+02,2.505363159179687500e+02,3.731862268170757588e-03,1.115405897403482990e-02,1.121649742126464878e-02,-1.018471195513640737e+00,-3.852075378555440466e+00,-6.985473632812500000e-01,2.955206794499161058e-05,8.799804438242540827e-05,8.898898959159781685e-05
6.535246044182115099e+01,1.581287850594340512e+02,2.498377685546875000e+02,3.761414336115749199e-03,1.124205701841725531e-02,1.130548641085624660e-02,-8.973938873985929376e-01,-3.851682339849560321e+00,-4.363525390625113687e-01,3.250641452839323625e-05,9.678897940368358377e-05,9.788796305656467800e-05
6.445506655442255806e+01,1.542771027195844908e+02,2.494014160156249886e+02,3.793920750644142435e-03,1.133884599782093890e-02,1.140337437391281128e-02,-2.732389319593124810e-01,-3.030349612550281790e+00,2.597167968750113687e-01,3.379829140494209141e-05,1.006290052502894355e-04,1.017816364765160297e-04
6.418182762246324558e+01,1.512467531070342091e+02,2.496611328125000000e+02,3.827719042049084527e-03,1.143947500307122833e-02,1.150515601038932731e-02,-1.639626364457882346e+00,-1.039015264066719624e+01,-2.028149414062511369e+00,4.113771828607396680e-05,1.224730858965794589e-04,1.238897442817701866e-04
6.254220125800536323e+01,1.408566004663670128e+02,2.476329833984374886e+02,3.868856760335158494e-03,1.156194808896780779e-02,1.162904575467109750e-02,-3.702186527575364039e-01,-2.627474591713621521e+00,2.203735351562841061e-01,2.804774391186723101e-05,8.349571061936310323e-05,8.447021245956351509e-05
6.217198260524782683e+01,1.382291258746533913e+02,2.478533569335937727e+02,3.896904504247025725e-03,1.164544379958717089e-02,1.171351596713066101e-02,-4.374243818060399747e+00,-1.649074828847028584e+01,-4.018127441406250000e+00,5.844452811742083254e-05,1.739705737715587647e-04,1.760236918926239014e-04
5.779773878718742708e+01,1.217383775861831054e+02,2.438352294921875227e+02,3.955349032364446557e-03,1.181941437335872966e-02,1.188953965902328491e-02,-7.770116978419707721e-01,-3.502532840618570731e+00,9.479980468748294697e-02,3.320138856770845498e-05,9.881959720589236773e-05,9.999945759773219700e-05
5.702072708934545631e+01,1.182358447455645347e+02,2.439300292968750057e+02,3.988550420932155012e-03,1.191823397056462203e-02,1.198953911662101711e-02,-1.968660655898162304e-01,-2.404766729069237385e+00,6.085571289062556843e-01,3.319991523841742120e-05,9.881056901642377988e-05,1.000002026557925833e-04
5.682386102375564008e+01,1.158310780164952973e+02,2.445385864257812614e+02,4.021750336170572433e-03,1.201704453958104581e-02,1.208953931927680969e-02,-1.129458353205095023e-01,-2.700845108253773219e+00,5.573608398437386313e-01,3.319918406222838181e-05,9.880080645251025639e-05,1.000002026557925833e-04
5.671091518843513057e+01,1.131302329082415241e+02,2.450959472656250000e+02,4.054949520232800815e-03,1.211584534603355606e-02,1.218953952193260228e-02,-8.242120036756972468e-02,-1.172724849610125375e+01,-1.641369628906261369e+00,3.319771090350143172e-05,9.879030980452715993e-05,9.999945759773219700e-05
5.662849398806756085e+01,1.014029844121402704e+02,2.434545776367187386e+02,4.088147231136302247e-03,1.221463565583808322e-02,1.228953897953033447e-02,3.215987621679516906e-03,-3.659956658816255981e+00,4.763305664062613687e-01,3.319697984925651379e-05,9.878128718353654247e-05,1.000002026557925833e-04
5.663170997568924037e+01,9.774302775332401438e+01,2.439309082031250000e+02,4.121344210985558761e-03,1.231341694302161976e-02,1.238953918218612706e-02,-3.838746321533861305e-01,-2.977745613065707175e+00,4.328857421874943157e-01,3.319550686172595411e-05,9.877153040440019016e-05,1.000002026557925833e-04
5.624783534353585424e+01,9.476528214025830721e+01,2.443637939453124943e+02,4.154539717847284715e-03,1.241218847342601996e-02,1.248953938484191964e-02,-6.244109111737330409e-01,-2.587569795850342302e+00,-7.942626953124829470e-01,4.149453624261584261e-06,1.234630726687328817e-05,1.250058412551741105e-05
5.562342443236212119e+01,9.217771234440796491e+01,2.435695312500000114e+02,4.158689171471546299e-03,1.242453478069289324e-02,1.250203996896743705e-02,-3.823241834376723602e+00,-1.286257933031872369e+01,-3.608776855468761369e+00,3.379857830821449832e-05,1.005573432429976433e-04,1.018196344375610352e-04
5.180018259798539759e+01,7.931513301408924121e+01,2.399607543945312500e+02,4.192487749779760797e-03,1.252509212393589089e-02,1.260385960340499809e-02,-7.867930051197760122e-01,-2.471220918425132140e+00,6.634765624999943157e-01,3.738459283151706475e-05,1.112193900126585283e-04,1.126274466514594341e-04
5.101338959286562158e+01,7.684391209566410907e+01,2.406242309570312443e+02,4.229872342611277862e-03,1.263631151394854941e-02,1.271648705005645752e-02,-9.261887452463817283e+00,-4.518389090811567144e+00,-9.237451171874994316e+00,2.921463183068375574e-05,8.690623225124545492e-05,8.801519870758021946e-05
4.175150214040180430e+01,7.232552300485254193e+01,2.313867797851562500e+02,4.259086974441961618e-03,1.272321774619979487e-02,1.280450224876403774e-02,-9.841307610953293761e-01,-2.984379467775170269e+00,7.310302734375113687e-01,5.056419429087712775e-05,1.504061789099377100e-04,1.523435115814205515e-04
4.076737137930647492e+01,6.934114353707737166e+01,2.321178100585937614e+02,4.309651168732838745e-03,1.287362392510973258e-02,1.295684576034545829e-02,-6.261065880418357210e-01,-2.750698516795452520e+00,3.685302734375000000e-01,3.318925660882911244e-05,9.871621612961983816e-05,1.000002026557925833e-04
4.014126479126463920e+01,6.659044502028191914e+01,2.324863403320312614e+02,4.342840425341667858e-03,1.297234014123935242e-02,1.305684596300125087e-02,-5.515242837827614153e-01,-2.574404256852545814e+00,4.405883789062272626e-01,3.318852602133669921e-05,9.870647220039038827e-05,1.000002026557925833e-04
3.958974050748187778e+01,6.401604076342937333e+01,2.329269287109374886e+02,4.376028951363004557e-03,1.307104661343974281e-02,1.315684616565704346e-02,-4.086746744607978599e-01,-2.211566177820181167e+00,5.810913085937841061e-01,3.318705368945875506e-05,9.869673019432569083e-05,1.000002026557925833e-04
3.918106583302107992e+01,6.180447458560919216e+01,2.335080200195312727e+02,4.409216005052463312e-03,1.316974334363406850e-02,1.325684636831283604e-02,-1.840212719994269719e-01,-1.411740266187358372e+00,8.364379882812329470e-01,3.318632322312029675e-05,9.868699011086196071e-05,1.000002026557925833e-04
3.899704456102165295e+01,6.039273431942183379e+01,2.343444580078125057e+02,4.442402328275583609e-03,1.326843033374493046e-02,1.335684657096862862e-02,-1.710974008459444917e-01,-1.243857024344848128e+00,8.851562499999943157e-01,3.318485106228261788e-05,9.867725195008593408e-05,1.000002026557908485e-04
3.882594716017570846e+01,5.914887729507698566e+01,2.352296142578125000e+02,4.475587179337866227e-03,1.336710758569501639e-02,1.345684677362441947e-02,-1.307784710818680196e-01,-9.036675921911836440e-01,9.526489257812613687e-01,3.318412071751618286e-05,9.866751571055258629e-05,1.000002026557925833e-04
3.869516868909384044e+01,5.824520970288580202e+01,2.361822631835937614e+02,4.508771300055382410e-03,1.346577510140556898e-02,1.355684697628021206e-02,-1.068475872368495061e-01,-8.790006731118680250e-01,9.679565429687500000e-01,3.318264872746376493e-05,9.865631135264583962e-05,9.999871253967354545e-05
3.858832110185699094e+01,5.736620902977393399e+01,2.371502197265625114e+02,4.541953948782846175e-03,1.356443141275821482e-02,1.365684568881988560e-02,-1.615784223665386321e-01,-1.080280652563203603e+00,9.238403320312613687e-01,3.318191850424246497e-05,9.864804913969904554e-05,1.000002026557925833e-04
3.842674267949045230e+01,5.628592837721073039e+01,2.380740600585937727e+02,4.575135867287088640e-03,1.366307946189791386e-02,1.375684589147567818e-02,-1.606786857581781192e-01,-1.112060346429537105e+00,9.218139648437215783e-01,3.318044668494581767e-05,9.863831866220237887e-05,1.000002026557908485e-04
3.826606399373227418e+01,5.517386803078119328e+01,2.389958740234374943e+02,4.608316313972034457e-03,1.376171778056011624e-02,1.385684609413146903e-02,-3.860616726463845794e-01,-1.472302332816695980e+00,7.547973632812556843e-01,3.317971658346394181e-05,9.862859010367416857e-05,1.000002026557925833e-04
3.788000232108588961e+01,5.370156569796449730e+01,2.397506713867187500e+02,4.641496030555498399e-03,1.386034637066379041e-02,1.395684629678726162e-02,-5.499282730389083440e-01,-1.531905989169132454e+00,6.583862304687500000e-01,3.317861572617753635e-05,9.861886346442666484e-05,1.000002026557925833e-04
3.733007404804698126e+01,5.216965970879536485e+01,2.404090576171875000e+02,4.674674646281675935e-03,1.395896523412821708e-02,1.405684649944305420e-02,-5.462149488416159215e-01,-1.498814538441017419e+00,6.582031250000000000e-01,3.317714416294949287e-05,9.860913874322821404e-05,1.000002026557925833e-04
3.678385909920536534e+01,5.067084517035434743e+01,2.410672607421875000e+02,4.707851790444625428e-03,1.405757437287144529e-02,1.415684670209884678e-02,-5.638178678631646790e-01,-1.453756195604306356e+00,6.481933593750000000e-01,3.317641424348000828e-05,9.859941593951329630e-05,1.000002026557925833e-04
3.622004123134220066e+01,4.921708897475004107e+01,2.417154541015625000e+02,4.741028204688105437e-03,1.415617378881095859e-02,1.425684690475463937e-02,-5.750966567549582464e-01,-1.570836660312345145e+00,6.230712890624943157e-01,3.317494285092620343e-05,9.858969505337558670e-05,1.000002026557908485e-04
3.564494457458724241e+01,4.764625231443769593e+01,2.423385253906249943e+02,4.774203147539031640e-03,1.425476348386433417e-02,1.435684710741043021e-02,-7.573319105116311789e-01,-2.229070718630168813e+00,4.882812500000000000e-01,3.317421305291078093e-05,9.857850720272100242e-05,9.999871253967354545e-05
3.488761266407561124e+01,4.541718159580752712e+01,2.428268066406249943e+02,4.807377360591942421e-03,1.435334199106705518e-02,1.445684581995010376e-02,-9.185640140867192827e-01,-2.171757957729568034e+00,4.538940429687556843e-01,3.317274183099738760e-05,9.857025917458205055e-05,1.000002026557925833e-04
3.396904864998889195e+01,4.324542363807795908e+01,2.432807006835937500e+02,4.840550102422939809e-03,1.445191225024163723e-02,1.455684602260589634e-02,-9.044386161611441821e-01,-1.934246709887915472e+00,5.005371093749886313e-01,3.317201215463291830e-05,9.856054403598567271e-05,1.000002026557925833e-04
3.306461003382774777e+01,4.131117692819004361e+01,2.437812377929687386e+02,4.873722114577572727e-03,1.455047279427762290e-02,1.465684622526168893e-02,-1.835551452711772669e+00,-2.908167355228734152e+00,-3.881835937477262632e-03,3.317054110288635699e-05,9.855083081269748468e-05,1.000002026557908485e-04
3.122905858111597510e+01,3.840300957296130946e+01,2.437773559570312614e+02,4.906892655680459084e-03,1.464902362509032038e-02,1.475684642791747977e-02,-2.024178510181741331e+00,-3.200407376150813832e+00,-1.621093750000000000e-01,3.316981154814595267e-05,9.854111950327246183e-05,1.000002026557925833e-04
2.920488007093423377e+01,3.520260219681049563e+01,2.436152465820312614e+02,4.940062467228605037e-03,1.474756474459359284e-02,1.485684663057327236e-02,-1.367407185998789743e+00,-1.813244552783046970e+00,3.740600585937272626e-01,3.316834066719592800e-05,9.853141010802805855e-05,1.000002026557925833e-04
2.783747288493544403e+01,3.338935764402744866e+01,2.439893066406249886e+02,4.973230807895800965e-03,1.484609615470162090e-02,1.495684683322906494e-02,-1.294900296283149288e+00,-1.711083906680364919e+00,4.259521484375170530e-01,3.316761123339177081e-05,9.852170262573262116e-05,1.000002026557925833e-04
2.654257258865229474e+01,3.167827373734708374e+01,2.444152587890625057e+02,5.006398419129192735e-03,1.494461785732735352e-02,1.505684703588485752e-02,-1.104565231755536558e+00,-1.405238935547217238e+00,5.460327148437329470e-01,3.316614052320705774e-05,9.851052918804191483e-05,9.999871253967181073e-05
2.543800735689675818e+01,3.027303480179986650e+01,2.449612915039062386e+02,5.039564559652399793e-03,1.504312838651539544e-02,1.515684574842452934e-02,-1.092205337330781845e+00,-1.373002606825242111e+00,5.262939453125170530e-01,3.316541121075374660e-05,9.850229354276332505e-05,1.000002026557925833e-04
2.434580201956597634e+01,2.890003219497462439e+01,2.454875854492187557e+02,5.072729970863153540e-03,1.514163068005815876e-02,1.525684595108032192e-02,-1.129017386887575469e+00,-1.334082282697572452e+00,4.996215820312386313e-01,3.316394067108107552e-05,9.849259179678555853e-05,1.000002026557925833e-04
2.321678463267840087e+01,2.756594991227705194e+01,2.459872070312499943e+02,5.105893911534234615e-03,1.524012327185494432e-02,1.535684615373611450e-02,-1.211366767042516557e+00,-1.595797562594714947e+00,4.409423828124943157e-01,3.316321147995345692e-05,9.848289196149988267e-05,1.000002026557925833e-04
2.200541786563588431e+01,2.597015234968233699e+01,2.464281494140624886e+02,5.139057123014188072e-03,1.533860616381644421e-02,1.545684635639190709e-02,-2.490299489578507774e+00,-4.268160847763692090e+00,-1.298437499999977263e+00,1.658100801812511377e-05,4.923707545836757127e-05,4.999935626983677273e-05
1.951511837605737654e+01,2.170199150191864490e+01,2.451297119140625114e+02,5.155638131032313186e-03,1.538784323927481178e-02,1.550684571266174386e-02,-2.827008952056555557e+00,-4.247682191294519072e+00,-7.758300781250113687e-01,3.104023916672155742e-05,9.217102860076611948e-05,9.360462427139212838e-05
1.668810942400082098e+01,1.745430931062412583e+01,2.443538818359375000e+02,5.186678370199034743e-03,1.548001426787557790e-02,1.560045033693313599e-02,-1.304848913188877191e+00,-1.411464403659742572e+00,5.529907226562613687e-01,3.301340849653968540e-05,9.802208018758716557e-05,9.955614805221696395e-05
1.538326051081194379e+01,1.604284490696438326e+01,2.449068725585937614e+02,5.219691778695574429e-03,1.557803634806316506e-02,1.570000648498535295e-02,-6.342131763163116887e+00,-9.075120418254385868e+00,-2.544909667968767053e+00,3.851648925483862340e-05,1.143540411055535277e-04,1.161560416221597836e-04
9.041128747648826902e+00,6.967724488709996500e+00,2.423619628906249943e+02,5.258208267950413052e-03,1.569239038916871859e-02,1.581616252660751273e-02,-1.623865260132808075e+00,-1.164890757903531693e+00,1.296337890624982947e+00,4.794833428266743330e-05,1.423451823519550352e-04,1.446068286895772770e-04
7.417263487516018827e+00,5.802833730806464807e+00,2.436583007812499773e+02,5.306156602233080485e-03,1.583473557152067362e-02,1.596076935529709001e-02,-1.259669473810724583e+00,-7.682976563512697865e-01,8.201049804687841061e-01,3.315657090126582912e-05,9.842435311004787968e-05,1.000002026557908485e-04
6.157594013705294245e+00,5.034536074455195021e+00,2.444784057617187614e+02,5.339313173134346314e-03,1.593315992463072150e-02,1.606076955795288086e-02,-1.346505537783116324e+00,-8.318450832827570807e-01,7.574584960937329470e-01,3.315510104621565562e-05,9.841466671012960576e-05,1.000002026557908485e-04
4.811088475922177921e+00,4.202690991172437940e+00,2.452358642578124943e+02,5.372468274180561970e-03,1.603157459134085111e-02,1.616076976060867171e-02,-1.390245226129712020e+00,-8.958791475772120982e-01,7.429687500000170530e-01,3.315437234295559588e-05,9.840498221637752896e-05,1.000002026557943180e-04
3.420843249792465901e+00,3.306811843595225842e+00,2.459788330078125114e+02,5.405622646523517566e-03,1.612997957355722864e-02,1.626076996326446603e-02,-1.484451028855754195e+00,-9.843417608938276331e-01,7.288696289062386313e-01,3.315290265847644496e-05,9.839529962887838543e-05,1.000002026557908485e-04
1.936392220936711706e+00,2.322470082701398209e+00,2.467077026367187500e+02,5.438775549181994011e-03,1.622837487318610702e-02,1.636077016592025687e-02,-1.528649885515046991e+00,-1.041562547312367526e+00,7.063842773437443157e-01,3.315217407597222110e-05,9.838561894619582415e-05,1.000002026557943180e-04
4.077423354216646589e-01,1.280907535389030683e+00,2.474140869140624943e+02,5.471927723257966232e-03,1.632676049213230285e-02,1.646077036857605119e-02,-1.571708251924147426e+00,-1.074095990253460808e+00,6.845947265624943157e-01,3.315070456203113303e-05,9.837447432806470382e-05,9.999871253967007600e-05
-1.163965916502482711e+00,2.068115451355697632e-01,2.480986816406249886e+02,5.505078427819997365e-03,1.642513496646036755e-02,1.656076908111572127e-02,-1.599817182140197636e+00,-1.099434437777323303e+00,6.669189453125170530e-01,3.314997610069734396e-05,9.836626343896759384e-05,1.000002026557943180e-04
-2.763783098642680347e+00,-8.926228926417535403e-01,2.487656005859375057e+02,5.538228403920694709e-03,1.652350122989933515e-02,1.666076928377151559e-02,-1.813339835278451329e+00,-1.252331622364527330e+00,5.927612304687386313e-01,3.314850675704104910e-05,9.835658846908679198e-05,1.000002026557908485e-04
-4.577122933921131676e+00,-2.144954515006280982e+00,2.493583618164062443e+02,5.571376910677735758e-03,1.662185781836842194e-02,1.676076948642730644e-02,-1.964470918495269558e+00,-1.334219107936989612e+00,5.604736328125170530e-01,3.314777841685254134e-05,9.834691540177437075e-05,1.000002026557943180e-04
-6.541593852416401234e+00,-3.479173622943270594e+00,2.499188354492187614e+02,5.604524689094588299e-03,1.672020473377019631e-02,1.686076968908310075e-02,-2.097007489358835741e+00,-1.413998853901532016e+00,5.321655273437500000e-01,3.314630924344981466e-05,9.833724423734258036e-05,1.000002026557908485e-04
-8.638601341775236975e+00,-4.893172476844802610e+00,2.504510009765625114e+02,5.637670998338038114e-03,1.681854197800753889e-02,1.696076989173889160e-02,-2.365027109684008977e+00,-1.578839634013357696e+00,4.664428710937329470e-01,3.314558102460174460e-05,9.832757497458405327e-05,1.000002026557908485e-04
-1.100362845145924595e+01,-6.472012110858160305e+00,2.509174438476562443e+02,5.670816579362639859e-03,1.691686955298212294e-02,1.706077009439468245e-02,-2.428473376689561647e+00,-1.605147861850087843e+00,4.489379882812443157e-01,3.314448243125264065e-05,9.831790761292286129e-05,1.000002026557943180e-04
-1.343210182814880760e+01,-8.077159972708248148e+00,2.513663818359374886e+02,5.703961061793892499e-03,1.701518746059504580e-02,1.716077029705047677e-02,-2.488121513128364271e+00,-1.635114571273120987e+00,4.338256835937670530e-01,3.314301351316911726e-05,9.830824215246308784e-05,1.000002026557908485e-04
-1.592022334127717187e+01,-9.712274543981369135e+00,2.518002075195312557e+02,5.737104075307061617e-03,1.711349570274750889e-02,1.726077049970626762e-02,-2.672522098613359987e+00,-1.732991419499608554e+00,3.791625976562329470e-01,3.314228547573148942e-05,9.829711390385229008e-05,9.999871253967354545e-05
-1.859274543989053186e+01,-1.144526596348097769e+01,2.521793701171874886e+02,5.770246360782793106e-03,1.721179281665136118e-02,1.736076921224594116e-02,-3.579782214735846679e+00,-2.241607426262865133e+00,1.404785156250341061e-01,3.314081672782000221e-05,9.828891707511222542e-05,1.000002026557908485e-04
-2.217252765462637853e+01,-1.368687338974384282e+01,2.523198486328125227e+02,5.803387177510613108e-03,1.731008173372647341e-02,1.746076941490173201e-02,-2.859548576825091004e+00,-1.769591492915466802e+00,3.572509765624545253e-01,3.314008881143831742e-05,9.827925731311151769e-05,1.000002026557943180e-04
-2.503207623145146954e+01,-1.545646488265930962e+01,2.526770996093749773e+02,5.836527266322051426e-03,1.740836099103958493e-02,1.756076961755752633e-02,-2.734402779162387276e+00,-1.710853968455518626e+00,3.840087890625341061e-01,3.313862023366590664e-05,9.826959945007443520e-05,1.000002026557908485e-04
-2.776647901061385681e+01,-1.716731885111482825e+01,2.530611083984375114e+02,5.869665886555717332e-03,1.750663059048965936e-02,1.766076982021331718e-02,-2.892879487847011433e+00,-1.895485109120674139e+00,3.038940429687500000e-01,3.313789243853532129e-05,9.825994348455768801e-05,1.000002026557943180e-04
-3.065935849846086825e+01,-1.906280396023550239e+01,2.533650024414062614e+02,5.902803778994252654e-03,1.760489053397421705e-02,1.776077002286911150e-02,-2.839697392892105654e+00,-1.851254407056043050e+00,3.276977539062500000e-01,3.313642403042927481e-05,9.825028941688393469e-05,1.000002026557908485e-04
-3.349905589135297390e+01,-2.091405836729154544e+01,2.536927001953125114e+02,5.935940203024681928e-03,1.770314082339110098e-02,1.786077022552490234e-02,-2.900441842142527094e+00,-1.867559156307642354e+00,2.976806640625113687e-01,3.313569635652290069e-05,9.824063724583539936e-05,1.000002026557908485e-04
-3.639949773349550100e+01,-2.278161752359918779e+01,2.539903808593750227e+02,5.969075899381204829e-03,1.780138146063693638e-02,1.796077042818069319e-02,-3.312513422582235023e+00,-2.121111088741166384e+00,1.937744140624886313e-01,3.313422811871379048e-05,9.822952329002071492e-05,9.999871253967354545e-05
-3.971201115607773602e+01,-2.490272861234035418e+01,2.541841552734375114e+02,6.002210127499918620e-03,1.789961098392695710e-02,1.806076914072036674e-02,-2.867481697723562206e+00,-1.714867418435538582e+00,3.920776367187386313e-01,3.313350056534380972e-05,9.822133873556987416e-05,1.000002026557943180e-04
-4.257949285380129822e+01,-2.661759603077589276e+01,2.545762329101562500e+02,6.035343628065262429e-03,1.799783232266252697e-02,1.816076934337616106e-02,-2.646616799105657947e+00,-1.569541976789086135e+00,4.742431640625000000e-01,3.313203249779867604e-05,9.821169225188858265e-05,1.000002026557908485e-04
-4.522610965290695617e+01,-2.818713800756497889e+01,2.550504760742187500e+02,6.068475660563061105e-03,1.809604401491441555e-02,1.826076954603195190e-02,-4.192387848965793751e+00,-2.451707033386846035e+00,3.825683593751705303e-02,3.313130506538228964e-05,9.820204766259471585e-05,1.000002026557908485e-04
-4.941849750187274992e+01,-3.063884504095182493e+01,2.550887329101562671e+02,6.101606965628443395e-03,1.819424606257701027e-02,1.836076974868774275e-02,-4.074796816609243422e+00,-2.307254384936467062e+00,1.136962890624602096e-01,3.312983716784699550e-05,9.819240496714010114e-05,1.000002026557943180e-04
-5.349329431848199334e+01,-3.294609942588829199e+01,2.552024291992187273e+02,6.134736802796290391e-03,1.829243846754415037e-02,1.846076995134353707e-02,-3.258092556993730682e+00,-1.755278785168250977e+00,3.856811523437784217e-01,3.312910985635818262e-05,9.818276416560800524e-05,1.000002026557908485e-04
-5.675138687547572403e+01,-3.470137821105654297e+01,2.555881103515625057e+02,6.167865912652648573e-03,1.839062123170975838e-02,1.856077015399932792e-02,-3.040592807178207124e+00,-1.597877742560349645e+00,4.671752929687329470e-01,3.312801235501837416e-05,9.817312525657595490e-05,1.000002026557943180e-04
-5.979197968265393115e+01,-3.629925595361689261e+01,2.560552856445312386e+02,6.200993925007666947e-03,1.848879435696633433e-02,1.866077035665512224e-02,-2.960995229768244030e+00,-1.583348320967665757e+00,5.112915039062500000e-01,3.312691492595061515e-05,9.816202556524322720e-05,9.999871253967007600e-05
-6.275297491242217518e+01,-3.788260427458455837e+01,2.565665771484374886e+02,6.234120839933617562e-03,1.858695638253157756e-02,1.876076906919479231e-02,-2.738044174162453714e+00,-1.440707695779160247e+00,5.855590820312386313e-01,3.312544736834219239e-05,9.815385325908851377e-05,1.000002026557943180e-04
-6.549101908658462889e+01,-3.932331197036371861e+01,2.571521362304687273e+02,6.267246287301959755e-03,1.868511023579066607e-02,1.886076927185058663e-02,-2.619222409881317049e+00,-1.375634859155852041e+00,6.325683593750000000e-01,3.312435010942652025e-05,9.814422002592942951e-05,1.000002026557908485e-04
-6.811024149646594594e+01,-4.069894682951957066e+01,2.577847045898437273e+02,6.300370637411386275e-03,1.878325445581659550e-02,1.896076947450637748e-02,-2.770969194084855758e+00,-1.510843827585681254e+00,5.866088867187500000e-01,3.312325292320009856e-05,9.813458868303953642e-05,1.000002026557943180e-04
-7.088121069055080170e+01,-4.220979065710525191e+01,2.583713134765624773e+02,6.333493890334586374e-03,1.888138904449963504e-02,1.906076967716217180e-02,-3.035108101481597487e+00,-1.660340492894199826e+00,5.439819335937841061e-01,3.312289613924008363e-05,9.812495923073802362e-05,1.000002026557908485e-04
-7.391631879203239919e+01,-4.387013114999945174e+01,2.589152954101562614e+02,6.366616786473826457e-03,1.897951400373037306e-02,1.916076987981796265e-02,-3.064886057872769243e+00,-1.677882328154922220e+00,5.436767578124772626e-01,3.312105874404575739e-05,9.811533166780711523e-05,1.000002026557908485e-04
-7.698120484990516843e+01,-4.554801347815437396e+01,2.594589721679687386e+02,6.399737845217872215e-03,1.907762933539818018e-02,1.926077008247375350e-02,-3.193451064590448141e+00,-1.797912816124494384e+00,5.077392578124886313e-01,3.311996177606576358e-05,9.810570599370210809e-05,1.000002026557943180e-04
-8.017465591449561657e+01,-4.734592629427886834e+01,2.599667114257812273e+02,6.432857806993937978e-03,1.917573504139188229e-02,1.936077028512954781e-02,-2.973173969391865512e+00,-1.735301292566575171e+00,5.525146484375227374e-01,3.311886488052782213e-05,9.809608220851320781e-05,1.000002026557908485e-04
-8.314782988388748208e+01,-4.908122758684544351e+01,2.605192260742187500e+02,6.465976671874465800e-03,1.927383112360039549e-02,1.946077048778533866e-02,-2.515221001235033782e+00,-1.512698945318788901e+00,6.610473632812272626e-01,3.311850828915507278e-05,9.808499878338067246e-05,9.999871253967354545e-05
-8.566305088512251587e+01,-5.059392653216423241e+01,2.611802734374999773e+02,6.499095180163620873e-03,1.937191612238377617e-02,1.956076920032501221e-02,-2.343129318083143175e+00,-1.401360500500835826e+00,7.156494140625113687e-01,3.311667128288921930e-05,9.807684044425488135e-05,1.000002026557908485e-04
-8.800618020320565904e+01,-5.199528703266506824e+01,2.618959228515624886e+02,6.532211851446510092e-03,1.946999296282803105e-02,1.966076940298080306e-02,-2.115340057327713907e+00,-1.257841529621472887e+00,7.704101562500227374e-01,3.311557460529065966e-05,9.806722232071074519e-05,1.000002026557943180e-04
-9.012152026053337295e+01,-5.325312856228654113e+01,2.626663330078125114e+02,6.565327426051800752e-03,1.956806018514874179e-02,1.976076960563659737e-02,-1.071063833961886758e+00,-6.301333369476509461e-01,3.816528320312500000e-01,1.655774615635929869e-05,4.903073553826770015e-05,5.000084638595581055e-05
-9.119258409449525971e+01,-5.388326189923419207e+01,2.630479858398437614e+02,6.581885172208160051e-03,1.961709092068700949e-02,1.981077045202255318e-02,-9.683085506463100955e+00,-6.910883109012125658e+00,-1.594287109374988631e+00,3.891961625295242005e-05,1.152430823682208672e-04,1.175329089164733887e-04
-1.008756696009583607e+02,-6.079414500824631773e+01,2.614536987304687727e+02,6.620804788461112471e-03,1.973233400305523036e-02,1.992830336093902657e-02,-1.268654304427556667e+00,-6.617826220145417437e-01,6.608032226562272626e-01,2.374123609430369569e-05,7.029358530407162076e-05,7.169693708419799805e-05
