Sigma_1,Sigma_2,Sigma_12,Epsilon_1,Epsilon_2,Epsilon_12,dSigma_1,dSigma_2,dSigma_12,dEpsilon_1,dEpsilon_2,dEpsilon_12
-0.000000000000000000e+00,-0.000000000000000000e+00,-0.000000000000000000e+00,0.000000000000000000e+00,0.000000000000000000e+00,0.000000000000000000e+00,1.080301237391241820e+01,4.016328048706054865e+00,1.551764831542968714e+01,1.999800121638574792e-04,0.000000000000000000e+00,2.000000094994902611e-04
1.080301237391241820e+01,4.016328048706054865e+00,1.551764831542968714e+01,1.999800121638574792e-04,0.000000000000000000e+00,2.000000094994902611e-04,5.398280577332210228e+00,2.005576705932616832e+00,7.753585815429689276e+00,9.997499944099476950e-05,0.000000000000000000e+00,9.999999310821293700e-05
1.620129295124462843e+01,6.021904754638671697e+00,2.327123413085937642e+01,2.999550116048522487e-04,0.000000000000000000e+00,3.000000026077031981e-04,5.396579193940933550e+00,2.003910827636718572e+00,7.750883483886717329e+00,9.996502871346707886e-05,0.000000000000000000e+00,1.000000163912773241e-04
2.159787214518556198e+01,8.025815582275390270e+00,3.102211761474609375e+01,3.999200403183193276e-04,0.000000000000000000e+00,4.000000189989805222e-04,5.394874685262436742e+00,2.002244567871093395e+00,7.748178100585938921e+00,9.995499016253158245e-05,0.000000000000000000e+00,9.999996982514860414e-05
2.699274683044799872e+01,1.002806015014648366e+01,3.877029571533203267e+01,4.998750304808509100e-04,0.000000000000000000e+00,4.999999888241291263e-04,5.393167817547954712e+00,2.000578308105469105e+00,7.745475769042968750e+00,9.994504669895497122e-05,0.000000000000000000e+00,1.000000163912772699e-04
3.238591464799595343e+01,1.202863845825195277e+01,4.651577148437500142e+01,5.998200771798058812e-04,0.000000000000000000e+00,6.000000052154063962e-04,5.391466221655171864e+00,1.998914337158202770e+00,7.742776489257813921e+00,9.993505868506125708e-05,0.000000000000000000e+00,1.000000163912773783e-04
3.777738086965112529e+01,1.402755279541015554e+01,5.425854797363281534e+01,6.997551358648671383e-04,0.000000000000000000e+00,7.000000216066837744e-04,5.389763792632358275e+00,1.997248840332030539e+00,7.740069580078120737e+00,9.992507266705201192e-05,0.000000000000000000e+00,1.000000163912772699e-04
4.316714466228348357e+01,1.602480163574218608e+01,6.199861755371093608e+01,7.996802085319191502e-04,0.000000000000000000e+00,8.000000379979610443e-04,5.388057471457145198e+00,1.995585632324221592e+00,7.737377929687504263e+00,9.991499559590334614e-05,0.000000000000000000e+00,9.999992325901983000e-05
4.855520213374062877e+01,1.802038726806640767e+01,6.973599548339844034e+01,8.995952041278224964e-04,0.000000000000000000e+00,8.999999612569808743e-04,5.386356434390819459e+00,1.993922424316405539e+00,7.734674072265619316e+00,9.990510662625400919e-05,0.000000000000000000e+00,1.000000163912773783e-04
5.394155856813144823e+01,2.001430969238281321e+01,7.747066955566405966e+01,9.995003107540765055e-04,0.000000000000000000e+00,9.999999776482582526e-04,5.384651505978219177e+00,1.992259216308593039e+00,7.731976318359372158e+00,9.989512659297180089e-05,0.000000000000000000e+00,1.000000163912772699e-04
5.932621007410966740e+01,2.200656890869140625e+01,8.520264587402343182e+01,1.099395437347048306e-03,0.000000000000000000e+00,1.099999994039535522e-03,5.382945744435588153e+00,1.990596008300780539e+00,7.729284667968755684e+00,9.988514855340403092e-05,0.000000000000000000e+00,1.000000163912772699e-04
6.470915581854525556e+01,2.399716491699218679e+01,9.293193054199218750e+01,1.199280585900452337e-03,0.000000000000000000e+00,1.200000010430812792e-03,5.381013026105705421e+00,1.988858032226563211e+00,7.726370239257818184e+00,9.987517250695308706e-05,0.000000000000000000e+00,1.000000163912772699e-04
7.009016884465096098e+01,2.598602294921875000e+01,1.006583007812500057e+02,1.299155758407405424e-03,0.000000000000000000e+00,1.300000026822090062e-03,5.375393834386841263e+00,1.985736083984374289e+00,7.719720458984369316e+00,9.986519845280017980e-05,0.000000000000000000e+00,1.000000163912774867e-04
7.546556267903780224e+01,2.797175903320312429e+01,1.083780212402343750e+02,1.399020956860205604e-03,0.000000000000000000e+00,1.400000043213367549e-03,5.368592884662334086e+00,1.982290649414064632e+00,7.712384033203122158e+00,9.985513339833408490e-05,0.000000000000000000e+00,9.999992325901972158e-05
8.083415556370013633e+01,2.995404968261718892e+01,1.160904052734374972e+02,1.498876090258539689e-03,0.000000000000000000e+00,1.499999966472387270e-03,5.362553759246239338e+00,1.979089355468747868e+00,7.705554199218752842e+00,9.984534931301090703e-05,0.000000000000000000e+00,1.000001095235348181e-04
8.619670932294637566e+01,3.193313903808593679e+01,1.237959594726562500e+02,1.598721439571550596e-03,0.000000000000000000e+00,1.600000075995922089e-03,5.357533501659816011e+00,1.975952148437503553e+00,7.699554443359375000e+00,9.983528824037877190e-05,0.000000000000000000e+00,1.000000163912772699e-04
9.155424282460619168e+01,3.390909118652344034e+01,1.314955139160156250e+02,1.698556727811929368e-03,0.000000000000000000e+00,1.700000092387199358e-03,5.352438035818309459e+00,1.972988891601559658e+00,7.693524169921886369e+00,9.982513622067449785e-05,0.000000000000000000e+00,9.999983012676239014e-05
9.690668086042450113e+01,3.588208007812500000e+01,1.391890380859375114e+02,1.798381864032603866e-03,0.000000000000000000e+00,1.799999922513961749e-03,5.349040760537334904e+00,1.970123291015625000e+00,7.688421630859352263e+00,9.981535806883657692e-05,0.000000000000000000e+00,1.000000163912772699e-04
1.022557216209618360e+02,3.785220336914062500e+01,1.468774597167968636e+02,1.898197222101440443e-03,0.000000000000000000e+00,1.899999938905239018e-03,5.344266093964222364e+00,1.967083740234372158e+00,7.683081054687534106e+00,9.980539595727186408e-05,0.000000000000000000e+00,1.000000163912774867e-04
1.075999877149260584e+02,3.981928710937499716e+01,1.545605407714843977e+02,1.998002618058712307e-03,0.000000000000000000e+00,1.999999955296516505e-03,5.337881083152637984e+00,1.962954711914065342e+00,7.674853515624988631e+00,9.979543583449714331e-05,0.000000000000000000e+00,1.000000163912770530e-04
1.129378687980786964e+02,4.178224182128906250e+01,1.622353942871093864e+02,2.097798053893209450e-03,0.000000000000000000e+00,2.099999971687793558e-03,5.332435851393412918e+00,1.958532714843748579e+00,7.666168212890625000e+00,9.978547769925192115e-05,0.000000000000000000e+00,1.000000163912774867e-04
1.182703046494721093e+02,4.374077453613281108e+01,1.699015625000000114e+02,2.197583531592461371e-03,0.000000000000000000e+00,2.199999988079071045e-03,5.322804264653356654e+00,1.952203369140626421e+00,7.653192138671840894e+00,9.977552155116279839e-05,0.000000000000000000e+00,1.000000163912774867e-04
1.235931089141254660e+02,4.569297790527343750e+01,1.775547546386718523e+02,2.297359053143624170e-03,0.000000000000000000e+00,2.300000004470348532e-03,5.315017162776101145e+00,1.947103881835936079e+00,7.643750000000011369e+00,9.976556738963563223e-05,0.000000000000000000e+00,1.000000163912770530e-04
1.289081260769015671e+02,4.764008178710937358e+01,1.851985046386718636e+02,2.397124620533259802e-03,0.000000000000000000e+00,2.400000020861625585e-03,5.305293880478359370e+00,1.940267944335936079e+00,7.629852294921875000e+00,9.975561521385336791e-05,0.000000000000000000e+00,1.000000163912774867e-04
1.342134199573799265e+02,4.958034973144530966e+01,1.928283569335937386e+02,2.496880235747113170e-03,0.000000000000000000e+00,2.500000037252903071e-03,5.299043182408922803e+00,1.935330200195316763e+00,7.621069335937505684e+00,9.974566502388756278e-05,0.000000000000000000e+00,1.000000163912770530e-04
1.395124631397888493e+02,5.151567993164062642e+01,2.004494262695312443e+02,2.596625900771000733e-03,0.000000000000000000e+00,2.600000053644180124e-03,5.292239498499128558e+00,1.930255126953120737e+00,7.611956787109392053e+00,9.973571681847880760e-05,0.000000000000000000e+00,1.000000163912774867e-04
1.448047026382879778e+02,5.344593505859374716e+01,2.080613830566406364e+02,2.696361617589479540e-03,0.000000000000000000e+00,2.700000070035457611e-03,5.283021944959926941e+00,1.924566650390630684e+00,7.601019287109352263e+00,9.972577059725457049e-05,0.000000000000000000e+00,1.000000163912774867e-04
1.500877245832479048e+02,5.537050170898437784e+01,2.156624023437499886e+02,2.796087388186734111e-03,0.000000000000000000e+00,2.800000086426735098e-03,5.274572563248966617e+00,1.919653320312498579e+00,7.591491699218750000e+00,9.971564063366786246e-05,0.000000000000000000e+00,9.999983012676239014e-05
1.553622971464968714e+02,5.729015502929687642e+01,2.232538940429687386e+02,2.895803028820401973e-03,0.000000000000000000e+00,2.899999916553497488e-03,5.261553514151387390e+00,1.910833740234373579e+00,7.574267578125017053e+00,9.970588412350385454e-05,0.000000000000000000e+00,1.000000163912770530e-04
1.606238506606482588e+02,5.920098876953125000e+01,2.308281616210937557e+02,2.995508912943905828e-03,0.000000000000000000e+00,2.999999932944774541e-03,5.246864926677176300e+00,1.901550292968750000e+00,7.554956054687494316e+00,9.969594385104973977e-05,0.000000000000000000e+00,1.000000163912774867e-04
1.658707155873254351e+02,6.110253906250000000e+01,2.383831176757812500e+02,3.095204856794955568e-03,0.000000000000000000e+00,3.099999949336052028e-03,5.229036665159867425e+00,1.891021728515625000e+00,7.533349609375022737e+00,9.968619123126333526e-05,0.000000000000000000e+00,1.000002026557921496e-04
1.710997522524853025e+02,6.299356079101562500e+01,2.459164672851562727e+02,3.194891048026218903e-03,0.000000000000000000e+00,3.200000151991844177e-03,5.212721332018844578e+00,1.882354736328125000e+00,7.514758300781238631e+00,9.967588358123337725e-05,0.000000000000000000e+00,9.999983012676239014e-05
1.763124735845041471e+02,6.487591552734375000e+01,2.534312255859375114e+02,3.294566931607452280e-03,0.000000000000000000e+00,3.299999982118606567e-03,5.188794598333061003e+00,1.870422363281250000e+00,7.488159179687500000e+00,9.966632055647848751e-05,0.000000000000000000e+00,1.000002026557921496e-04
1.815012681828372081e+02,6.674633789062500000e+01,2.609193847656250114e+02,3.394233252163930768e-03,0.000000000000000000e+00,3.400000184774398717e-03,5.159764369983378174e+00,1.856378173828119316e+00,7.456335449218727263e+00,9.965601694112693684e-05,0.000000000000000000e+00,9.999983012676239014e-05
1.866610325528205863e+02,6.860271606445311932e+01,2.683757202148437386e+02,3.493889269105057704e-03,0.000000000000000000e+00,3.500000014901161107e-03,5.125298037681687902e+00,1.840179443359375000e+00,7.420898437500000000e+00,9.964608660902344803e-05,0.000000000000000000e+00,9.999983012676239014e-05
1.917863305905022742e+02,7.044289550781249432e+01,2.757966186523437386e+02,3.593535355714081152e-03,0.000000000000000000e+00,3.599999845027923497e-03,5.095807813626549887e+00,1.825988769531250000e+00,7.385778808593784106e+00,9.963652941138122221e-05,0.000000000000000000e+00,1.000002026557921496e-04
1.968821384041288240e+02,7.226888427734374432e+01,2.831823974609375227e+02,3.693171885125462375e-03,0.000000000000000000e+00,3.700000047683715647e-03,5.049129034669590510e+00,1.803991699218755684e+00,7.326110839843750000e+00,9.962623184377097235e-05,0.000000000000000000e+00,9.999983012676239014e-05
2.019312674387984146e+02,7.407287597656250000e+01,2.905085083007812727e+02,3.792798116969233347e-03,0.000000000000000000e+00,3.799999877810478037e-03,4.945268261377265162e+00,1.754046630859377842e+00,7.188964843750000000e+00,9.961667852832105721e-05,0.000000000000000000e+00,1.000002026557925833e-04
2.068765357001756797e+02,7.582692260742187784e+01,2.976974731445312727e+02,3.892414795497554404e-03,0.000000000000000000e+00,3.900000080466270620e-03,4.882016429404586688e+00,1.730718994140616473e+00,7.114355468749977263e+00,9.960638498917890465e-05,0.000000000000000000e+00,9.999983012676239014e-05
2.117585521295802664e+02,7.755764160156249432e+01,3.048118286132812500e+02,3.992021180486733309e-03,0.000000000000000000e+00,3.999999910593033010e-03,4.844669284009768262e+00,1.716418457031252842e+00,7.061840820312511369e+00,9.959683555314444159e-05,0.000000000000000000e+00,1.000002026557917159e-04
2.166032214135900347e+02,7.927406005859374716e+01,3.118736694335937614e+02,4.091618016039877750e-03,0.000000000000000000e+00,4.100000113248824726e-03,4.787255951855939884e+00,1.690563964843747158e+00,6.969628906249965894e+00,9.958654604051968978e-05,0.000000000000000000e+00,9.999983012676239014e-05
2.213904773654459746e+02,8.096462402343749432e+01,3.188432983398437273e+02,4.191204562080397440e-03,0.000000000000000000e+00,4.199999943375587116e-03,4.673333468206351426e+00,1.632708740234377842e+00,6.751660156250011369e+00,9.957700048201113124e-05,0.000000000000000000e+00,1.000002026557925833e-04
2.260638108336523260e+02,8.259733276367187216e+01,3.255949584960937386e+02,4.290781562562408571e-03,0.000000000000000000e+00,4.300000146031379700e-03,4.596673682356765767e+00,1.598968505859375000e+00,6.610278320312488631e+00,9.956671499307227780e-05,0.000000000000000000e+00,9.999983012676239014e-05
2.306604845160090917e+02,8.419630126953124716e+01,3.322052368164062273e+02,4.390348277555480849e-03,0.000000000000000000e+00,4.399999976158142090e-03,4.557782261702669757e+00,1.586566162109377842e+00,6.576062011718818212e+00,9.955717330953697819e-05,0.000000000000000000e+00,1.000002026557925833e-04
2.352182667777117615e+02,8.578286743164062500e+01,3.387812988281250455e+02,4.489905450865017827e-03,0.000000000000000000e+00,4.500000178813934673e-03,4.499380319148258423e+00,1.568444824218744316e+00,6.519287109375000000e+00,9.954689184211475139e-05,0.000000000000000000e+00,9.999983012676239014e-05
2.397176470968600199e+02,8.735131225585936932e+01,3.453005859375000455e+02,4.589452342707132579e-03,0.000000000000000000e+00,4.600000008940697063e-03,4.449153374283326912e+00,1.553845214843761369e+00,6.483386230468681788e+00,9.953698324480144549e-05,0.000000000000000000e+00,9.999983012676239014e-05
2.441668004711433468e+02,8.890515747070313068e+01,3.517839721679687273e+02,4.688989325951934024e-03,0.000000000000000000e+00,4.699999839067459453e-03,4.295315789173741905e+00,1.513623046874997158e+00,6.383129882812511369e+00,9.952744736913595597e-05,0.000000000000000000e+00,1.000002026557917159e-04
2.484621162603170887e+02,9.041878051757812784e+01,3.581671020507812386e+02,4.788516773321069980e-03,0.000000000000000000e+00,4.800000041723251169e-03,1.066129982718223346e+00,3.752380371093693157e-01,1.591821289062522737e+00,2.488031415184659145e-05,0.000000000000000000e+00,2.500005066394857950e-05
2.495282462430353121e+02,9.079401855468749716e+01,3.597589233398437614e+02,4.813397087472916572e-03,0.000000000000000000e+00,4.825000092387199749e-03,3.125252440565304823e+00,1.109289550781255684e+00,4.778686523437443157e+00,7.463685777788723469e-05,0.000000000000000000e+00,7.499977946281381064e-05
2.526534986836006169e+02,9.190330810546875284e+01,3.645376098632812045e+02,4.888033945250803806e-03,0.000000000000000000e+00,4.899999871850013559e-03,4.610473075498077833e+00,1.634374999999991473e+00,7.055822753906284106e+00,1.136944085029963081e-04,0.000000000000000000e+00,1.142580062150960404e-04
2.572639717590986947e+02,9.353768310546874432e+01,3.715934326171874886e+02,5.001728353753800115e-03,0.000000000000000000e+00,5.014257878065109600e-03,3.808780541582507340e+00,1.345446777343752842e+00,5.837255859375034106e+00,9.570696343607753426e-05,0.000000000000000000e+00,9.619146585464460192e-05
2.610727523006812021e+02,9.488312988281249716e+01,3.774306884765625227e+02,5.097435317189877649e-03,0.000000000000000000e+00,5.110449343919754202e-03,3.968314835532510187e+00,1.414227294921872158e+00,6.210461425781204525e+00,1.044168597768785692e-04,0.000000000000000000e+00,1.049559563398357737e-04
2.650410671362137123e+02,9.629735717773436932e+01,3.836411499023437273e+02,5.201852176966756218e-03,0.000000000000000000e+00,5.215405300259589975e-03,3.851240064473529401e+00,1.349304199218750000e+00,5.917529296875045475e+00,1.018013057647610548e-04,0.000000000000000000e+00,1.023374497890472412e-04
2.688923072006872417e+02,9.764666137695311932e+01,3.895586791992187727e+02,5.303653482731517273e-03,0.000000000000000000e+00,5.317742750048637217e-03,5.678714982574888381e+00,1.987530517578136369e+00,8.714196777343715894e+00,1.493639384925159186e-04,0.000000000000000000e+00,1.501694321632386989e-04
2.745710221832621301e+02,9.963419189453125568e+01,3.982728759765624886e+02,5.453017421224033191e-03,0.000000000000000000e+00,5.467912182211875916e-03,3.792491912924845110e+00,1.325726318359372158e+00,5.833178710937488631e+00,9.945143842460431316e-05,0.000000000000000000e+00,1.000002026557925833e-04
2.783635140961869752e+02,1.009599182128906278e+02,4.041060546874999773e+02,5.552468859648637504e-03,0.000000000000000000e+00,5.567912384867668499e-03,3.802128660124026283e+00,1.327954101562497158e+00,5.806176757812522737e+00,9.944117838996992254e-05,0.000000000000000000e+00,9.999983012676239014e-05
2.821656427563110014e+02,1.022878723144531250e+02,4.099122314453125000e+02,5.651910038038607427e-03,0.000000000000000000e+00,5.667912214994430889e-03,3.753180321050479051e+00,1.305718994140619316e+00,5.750805664062511369e+00,9.943166121773906740e-05,0.000000000000000000e+00,1.000002026557917159e-04
2.859188230773614805e+02,1.035935913085937443e+02,4.156630371093750114e+02,5.751341699256346494e-03,0.000000000000000000e+00,5.767912417650222605e-03,3.605766643136064431e+00,1.233264160156252842e+00,5.561877441406238631e+00,9.942140518974431490e-05,0.000000000000000000e+00,9.999983012676239014e-05
2.895245897204975449e+02,1.048268554687499972e+02,4.212249145507812500e+02,5.850763104446090809e-03,0.000000000000000000e+00,5.867912247776984995e-03,3.275093155687500257e+00,1.134020996093752842e+00,5.316345214843750000e+00,9.941189187565903362e-05,0.000000000000000000e+00,1.000002026557925833e-04
2.927996828761850452e+02,1.059608764648437500e+02,4.265412597656250000e+02,5.950174996321749843e-03,0.000000000000000000e+00,5.967912450432777578e-03,3.205539675945544786e+00,1.100012207031255684e+00,5.220458984375000000e+00,9.940163985148846304e-05,0.000000000000000000e+00,9.999983012676239014e-05
2.960052225521305900e+02,1.070608886718750057e+02,4.317617187500000000e+02,6.049576636173238306e-03,0.000000000000000000e+00,6.067912280559539968e-03,3.076027633897240321e+00,1.048547363281244316e+00,5.120605468750000000e+00,9.939176014753334926e-05,0.000000000000000000e+00,9.999983012676239014e-05
2.990812501860278303e+02,1.081094360351562500e+02,4.368823242187500000e+02,6.148968396320771655e-03,0.000000000000000000e+00,6.167912110686302359e-03,1.867108841640117589e+00,6.329833984375028422e-01,3.155322265625045475e+00,6.211525042785787792e-05,0.000000000000000000e+00,6.250031292438524427e-05
3.009483590276679479e+02,1.087424194335937528e+02,4.400376464843750455e+02,6.211083646748629533e-03,0.000000000000000000e+00,6.230412423610687603e-03,3.427504820180047318e+00,1.123046875000000000e+00,6.413549804687477263e+00,1.397447454301184791e-04,0.000000000000000000e+00,1.406252384185784077e-04
3.043758638478479952e+02,1.098654663085937528e+02,4.464511962890625227e+02,6.350828392178748012e-03,0.000000000000000000e+00,6.371037662029266010e-03,1.611398936295245221e+00,5.037231445312500000e-01,3.562207031249954525e+00,8.383717838210402729e-05,0.000000000000000000e+00,8.437484502792427787e-05
3.059872627841432404e+02,1.103691894531250028e+02,4.500134033203124773e+02,6.434665570560852040e-03,0.000000000000000000e+00,6.455412507057190288e-03,8.530247897769527299e-01,1.873901367187471578e-01,2.883813476562522737e+00,8.383015029861558276e-05,0.000000000000000000e+00,8.437484502792341051e-05
3.068402875739201932e+02,1.105565795898437500e+02,4.528972167968750000e+02,6.518495720859467622e-03,0.000000000000000000e+00,6.539787352085113699e-03,3.229902632309631372e-01,-4.321289062500000000e-02,2.973413085937522737e+00,9.934553676617038920e-05,0.000000000000000000e+00,1.000002026557917159e-04
3.071632778371511563e+02,1.105133666992187500e+02,4.558706298828125227e+02,6.617841257625638011e-03,0.000000000000000000e+00,6.639787554740905415e-03,-1.088402996658203392e+00,-5.613647460937443157e-01,1.999023437500000000e+00,9.933492814100542551e-05,0.000000000000000000e+00,9.999945759773306436e-05
3.060748748404929529e+02,1.099520019531250057e+02,4.578696533203125227e+02,6.717176185766643437e-03,0.000000000000000000e+00,6.739787012338638479e-03,-6.525326558726760595e-01,-4.313964843750000000e-01,2.306298828125022737e+00,9.932580168950638083e-05,0.000000000000000000e+00,1.000002026557917159e-04
3.054223421846202768e+02,1.095206054687500057e+02,4.601759521484375455e+02,6.816501987456149818e-03,0.000000000000000000e+00,6.839787214994430195e-03,-1.328886399616692415e+00,-8.398681640625085265e-01,1.451562499999909051e+00,9.931593705465088101e-05,0.000000000000000000e+00,1.000002026557925833e-04
3.040934557850035844e+02,1.086807373046874972e+02,4.616275146484374545e+02,6.915817924510800699e-03,0.000000000000000000e+00,6.939787417650222778e-03,-6.354102975193086422e+00,-3.590136718750002842e+00,-4.015551757812431788e+00,9.930607437880992899e-05,0.000000000000000000e+00,1.000002026557925833e-04
2.977393528098104980e+02,1.050906005859374943e+02,4.576119628906250227e+02,7.015123998889610628e-03,0.000000000000000000e+00,7.039787620306015362e-03,-8.995547754783785876e+00,-4.953723144531238631e+00,-6.385034179687522737e+00,9.929547388523151524e-05,0.000000000000000000e+00,9.999945759773219700e-05
2.887438050550267121e+02,1.001368774414062557e+02,4.512269287109375000e+02,7.114419472774842143e-03,0.000000000000000000e+00,7.139787077903747559e-03,-7.509964312213924131e+00,-4.332836914062511369e+00,-5.211914062500000000e+00,9.928635497595105636e-05,0.000000000000000000e+00,1.000002026557925833e-04
2.812338407428127880e+02,9.580404052734374432e+01,4.460150146484375000e+02,7.213705827750793199e-03,0.000000000000000000e+00,7.239787280559540142e-03,-4.646396005622989378e+00,-3.111267089843750000e+00,-2.587036132812500000e+00,9.927649817408328720e-05,0.000000000000000000e+00,1.000002026557917159e-04
2.765874447371897986e+02,9.269277343749999432e+01,4.434279785156250000e+02,7.312982325924876487e-03,0.000000000000000000e+00,7.339787483215331858e-03,-5.364682386009178572e+00,-3.649963378906250000e+00,-3.267260742187488631e+00,9.926590377368378626e-05,0.000000000000000000e+00,9.999945759773306436e-05
2.712227623511806200e+02,8.904281005859374432e+01,4.401607177734375114e+02,7.412248229698560273e-03,0.000000000000000000e+00,7.439786940813064922e-03,-6.558934592174864520e+00,-4.455187988281238631e+00,-4.476879882812511369e+00,9.925679051431962607e-05,0.000000000000000000e+00,1.000002026557917159e-04
2.646638277590057555e+02,8.458762207031250568e+01,4.356838378906250000e+02,7.511505020212879899e-03,0.000000000000000000e+00,7.539787143468856638e-03,-5.109070157323287731e+00,-3.332348632812511369e+00,-3.679931640625000000e+00,6.203030666144561389e-05,0.000000000000000000e+00,6.249994039535505114e-05
2.595547576016824678e+02,8.125527343749999432e+01,4.320039062500000000e+02,7.573535326874325513e-03,0.000000000000000000e+00,7.602287083864211689e-03,-9.042316640790659221e+00,-5.824511718749988631e+00,-6.466210937500022737e+00,1.023416685125479869e-04,0.000000000000000000e+00,1.031249761581426103e-04
2.505124409608918086e+02,7.543076171875000568e+01,4.255376953124999773e+02,7.675876995386873500e-03,0.000000000000000000e+00,7.705412060022354299e-03,-6.275690626526056803e+00,-4.562335205078127842e+00,-3.761425781249954525e+00,1.139593470032319866e-04,0.000000000000000000e+00,1.148439943790434056e-04
2.442367503343657518e+02,7.086842651367187784e+01,4.217762695312500227e+02,7.789836342390105486e-03,0.000000000000000000e+00,7.820256054401397705e-03,-8.420876786000292213e+00,-5.452655029296877842e+00,-6.085791015625034106e+00,8.371662782282254800e-05,0.000000000000000000e+00,8.437484502792427787e-05
2.358158735483654596e+02,6.541577148437500000e+01,4.156904785156249886e+02,7.873552970212928034e-03,0.000000000000000000e+00,7.904630899429321983e-03,-8.642586432103229299e+00,-5.722448730468748579e+00,-5.669299316406238631e+00,1.046362996436674825e-04,0.000000000000000000e+00,1.054689288139329384e-04
2.271732871162622303e+02,5.969332275390625142e+01,4.100211791992187500e+02,7.978189269856595517e-03,0.000000000000000000e+00,8.010099828243254921e-03,-9.696177763141946571e+00,-6.221008300781250000e+00,-6.553613281250022737e+00,1.046253520337533938e-04,0.000000000000000000e+00,1.054689288139346731e-04
2.174771093531202837e+02,5.347231445312500142e+01,4.034675659179687273e+02,8.082814621890348911e-03,0.000000000000000000e+00,8.115568757057189594e-03,-5.893185386038965135e+00,-4.157815551757813921e+00,-3.492602539062488631e+00,9.938387239631120418e-05,0.000000000000000000e+00,1.001954078674316406e-04
2.115839239670813186e+02,4.931449890136718750e+01,3.999749633789062386e+02,8.182198494286660115e-03,0.000000000000000000e+00,8.215764164924621235e-03,-1.363507811901328637e+01,-8.924966430664063921e+00,-8.804736328124988631e+00,1.697818257081363386e-04,0.000000000000000000e+00,1.711912453174601473e-04
1.979488458480680322e+02,4.038953247070312358e+01,3.911702270507812500e+02,8.351980319994796453e-03,0.000000000000000000e+00,8.386955410242081382e-03,-9.187995959584213779e+00,-5.844433593749997158e+00,-5.996582031250000000e+00,9.916356415865142104e-05,0.000000000000000000e+00,1.000002026557908485e-04
1.887608498884838184e+02,3.454509887695312642e+01,3.851736450195312500e+02,8.451143884153447874e-03,0.000000000000000000e+00,8.486955612897872231e-03,-8.706544978414797242e+00,-5.350341796875000000e+00,-5.122265625000011369e+00,9.915299300627955503e-05,0.000000000000000000e+00,9.999945759773393172e-05
1.800543049100690212e+02,2.919475708007812642e+01,3.800513793945312386e+02,8.550296877159727429e-03,0.000000000000000000e+00,8.586955070495606163e-03,-5.597081583962335571e+00,-3.732923889160158382e+00,-2.651586914062477263e+00,9.914390130664856027e-05,0.000000000000000000e+00,1.000002026557908485e-04
1.744572233261066856e+02,2.546183319091796804e+01,3.773997924804687614e+02,8.649440778466375990e-03,0.000000000000000000e+00,8.686955273151397011e-03,-4.769381351376068778e+00,-3.409858703613281250e+00,-2.099121093750000000e+00,9.913407276769363452e-05,0.000000000000000000e+00,1.000002026557925833e-04
1.696878419747306168e+02,2.205197448730468679e+01,3.753006713867187614e+02,8.748574851234069624e-03,0.000000000000000000e+00,8.786955475807189594e-03,-5.402177947537012415e+00,-3.709408569335938211e+00,-2.601477050781284106e+00,9.912350768262988276e-05,0.000000000000000000e+00,9.999945759773219700e-05
1.642856640271936044e+02,1.834256591796874858e+01,3.726991943359374773e+02,8.847698358916699507e-03,0.000000000000000000e+00,8.886954933404921791e-03,-6.525688481230105253e+00,-4.103900146484374289e+00,-3.509680175781227263e+00,9.911442160831680781e-05,0.000000000000000000e+00,1.000002026557925833e-04
1.577599755459634991e+02,1.423866577148437429e+01,3.691895141601562500e+02,8.946812780525016315e-03,0.000000000000000000e+00,8.986955136060714375e-03,-1.681739637238251817e+00,-1.060321044921874289e+00,-9.539550781249772626e-01,2.477743973176155245e-05,0.000000000000000000e+00,2.500042319297790527e-05
1.560782359087252473e+02,1.317834472656250000e+01,3.682355590820312727e+02,8.971590220256777867e-03,0.000000000000000000e+00,9.011955559253692280e-03,-6.618853244130349367e+00,-4.069019317626953125e+00,-3.766088867187477263e+00,9.290827038569045293e-05,0.000000000000000000e+00,9.374991059303387775e-05
1.494593826645948980e+02,9.109325408935546875e+00,3.644694702148437955e+02,9.064498490642468320e-03,0.000000000000000000e+00,9.105705469846726158e-03,-7.967884776131313629e+00,-4.440576171874999645e+00,-4.369665527343840949e+00,1.029798780080408427e-04,0.000000000000000000e+00,1.039229333400712441e-04
1.414914978884635843e+02,4.668749237060547230e+00,3.600998046874999545e+02,9.167478368650509163e-03,0.000000000000000000e+00,9.209628403186797402e-03,-4.968150709056828873e+00,-2.917173385620117632e+00,-2.200268554687454525e+00,9.539622663546319659e-05,0.000000000000000000e+00,9.627938270568951740e-05
1.365233471794067555e+02,1.751575851440429599e+00,3.578995361328125000e+02,9.262874595285972359e-03,0.000000000000000000e+00,9.305907785892486919e-03,-6.779485852116692968e+00,-3.745090293884277166e+00,-3.736608886718727263e+00,1.029564998882136900e-04,0.000000000000000000e+00,1.039199531078331684e-04
1.297438613272900625e+02,-1.993514442443847567e+00,3.541629272460937727e+02,9.365831095174186050e-03,0.000000000000000000e+00,9.409827739000320088e-03,-5.213464131007668811e+00,-2.932704353332519442e+00,-2.551098632812511369e+00,1.029466389753080219e-04,0.000000000000000000e+00,1.039206981658935547e-04
1.245303971962823937e+02,-4.926218795776367010e+00,3.516118286132812614e+02,9.468777734149494071e-03,0.000000000000000000e+00,9.513748437166213642e-03,-4.418629310629512474e+00,-2.539256668090820845e+00,-1.850891113281306843e+00,1.047743002179739313e-04,0.000000000000000000e+00,1.057766377925879742e-04
1.201117678856528812e+02,-7.465475463867187855e+00,3.497609374999999545e+02,9.573552034367468003e-03,0.000000000000000000e+00,9.619525074958801616e-03,-3.840260276909702952e+00,-2.170430755615234020e+00,-1.335595703124965894e+00,9.924911680843882811e-05,0.000000000000000000e+00,1.002088189125064505e-04
1.162715076087431783e+02,-9.635906219482421875e+00,3.484253417968749886e+02,9.672801151175906831e-03,0.000000000000000000e+00,9.719733893871308067e-03,-3.723143106031997718e+00,-1.961712646484375711e+00,-1.413842773437465894e+00,8.412136925262624076e-05,0.000000000000000000e+00,8.494257926940779191e-05
1.125483645027111805e+02,-1.159761886596679759e+01,3.470114990234375227e+02,9.756922520428533072e-03,0.000000000000000000e+00,9.804676473140715859e-03,-4.561037865904069122e+00,-2.385781097412108309e+00,-1.748962402343750000e+00,1.098898856658533235e-04,0.000000000000000000e+00,1.109734177589423443e-04
1.079873266368071114e+02,-1.398339996337890589e+01,3.452625366210937727e+02,9.866812406094386395e-03,0.000000000000000000e+00,9.915649890899658203e-03,-3.061757255564373281e+00,-1.630360412597656961e+00,-1.021166992187545475e+00,8.829580695538657986e-05,0.000000000000000000e+00,8.917525410652091256e-05
1.049255693812427381e+02,-1.561376037597656286e+01,3.442413696289062273e+02,9.955108213049772975e-03,0.000000000000000000e+00,1.000482514500617912e-02,-3.515760327242219319e+00,-1.911116027832031605e+00,-1.133837890624931788e+00,1.059448259785478880e-04,0.000000000000000000e+00,1.070104539394392540e-04
1.014098090540005188e+02,-1.752487640380859446e+01,3.431075317382812955e+02,1.006105303902832086e-02,0.000000000000000000e+00,1.011183559894561837e-02,-3.514386531487176057e+00,-1.879522705078123579e+00,-1.160070800781284106e+00,1.059336028616363751e-04,0.000000000000000000e+00,1.070104539394375193e-04
9.789542252251334276e+01,-1.940439910888671804e+01,3.419474609375000114e+02,1.016698664188995724e-02,0.000000000000000000e+00,1.021884605288505589e-02,-3.430719590042031086e+00,-1.739611816406249289e+00,-1.097290039062500000e+00,1.059223821218459316e-04,0.000000000000000000e+00,1.070104539394375193e-04
9.446470293247131167e+01,-2.114401092529296733e+01,3.408501708984375114e+02,1.027290902401180317e-02,0.000000000000000000e+00,1.032585650682449341e-02,-3.241295472879812678e+00,-1.620092773437502132e+00,-1.010131835937500000e+00,1.059111637590759436e-04,0.000000000000000000e+00,1.070104539394375193e-04
9.122340745959149899e+01,-2.276410369873046946e+01,3.398400390625000114e+02,1.037882018777087911e-02,0.000000000000000000e+00,1.043286696076393093e-02,-3.336043784983431237e+00,-1.685771179199218039e+00,-1.173449707031238631e+00,1.058999477725752758e-04,0.000000000000000000e+00,1.070104539394375193e-04
8.788736367460806775e+01,-2.444987487792968750e+01,3.386665893554687727e+02,1.048472013554345439e-02,0.000000000000000000e+00,1.053987741470336845e-02,-2.949068431876099794e+00,-1.481726074218748579e+00,-9.238037109375341061e-01,1.058879969518932568e-04,0.000000000000000000e+00,1.070097088813788677e-04
8.493829524273196796e+01,-2.593160095214843608e+01,3.377427856445312386e+02,1.059060813249534765e-02,0.000000000000000000e+00,1.064688712358474731e-02,-1.544131359773288636e+00,-7.434539794921875000e-01,-5.181396484375113687e-01,5.294053134239154468e-05,0.000000000000000000e+00,5.350559949874808541e-05
8.339416388295867932e+01,-2.667505493164062358e+01,3.372246459960937273e+02,1.064354866383773919e-02,0.000000000000000000e+00,1.070039272308349540e-02,-2.795155351281991329e+00,-1.328161621093752132e+00,-7.567749023437500000e-01,1.058719182348306226e-04,0.000000000000000000e+00,1.070104539394392540e-04
8.059900853167668799e+01,-2.800321655273437571e+01,3.364678710937499773e+02,1.074942058207256981e-02,0.000000000000000000e+00,1.080740317702293465e-02,-2.651269237359244357e+00,-1.300772094726561079e+00,-6.125122070312727374e-01,1.058607105585470526e-04,0.000000000000000000e+00,1.070104539394375193e-04
7.794773929431744364e+01,-2.930398864746093679e+01,3.358553588867187045e+02,1.085528129263111687e-02,0.000000000000000000e+00,1.091441363096237217e-02,-2.108223261495012935e+00,-1.130364990234376421e+00,-2.114990234374545253e-01,1.058487683185463379e-04,0.000000000000000000e+00,1.070097088813771330e-04
7.583951603282243070e+01,-3.043435363769531321e+01,3.356438598632812500e+02,1.096113006094966320e-02,0.000000000000000000e+00,1.102142333984374931e-02,-1.571875904843608396e+00,-8.359771728515603684e-01,-1.551147460937727374e-01,7.937959272627526097e-05,0.000000000000000000e+00,8.025765419006347656e-05
7.426764012797882231e+01,-3.127033081054687358e+01,3.354887451171874773e+02,1.104050965367593846e-02,0.000000000000000000e+00,1.110168099403381278e-02,-2.068903308323726264e+00,-1.160681152343748579e+00,-2.878662109375227374e-01,9.921636758306213999e-05,0.000000000000000000e+00,1.003228127956397320e-04
7.219873681965509604e+01,-3.243101196289062216e+01,3.352008789062499545e+02,1.113972602125900060e-02,0.000000000000000000e+00,1.120200380682945251e-02,-2.916619293906080657e+00,-1.556661987304693184e+00,-3.358032226561817879e-01,1.413650836063068406e-04,0.000000000000000000e+00,1.429587602615363384e-04
6.928211752574901539e+01,-3.398767395019531534e+01,3.348650756835937727e+02,1.128109110486530745e-02,0.000000000000000000e+00,1.134496256709098885e-02,-1.319302926186381342e+00,-6.958709716796818157e-01,-1.190185546875000000e-01,6.695570500655015356e-05,0.000000000000000000e+00,6.771758198738028756e-05
6.796281459956263404e+01,-3.468354492187499716e+01,3.347460571289062727e+02,1.134804680987185760e-02,0.000000000000000000e+00,1.141268014907836914e-02,-2.264882191886272267e+00,-1.242526245117190342e+00,2.617187499998863132e-02,1.338979623144494896e-04,0.000000000000000000e+00,1.354351639747623098e-04
6.569793240767636178e+01,-3.592607116699218750e+01,3.347722290039062614e+02,1.148194477218630709e-02,0.000000000000000000e+00,1.154811531305313145e-02,-1.456961927793940959e+00,-8.453277587890610789e-01,1.697875976562386313e-01,9.885294979512446178e-05,0.000000000000000000e+00,9.999945759773219700e-05
6.424097047988242082e+01,-3.677139892578124858e+01,3.349420166015625000e+02,1.158079772198143155e-02,0.000000000000000000e+00,1.164811477065086365e-02,-1.425899607164872407e+00,-8.246276855468792633e-01,1.495727539062272626e-01,9.884391526216590451e-05,0.000000000000000000e+00,1.000002026557925833e-04
6.281507087271754841e+01,-3.759602661132812784e+01,3.350915893554687273e+02,1.167964163724359745e-02,0.000000000000000000e+00,1.174811497330665623e-02,-1.415294741850857463e+00,-8.252227783203096578e-01,1.229370117188182121e-01,9.883414610797544575e-05,0.000000000000000000e+00,1.000002026557925833e-04
6.139977613086669095e+01,-3.842124938964843750e+01,3.352145263671875455e+02,1.177847578335157290e-02,0.000000000000000000e+00,1.184811517596244881e-02,-1.359209512311942092e+00,-7.992889404296903422e-01,1.301147460936817879e-01,9.882437888508559254e-05,0.000000000000000000e+00,1.000002026557908485e-04
6.004056661855474886e+01,-3.922053833007812784e+01,3.353446411132812273e+02,1.187730016223665849e-02,0.000000000000000000e+00,1.194811537861823966e-02,-9.987835262356554722e-01,-5.898101806640596578e-01,9.407958984377273737e-02,7.411150748137980415e-05,0.000000000000000000e+00,7.499977946281467800e-05
5.904178309231909338e+01,-3.981034851074218750e+01,3.354387207031250000e+02,1.195141166971803830e-02,0.000000000000000000e+00,1.202311515808105434e-02,-1.332035308714040411e+00,-7.794342041015625000e-01,1.112670898437500000e-01,9.880729092542721304e-05,0.000000000000000000e+00,1.000002026557925833e-04
5.770974778360505297e+01,-4.058978271484375000e+01,3.355499877929687500e+02,1.205021896064346551e-02,0.000000000000000000e+00,1.212311536073684692e-02,-1.203189051080336469e+00,-6.778350830078139211e-01,8.742675781252273737e-02,8.644781961921789437e-05,0.000000000000000000e+00,8.749961853027343750e-05
5.650655873252471650e+01,-4.126761779785156392e+01,3.356374145507812727e+02,1.213666678026268340e-02,0.000000000000000000e+00,1.221061497926712036e-02,-1.471461823397795854e+00,-8.050201416015596578e-01,1.530029296874886313e-01,1.111367424231849560e-04,0.000000000000000000e+00,1.125000417232513428e-04
5.503509690912692065e+01,-4.207263793945312358e+01,3.357904174804687614e+02,1.224780352268586836e-02,0.000000000000000000e+00,1.232311502099037170e-02,-1.339433343972309842e+00,-7.491088867187514211e-01,2.314086914062158939e-01,1.111243924201959360e-04,0.000000000000000000e+00,1.125000417232513428e-04
5.369566356515461081e+01,-4.282174682617187500e+01,3.360218261718749773e+02,1.235892791510606430e-02,0.000000000000000000e+00,1.243561506271362305e-02,-1.326309228375897931e+00,-7.289550781249971578e-01,2.091674804687500000e-01,1.111113093368743671e-04,0.000000000000000000e+00,1.124992966651909565e-04
5.236935433677871288e+01,-4.355070190429687216e+01,3.362309936523437273e+02,1.247003922444293866e-02,0.000000000000000000e+00,1.254811435937881400e-02,-6.488002579745426601e-01,-3.536437988281306843e-01,1.090087890625000000e-01,5.555176114901624884e-05,0.000000000000000000e+00,5.625039339065586452e-05
5.172055407880417022e+01,-4.390434570312500284e+01,3.363400024414062273e+02,1.252559098559195491e-02,0.000000000000000000e+00,1.260436475276946987e-02,-1.303807249677667812e+00,-6.855316162109375000e-01,1.897705078125682121e-01,1.110942651610449805e-04,0.000000000000000000e+00,1.125007867813117290e-04
5.041674682912650240e+01,-4.458987731933594034e+01,3.365297729492187955e+02,1.263668525075299989e-02,0.000000000000000000e+00,1.271686553955078160e-02,-1.318671913828659115e+00,-6.644989013671818157e-01,1.111206054687272626e-01,1.110804533548670481e-04,0.000000000000000000e+00,1.124992966651909565e-04
4.909807491529784329e+01,-4.525437622070312216e+01,3.366408935546875227e+02,1.274776570410786694e-02,0.000000000000000000e+00,1.282936483621597255e-02,-1.299580779647207862e+00,-6.523132324218750000e-01,3.591308593746589395e-02,1.110695869361716381e-04,0.000000000000000000e+00,1.125007867813117290e-04
4.779849413565063543e+01,-4.590668945312499716e+01,3.366768066406249886e+02,1.285883529104403858e-02,0.000000000000000000e+00,1.294186562299728428e-02,-1.276130361122831403e+00,-6.276458740234431843e-01,3.704833984375000000e-02,1.110557809384533218e-04,0.000000000000000000e+00,1.124992966651909565e-04
4.652236377452780403e+01,-4.653433532714844034e+01,3.367138549804687386e+02,1.296989107198249190e-02,0.000000000000000000e+00,1.305436491966247524e-02,-6.345158583557406473e-01,-3.108825683593750000e-01,2.050781250005684342e-02,5.552400120816848583e-05,0.000000000000000000e+00,5.625039339065586452e-05
4.588784791617206338e+01,-4.684521789550781534e+01,3.367343627929687955e+02,1.302541507319066039e-02,0.000000000000000000e+00,1.311061531305313110e-02,-1.339323638465920396e+00,-5.917175292968721578e-01,-2.335205078134094947e-02,1.110372838585785976e-04,0.000000000000000000e+00,1.124992966651909565e-04
4.454852427770614298e+01,-4.743693542480468750e+01,3.367110107421874545e+02,1.313645235704923898e-02,0.000000000000000000e+00,1.322311460971832206e-02,-1.413912163266410005e+00,-5.538116455078139211e-01,-1.424560546874431566e-01,1.110264264549461893e-04,0.000000000000000000e+00,1.125007867813117290e-04
4.313461211443973298e+01,-4.799074707031250142e+01,3.365685546875000114e+02,1.324747878350418517e-02,0.000000000000000000e+00,1.333561539649963379e-02,-1.407914867568905493e+00,-5.296844482421860789e-01,-1.973266601563068434e-01,1.110126306133243229e-04,0.000000000000000000e+00,1.124992966651909565e-04
4.172669724687082748e+01,-4.852043151855468750e+01,3.363712280273437045e+02,1.335849141411750950e-02,0.000000000000000000e+00,1.344811469316482475e-02,-7.096918513311720744e-01,-2.557403564453153422e-01,-1.184936523437158939e-01,5.550242935253857368e-05,0.000000000000000000e+00,5.625039339065586452e-05
4.101700539553965541e+01,-4.877617187500000284e+01,3.362527343749999886e+02,1.341399384347004807e-02,0.000000000000000000e+00,1.350436508655548061e-02,-1.483544180249488420e+00,-5.297241210937500000e-01,-3.684936523437158939e-01,1.109941479031893719e-04,0.000000000000000000e+00,1.124992966651926912e-04
3.953346121529016699e+01,-4.930589599609375284e+01,3.358842407226562727e+02,1.352498799137323744e-02,0.000000000000000000e+00,1.361686438322067330e-02,-1.605851134994786378e+00,-5.476898193359360789e-01,-4.570312500000000000e-01,1.109832995043330550e-04,0.000000000000000000e+00,1.125007867813099943e-04
3.792761008029538061e+01,-4.985358581542968892e+01,3.354272094726562727e+02,1.363597129087757050e-02,0.000000000000000000e+00,1.372936517000198330e-02,-1.593448932504244908e+00,-5.225128173828110789e-01,-4.273803710937613687e-01,1.109695138067634534e-04,0.000000000000000000e+00,1.124992966651926912e-04
3.633416114779113570e+01,-5.037609863281250000e+01,3.349998291015625114e+02,1.374694080468433395e-02,0.000000000000000000e+00,1.384186446666717599e-02,-1.599221639299223341e+00,-5.084686279296875000e-01,-4.401733398437386313e-01,1.109586705486855646e-04,0.000000000000000000e+00,1.125007867813099943e-04
3.473493950849191236e+01,-5.088456726074218750e+01,3.345596557617187727e+02,1.385789947523301952e-02,0.000000000000000000e+00,1.395436525344848598e-02,-8.070472883726367286e-01,-2.251953124999985789e-01,-2.835327148437727374e-01,5.547471868098778625e-05,0.000000000000000000e+00,5.625039339065586452e-05
3.392789222011927563e+01,-5.110976257324218608e+01,3.342761230468750000e+02,1.391337419391400730e-02,0.000000000000000000e+00,1.401061564683914185e-02,-1.617981771635960797e+00,-4.430206298828167633e-01,-5.805664062500000000e-01,1.109387365180024981e-04,0.000000000000000000e+00,1.124992966651909565e-04
3.230991044848331484e+01,-5.155278320312500284e+01,3.336955566406250000e+02,1.402431293043200980e-02,0.000000000000000000e+00,1.412311494350433280e-02,-1.566840478307021556e+00,-4.225769042968750000e-01,-6.444091796875000000e-01,1.109278996809948820e-04,0.000000000000000000e+00,1.125007867813117290e-04
3.074306997017629328e+01,-5.197536010742187784e+01,3.330511474609375000e+02,1.413524083011300468e-02,0.000000000000000000e+00,1.423561573028564453e-02,-1.548776609302890961e+00,-3.918212890624985789e-01,-7.014160156250000000e-01,1.109141270087699721e-04,0.000000000000000000e+00,1.124992966651909565e-04
2.919429336087340232e+01,-5.236718139648437642e+01,3.323497314453125000e+02,1.424615495712177465e-02,0.000000000000000000e+00,1.434811502695083549e-02,-7.825755460990215795e-01,-1.782836914062500000e-01,-4.152709960937386313e-01,5.545318509484788161e-05,0.000000000000000000e+00,5.625039339065586452e-05
2.841171781477438074e+01,-5.254546508789062642e+01,3.319344604492187614e+02,1.430160814221662254e-02,0.000000000000000000e+00,1.440436542034149135e-02,-1.568278992239580560e+00,-3.584228515625014211e-01,-8.277221679687727374e-01,1.108956770814722298e-04,0.000000000000000000e+00,1.124992966651926912e-04
2.684343882253480018e+01,-5.290388793945312784e+01,3.311067382812499886e+02,1.441250381929809476e-02,0.000000000000000000e+00,1.451686471700668404e-02,-1.561782866325010843e+00,-3.593627929687457367e-01,-8.126342773437613687e-01,1.108848492247845735e-04,0.000000000000000000e+00,1.125007867813099943e-04
2.528165595620978934e+01,-5.326325073242187358e+01,3.302941040039062273e+02,1.452338866852287934e-02,0.000000000000000000e+00,1.462936550378799404e-02,-1.553332041612915049e+00,-3.343872070312485789e-01,-8.330200195312045253e-01,1.108710866701417830e-04,0.000000000000000000e+00,1.124992966651926912e-04
2.372832391459687429e+01,-5.359763793945312216e+01,3.294610839843750227e+02,1.463425975519302112e-02,0.000000000000000000e+00,1.474186480045318673e-02,-1.569735461022784051e+00,-2.924621582031292633e-01,-9.587646484375227374e-01,1.108602639402784390e-04,0.000000000000000000e+00,1.125007867813099943e-04
2.215858845357409024e+01,-5.389010009765625142e+01,3.285023193359375000e+02,1.474512001913329956e-02,0.000000000000000000e+00,1.485436558723449672e-02,-7.813677246674366472e-01,-1.419311523437514211e-01,-4.857299804687613687e-01,5.542405533763561376e-05,0.000000000000000000e+00,5.624890327453682670e-05
2.137722072890665359e+01,-5.403203125000000284e+01,3.280165893554687386e+02,1.480054407447093517e-02,0.000000000000000000e+00,1.491061449050903355e-02,-1.588653091681003104e+00,-2.271789550781235789e-01,-1.179895019531215894e+00,1.108418321708638798e-04,0.000000000000000000e+00,1.125007867813099943e-04
1.978856763722565049e+01,-5.425921020507812642e+01,3.268366943359375227e+02,1.491138590664179905e-02,0.000000000000000000e+00,1.502311527729034354e-02,-1.597952676541613215e+00,-1.940795898437457367e-01,-1.251074218750034106e+00,1.108280797222482156e-04,0.000000000000000000e+00,1.124992966651926912e-04
1.819061496068403727e+01,-5.445328979492187216e+01,3.255856201171874886e+02,1.502221398636404727e-02,0.000000000000000000e+00,1.513561457395553624e-02,-1.607408545628128849e+00,-1.701538085937528422e-01,-1.375927734375011369e+00,1.108172659559439333e-04,0.000000000000000000e+00,1.125007867813099943e-04
1.658320641505590842e+01,-5.462344360351562500e+01,3.242096923828124773e+02,1.513303125231999120e-02,0.000000000000000000e+00,1.524811536073684623e-02,-8.039782348712147808e-01,-6.055908203124715783e-02,-7.794799804687500000e-01,5.540402814314601687e-05,0.000000000000000000e+00,5.625039339065586452e-05
1.577922818018469364e+01,-5.468400268554687216e+01,3.234302124023437273e+02,1.518843528046313722e-02,0.000000000000000000e+00,1.530436575412750209e-02,-1.575183027638630051e+00,-1.198730468750000000e-01,-1.533898925781215894e+00,1.107973808258579801e-04,0.000000000000000000e+00,1.124992966651926912e-04
1.420404515254606359e+01,-5.480387573242187216e+01,3.218963134765625114e+02,1.529923266128899520e-02,0.000000000000000000e+00,1.541686505079269479e-02,-1.538826119314467888e+00,-1.075317382812528422e-01,-1.550000000000011369e+00,1.107851061262505460e-04,0.000000000000000000e+00,1.124992966651909565e-04
1.266521903323159570e+01,-5.491140747070312500e+01,3.203463134765625000e+02,1.541001776741524575e-02,0.000000000000000000e+00,1.552936434745788574e-02,-1.509794270541101824e+00,-9.424438476562357891e-02,-1.583422851562488631e+00,1.107743013128593274e-04,0.000000000000000000e+00,1.125007867813117290e-04
1.115542476269049388e+01,-5.500565185546874858e+01,3.187628906250000114e+02,1.552079206872810507e-02,0.000000000000000000e+00,1.564186513423919747e-02,-1.490760517535049345e+00,-4.978027343749857891e-02,-1.738989257812534106e+00,1.107605647218609657e-04,0.000000000000000000e+00,1.124992966651909565e-04
9.664664245155444533e+00,-5.505543212890624716e+01,3.170239013671874773e+02,1.563155263344996604e-02,0.000000000000000000e+00,1.575436443090438843e-02,-1.107339662997754104e+00,-1.810302734375568434e-02,-1.369921874999931788e+00,8.306420707650946644e-05,0.000000000000000000e+00,8.437633514404158097e-05
8.557324582157690429e+00,-5.507353515625000284e+01,3.156539794921875455e+02,1.571461684052647551e-02,0.000000000000000000e+00,1.583874076604843001e-02,-1.111716210284894757e+00,4.724121093751421085e-03,-1.470898437500068212e+00,8.305584122622958199e-05,0.000000000000000000e+00,8.437484502792427787e-05
7.445608371872795672e+00,-5.506881103515625142e+01,3.141830810546874773e+02,1.579767268175270509e-02,0.000000000000000000e+00,1.592311561107635429e-02,-1.152447263384293485e+00,1.107421875000014211e-01,-1.749597167968772737e+00,8.304894352635650012e-05,0.000000000000000000e+00,8.437484502792427787e-05
6.293161108488502187e+00,-5.495806884765625000e+01,3.124334838867187045e+02,1.588072162527906159e-02,0.000000000000000000e+00,1.600749045610427856e-02,-1.446773281678486178e+00,1.506042480468750000e-01,-2.172656249999931788e+00,9.841982728923948098e-05,0.000000000000000000e+00,1.000002026557908485e-04
4.846387826810016008e+00,-5.480746459960937500e+01,3.102608276367187727e+02,1.597914145256830107e-02,0.000000000000000000e+00,1.610749065876006941e-02,-1.250960724997598028e+00,8.208007812500284217e-02,-1.669287109374977263e+00,9.840867542968215198e-05,0.000000000000000000e+00,9.999871253967354545e-05
3.595427101812417980e+00,-5.472538452148437216e+01,3.085915405273437955e+02,1.607755012799798322e-02,0.000000000000000000e+00,1.620748937129974296e-02,-1.150345637009136723e+00,4.522705078125000000e-02,-1.425646972656295475e+00,9.840045832109137192e-05,0.000000000000000000e+00,1.000002026557943180e-04
2.445081464803281257e+00,-5.468015747070312216e+01,3.071658935546875000e+02,1.617595058631907459e-02,0.000000000000000000e+00,1.630748957395553728e-02,-1.173633993023833755e+00,8.212890624999857891e-02,-1.506311035156272737e+00,9.839077662378986622e-05,0.000000000000000000e+00,1.000002026557908485e-04
1.271447471779447502e+00,-5.459802856445312358e+01,3.056595825195312273e+02,1.627434136294286446e-02,0.000000000000000000e+00,1.640748977661132812e-02,-1.207847446104347355e+00,1.117492675781264211e-01,-1.571630859374977263e+00,9.838109683125637051e-05,0.000000000000000000e+00,1.000002026557908485e-04
6.360002567510024407e-02,-5.448627929687499716e+01,3.040879516601562500e+02,1.637272245977412083e-02,0.000000000000000000e+00,1.650748997926711897e-02,-1.069200059267773062e+00,9.423828125000000000e-02,-1.333203124999954525e+00,9.837141894293924271e-05,0.000000000000000000e+00,1.000002026557943180e-04
-1.005600033592672915e+00,-5.439204101562499716e+01,3.027547485351562955e+02,1.647109387871706007e-02,0.000000000000000000e+00,1.660749018192291329e-02,-9.392629919545008033e-01,6.878662109375000000e-02,-1.078894042968840949e+00,9.836174295892174957e-05,0.000000000000000000e+00,1.000002026557908485e-04
-1.944863025547173718e+00,-5.432325439453124716e+01,3.016758544921874545e+02,1.656945562167598182e-02,0.000000000000000000e+00,1.670749038457870414e-02,-8.643110627003756097e-01,5.463256835937357891e-02,-9.474365234374317879e-01,9.835206887778141782e-05,0.000000000000000000e+00,1.000002026557943180e-04
-2.809174088247549328e+00,-5.426862182617187358e+01,3.007284179687500227e+02,1.666780769055376324e-02,0.000000000000000000e+00,1.680749058723449846e-02,-8.353125930636409180e-01,5.342407226562073674e-02,-9.271484375000227374e-01,9.834239669981661991e-05,0.000000000000000000e+00,1.000002026557908485e-04
-3.644486681311190246e+00,-5.421519775390625284e+01,2.998012695312500000e+02,1.676615008725357986e-02,0.000000000000000000e+00,1.690749078989028931e-02,-8.394454293212447737e-01,6.483154296875426326e-02,-9.983886718749772626e-01,9.833126122688745641e-05,0.000000000000000000e+00,9.999871253967354545e-05
-4.483932110632435020e+00,-5.415036621093749858e+01,2.988028808593750227e+02,1.686448134848046732e-02,0.000000000000000000e+00,1.700748950242996285e-02,-8.137656633450847110e-01,7.514038085937357891e-02,-1.040026855468795475e+00,9.832305819349948517e-05,0.000000000000000000e+00,1.000002026557908485e-04
-5.297697773977519731e+00,-5.407522583007812500e+01,2.977628540039062273e+02,1.696280440667396680e-02,0.000000000000000000e+00,1.710748970508575370e-02,-7.371527048046955244e-01,1.107727050781264211e-01,-1.065466308593727263e+00,9.831339171993691561e-05,0.000000000000000000e+00,1.000002026557943180e-04
-6.034850478782215255e+00,-5.396445312499999858e+01,2.966973876953125000e+02,1.706111779839390372e-02,0.000000000000000000e+00,1.720748990774154802e-02,-6.790871257948252193e-01,1.299011230468707367e-01,-1.050634765624977263e+00,9.830372714731208661e-05,0.000000000000000000e+00,1.000002026557908485e-04
-6.713937604577040474e+00,-5.383455200195312784e+01,2.956467529296875227e+02,1.715942152554121580e-02,0.000000000000000000e+00,1.730749011039733887e-02,-6.444415768958204893e-01,1.238586425781278422e-01,-9.829345703125227374e-01,9.829406447441069172e-05,0.000000000000000000e+00,1.000002026557908485e-04
-7.358379181472860964e+00,-5.371069335937500000e+01,2.946638183593750000e+02,1.725771559001562649e-02,0.000000000000000000e+00,1.740749031305312972e-02,-6.432887936864286615e-01,1.217712402343735789e-01,-9.910034179687272626e-01,9.828440370066721110e-05,0.000000000000000000e+00,1.000002026557943180e-04
-8.001667975159289625e+00,-5.358892211914062642e+01,2.936728149414062727e+02,1.735599999371629371e-02,0.000000000000000000e+00,1.750749051570892403e-02,-6.395635098531418095e-01,1.245300292968778422e-01,-1.013049316406295475e+00,9.827474482618919760e-05,0.000000000000000000e+00,1.000002026557908485e-04
-8.641231485012431435e+00,-5.346439208984374858e+01,2.926597656249999773e+02,1.745427473854248290e-02,0.000000000000000000e+00,1.760749071836471488e-02,-6.258294232715204686e-01,1.457519531250000000e-01,-1.095996093749988631e+00,9.826362366060700793e-05,0.000000000000000000e+00,9.999871253967354545e-05
-9.267060908283951903e+00,-5.331864013671874858e+01,2.915637695312499886e+02,1.755253836220308991e-02,0.000000000000000000e+00,1.770748943090438843e-02,-5.881742923060588879e-01,1.916992187499957367e-01,-1.225561523437534106e+00,9.825543291486216191e-05,0.000000000000000000e+00,1.000002026557908485e-04
-9.855235200590010791e+00,-5.312694091796875284e+01,2.903382080078124545e+02,1.765079379511795207e-02,0.000000000000000000e+00,1.780748963356017928e-02,-5.669634287563525277e-01,1.969909667968750000e-01,-1.232617187499954525e+00,9.824577973301454326e-05,0.000000000000000000e+00,1.000002026557943180e-04
-1.042219862934636332e+01,-5.292994995117187784e+01,2.891055908203125000e+02,1.774903957485096662e-02,0.000000000000000000e+00,1.790748983621597359e-02,-5.490137645428170288e-01,2.051757812500056843e-01,-1.235009765625022737e+00,9.823612844818765955e-05,0.000000000000000000e+00,1.000002026557908485e-04
-1.097121239388918035e+01,-5.272477416992187216e+01,2.878705810546874773e+02,1.784727570329915428e-02,0.000000000000000000e+00,1.800749003887176444e-02,-5.213136175513319870e-01,2.390380859374943157e-01,-1.311584472656250000e+00,9.822647905895209863e-05,0.000000000000000000e+00,1.000002026557943180e-04
-1.149252601144051233e+01,-5.248573608398437784e+01,2.865589965820312273e+02,1.794550218235810637e-02,0.000000000000000000e+00,1.810749024152755876e-02,-4.639334524577609642e-01,2.608215332031278422e-01,-1.364721679687477263e+00,9.821683156560970240e-05,0.000000000000000000e+00,1.000002026557908485e-04
-1.195645946389827330e+01,-5.222491455078125000e+01,2.851942749023437500e+02,1.804371901392371608e-02,0.000000000000000000e+00,1.820749044418334961e-02,-4.433998093358635373e-01,2.600463867187485789e-01,-1.343762207031261369e+00,9.820718596696004221e-05,0.000000000000000000e+00,1.000002026557908485e-04
-1.239985927323413684e+01,-5.196486816406250142e+01,2.838505126953124886e+02,1.814192619989067612e-02,0.000000000000000000e+00,1.830749064683914046e-02,-4.002211102711950019e-01,2.677856445312514211e-01,-1.385644531249965894e+00,9.819607907992494722e-05,0.000000000000000000e+00,9.999871253967354545e-05
-1.280008038350533184e+01,-5.169708251953125000e+01,2.824648681640625227e+02,1.824012227897060107e-02,0.000000000000000000e+00,1.840748935937881400e-02,-4.119103106345392007e-01,2.762695312500014211e-01,-1.457849121093772737e+00,9.818790059559073802e-05,0.000000000000000000e+00,1.000002026557943180e-04
-1.321199069413987104e+01,-5.142081298828124858e+01,2.810070190429687500e+02,1.833831017956619180e-02,0.000000000000000000e+00,1.850748956203460832e-02,-4.194988584348440241e-01,2.371826171875000000e-01,-1.309423828124977263e+00,9.817826067849699800e-05,0.000000000000000000e+00,1.000002026557908485e-04
-1.363148955257471506e+01,-5.118363037109374858e+01,2.796975952148437727e+02,1.843648844024468880e-02,0.000000000000000000e+00,1.860748976469039917e-02,-3.784182619187763663e-01,2.462158203125000000e-01,-1.308642578125045475e+00,9.816862265386513964e-05,0.000000000000000000e+00,1.000002026557908485e-04
-1.400990781449349143e+01,-5.093741455078124858e+01,2.783889526367187273e+02,1.853465706289855394e-02,0.000000000000000000e+00,1.870748996734619002e-02,-3.634268887972602613e-01,2.543853759765610789e-01,-1.341088867187465894e+00,9.815898652112964307e-05,0.000000000000000000e+00,1.000002026557943180e-04
-1.437333470329075169e+01,-5.068302917480468750e+01,2.770478637695312614e+02,1.863281604941968359e-02,0.000000000000000000e+00,1.880749017000198434e-02,-3.591618221220702623e-01,2.633850097656278422e-01,-1.367211914062522737e+00,9.814935228039459170e-05,0.000000000000000000e+00,1.000002026557908485e-04
-1.473249652541282195e+01,-5.041964416503905966e+01,2.756806518554687386e+02,1.873096540170007818e-02,0.000000000000000000e+00,1.890749037265777519e-02,-3.476108564065896189e-01,2.913848876953082367e-01,-1.479821777343715894e+00,9.813971993022363449e-05,0.000000000000000000e+00,1.000002026557943180e-04
-1.508010738181941157e+01,-5.012825927734375142e+01,2.742008300781250227e+02,1.882910512163030181e-02,0.000000000000000000e+00,1.900749057531356950e-02,-3.540155642239053435e-01,3.141418457031264211e-01,-1.562243652343795475e+00,9.813008947093596057e-05,0.000000000000000000e+00,1.000002026557908485e-04
-1.543412294604331692e+01,-4.981411743164062500e+01,2.726385864257812273e+02,1.892723521110123777e-02,0.000000000000000000e+00,1.910749077796936035e-02,-3.099811723931793495e-01,3.513824462890653422e-01,-1.757519531249954525e+00,9.811899886708053131e-05,0.000000000000000000e+00,9.999871253967354545e-05
-1.574410411843649626e+01,-4.946273498535155966e+01,2.708810668945312727e+02,1.902535420996831830e-02,0.000000000000000000e+00,1.920748949050903390e-02,-2.934851336395212229e-01,3.664367675781221578e-01,-1.802319335937511369e+00,9.811083436447529116e-05,0.000000000000000000e+00,1.000002026557908485e-04
-1.603758925207601749e+01,-4.909629821777343750e+01,2.690787475585937614e+02,1.912346504433279359e-02,0.000000000000000000e+00,1.930748969316482475e-02,-2.724110518002866854e-01,3.416076660156264211e-01,-1.654406738281238631e+00,9.810120957272350228e-05,0.000000000000000000e+00,1.000002026557943180e-04
-1.631000030387630417e+01,-4.875469055175781108e+01,2.674243408203125227e+02,1.922156625390551710e-02,0.000000000000000000e+00,1.940748989582061906e-02,-2.446041423618083854e-01,2.976287841796860789e-01,-1.424597167968784106e+00,9.809158666963802009e-05,0.000000000000000000e+00,1.000002026557908485e-04
-1.655460444623811256e+01,-4.845706176757812500e+01,2.659997436523437386e+02,1.931965784057515512e-02,0.000000000000000000e+00,1.950749009847640991e-02,-2.373100046612819369e-01,3.150024414062500000e-01,-1.505261230468761369e+00,9.808196565399066036e-05,0.000000000000000000e+00,1.000002026557908485e-04
-1.679191445089939450e+01,-4.814205932617187500e+01,2.644944824218749773e+02,1.941773980622914578e-02,0.000000000000000000e+00,1.960749030113220076e-02,-2.015009202652713327e-01,3.210571289062471578e-01,-1.512683105468681788e+00,9.807234652524365881e-05,0.000000000000000000e+00,1.000002026557943180e-04
-1.699341537116466583e+01,-4.782100219726562784e+01,2.629817993164062955e+02,1.951581215275438944e-02,0.000000000000000000e+00,1.970749050378799508e-02,-1.866062006665032413e-01,3.290740966796903422e-01,-1.529724121093806843e+00,9.806272928348722107e-05,0.000000000000000000e+00,1.000002026557908485e-04
-1.718002157183116907e+01,-4.749192810058593750e+01,2.614520751953124886e+02,1.961387488203787666e-02,0.000000000000000000e+00,1.980749070644378593e-02,-1.587574619948739496e-01,3.672851562499985789e-01,-1.683361816406261369e+00,9.805165289671763373e-05,0.000000000000000000e+00,9.999871253967354545e-05
-1.733877903382604302e+01,-4.712464294433593892e+01,2.597687133789062273e+02,1.971192653493459429e-02,0.000000000000000000e+00,1.990748941898345947e-02,-9.956499592728818016e-02,3.382598876953153422e-01,-1.551342773437454525e+00,9.070105342470768939e-05,0.000000000000000000e+00,9.251087903976509819e-05
