Sigma_1,Sigma_2,Sigma_12,Epsilon_1,Epsilon_2,Epsilon_12,dSigma_1,dSigma_2,dSigma_12,dEpsilon_1,dEpsilon_2,dEpsilon_12
-0.000000000000000000e+00,-0.000000000000000000e+00,-0.000000000000000000e+00,0.000000000000000000e+00,0.000000000000000000e+00,0.000000000000000000e+00,3.977233515150703003e+00,1.768942070007324174e+00,1.514351654052734375e+01,6.666447875155136660e-05,0.000000000000000000e+00,2.000000094994902611e-04
3.977233515150703003e+00,1.768942070007324174e+00,1.514351654052734375e+01,6.666447875155136660e-05,0.000000000000000000e+00,2.000000094994902611e-04,1.986434233949851969e+00,8.823966979980470970e-01,7.568968200683592329e+00,3.333057289245535239e-05,0.000000000000000000e+00,9.999999310821293700e-05
5.963667749100554971e+00,2.651338768005371271e+00,2.271248474121093608e+01,9.999505164400671899e-05,0.000000000000000000e+00,3.000000026077031981e-04,1.985171801614140641e+00,8.810628890991210049e-01,7.567915344238279829e+00,3.332946200261451561e-05,0.000000000000000000e+00,1.000000163912773241e-04
7.948839550714695612e+00,3.532401657104492276e+00,3.028040008544921591e+01,1.333245136466212346e-04,0.000000000000000000e+00,4.000000189989805222e-04,1.983909229813019870e+00,8.797286987304686612e-01,7.566857910156258527e+00,3.332835118637794171e-05,0.000000000000000000e+00,9.999996982514860414e-05
9.932748780527715482e+00,4.412130355834960938e+00,3.784725799560547443e+01,1.666528648329991763e-04,0.000000000000000000e+00,4.999999888241291263e-04,1.982646518546498982e+00,8.783950805664062500e-01,7.565805053710931816e+00,3.332724044440422929e-05,0.000000000000000000e+00,1.000000163912772699e-04
1.191539529907421446e+01,5.290525436401367188e+00,4.541306304931640625e+01,1.999801052774034056e-04,0.000000000000000000e+00,6.000000052154063962e-04,1.981384430770306793e+00,8.770614624023433947e-01,7.564750671386718750e+00,3.332611813782512377e-05,0.000000000000000000e+00,1.000000163912773783e-04
1.389677972984452126e+01,6.167586898803710582e+00,5.297781372070312500e+01,2.333062234152285294e-04,0.000000000000000000e+00,7.000000216066837744e-04,1.980121440947321787e+00,8.757282257080083454e-01,7.563699340820306816e+00,3.332503082141061970e-05,0.000000000000000000e+00,1.000000163912772699e-04
1.587690117079184304e+01,7.043315124511718928e+00,6.054151306152343182e+01,2.666312542366391491e-04,0.000000000000000000e+00,8.000000379979610443e-04,1.978858310965911471e+00,8.743949890136715197e-01,7.562643432617193184e+00,3.332389702479112261e-05,0.000000000000000000e+00,9.999992325901983000e-05
1.785575948175775451e+01,7.917710113525390447e+00,6.810415649414062500e+01,2.999551512614302717e-04,0.000000000000000000e+00,8.999999612569808743e-04,1.977598095079308393e+00,8.730621337890633882e-01,7.561590576171880684e+00,3.332280985485512386e-05,0.000000000000000000e+00,1.000000163912773783e-04
1.983335757683706291e+01,8.790772247314453836e+00,7.566574707031250568e+01,3.332779611162853955e-04,0.000000000000000000e+00,9.999999776482582526e-04,1.976334686278473640e+00,8.717292785644517039e-01,7.560543823242184658e+00,3.332167620780199409e-05,0.000000000000000000e+00,1.000000163912772699e-04
2.180969226311553655e+01,9.662501525878905539e+00,8.322629089355469034e+01,3.665996373240873896e-04,0.000000000000000000e+00,1.099999994039535522e-03,1.975072665470712252e+00,8.703964233398444605e-01,7.559487915039071027e+00,3.332058918431525431e-05,0.000000000000000000e+00,1.000000163912772699e-04
2.378476492858624880e+01,1.053289794921875000e+01,9.078577880859376137e+01,3.999202265084026440e-04,0.000000000000000000e+00,1.200000010430812792e-03,1.973810504288977086e+00,8.690650939941413355e-01,7.558444213867176131e+00,3.331945568657665880e-05,0.000000000000000000e+00,1.000000163912772699e-04
2.575857543287522589e+01,1.140196304321289134e+01,9.834422302246093750e+01,4.332396821949793028e-04,0.000000000000000000e+00,1.300000026822090062e-03,1.972548204302093211e+00,8.677322387695305395e-01,7.557388305664062500e+00,3.331834553766088421e-05,0.000000000000000000e+00,1.000000163912774867e-04
2.773112363717731910e+01,1.226969528198242188e+01,1.059016113281250000e+02,4.665580277326401870e-04,0.000000000000000000e+00,1.400000043213367549e-03,1.971287293026716014e+00,8.664009094238274145e-01,7.556341552734380684e+00,3.331728200531015567e-05,0.000000000000000000e+00,9.999992325901972158e-05
2.970241093020403511e+01,1.313609619140624929e+01,1.134579528808593807e+02,4.998753097379503426e-04,0.000000000000000000e+00,1.499999966472387270e-03,1.970026239917935129e+00,8.650680541992201711e-01,7.555291748046869316e+00,3.331612545952788908e-05,0.000000000000000000e+00,1.000001095235348181e-04
3.167243717012197024e+01,1.400116424560546946e+01,1.210132446289062500e+02,5.331914351974782317e-04,0.000000000000000000e+00,1.600000075995922089e-03,1.968765048939712159e+00,8.637374877929673289e-01,7.554241943359386369e+00,3.331501553251257474e-05,0.000000000000000000e+00,1.000000163912772699e-04
3.364120221906168240e+01,1.486490173339843679e+01,1.285674865722656364e+02,5.665064507299908065e-04,0.000000000000000000e+00,1.700000092387199358e-03,1.967479290090345501e+00,8.623947143554691053e-01,7.553167724609352263e+00,3.331390567922734493e-05,0.000000000000000000e+00,9.999983012676239014e-05
3.560868150915202790e+01,1.572729644775390589e+01,1.361206542968749886e+02,5.998203564092181514e-04,0.000000000000000000e+00,1.799999922513961749e-03,1.964886411813999700e+00,8.603652954101566053e-01,7.550286865234397737e+00,3.331284243627598025e-05,0.000000000000000000e+00,1.000000163912772699e-04
3.757356792096602760e+01,1.658766174316406250e+01,1.436709411621093864e+02,6.331331988454941316e-04,0.000000000000000000e+00,1.899999938905239018e-03,1.961655015320374673e+00,8.580078124999985789e-01,7.546649169921863631e+00,3.331168619293304808e-05,0.000000000000000000e+00,1.000000163912774867e-04
3.953522293628640227e+01,1.744566955566406108e+01,1.512175903320312500e+02,6.664448850384271797e-04,0.000000000000000000e+00,1.999999955296516505e-03,1.959785321228942223e+00,8.560897827148465922e-01,7.544335937499994316e+00,3.331057656145975342e-05,0.000000000000000000e+00,1.000000163912770530e-04
4.149500825751534450e+01,1.830175933837890767e+01,1.587619262695312443e+02,6.997554615998869331e-04,0.000000000000000000e+00,2.099999971687793558e-03,1.957927643230412684e+00,8.543884277343742895e-01,7.542474365234369316e+00,3.330946700368694457e-05,0.000000000000000000e+00,1.000000163912774867e-04
4.345293590074575718e+01,1.915614776611328196e+01,1.663044006347656136e+02,7.330649286035738777e-04,0.000000000000000000e+00,2.199999988079071045e-03,1.955431462298939493e+00,8.523361206054680395e-01,7.539929199218761369e+00,3.330840405068387529e-05,0.000000000000000000e+00,1.000000163912774867e-04
4.540836736304469667e+01,2.000848388671875000e+01,1.738443298339843750e+02,7.663733326542577530e-04,0.000000000000000000e+00,2.300000004470348532e-03,1.953377873668202369e+00,8.505096435546875000e-01,7.537701416015636369e+00,3.330724810899493571e-05,0.000000000000000000e+00,1.000000163912770530e-04
4.736174523671289904e+01,2.085899353027343750e+01,1.813820312500000114e+02,7.996805807632526887e-04,0.000000000000000000e+00,2.400000020861625585e-03,1.950377235565632361e+00,8.483230590820305395e-01,7.534411621093738631e+00,3.330613877294526584e-05,0.000000000000000000e+00,1.000000163912774867e-04
4.931212247227853140e+01,2.170731658935546804e+01,1.889164428710937500e+02,8.329867195361979545e-04,0.000000000000000000e+00,2.500000037252903071e-03,1.946435528635340972e+00,8.455230712890617895e-01,7.529760742187477263e+00,3.330502951123229163e-05,0.000000000000000000e+00,1.000000163912770530e-04
5.125855800091387238e+01,2.255283966064452983e+01,1.964462036132812273e+02,8.662917490474302462e-04,0.000000000000000000e+00,2.600000053644180124e-03,1.943217332447453316e+00,8.429016113281271316e-01,7.525817871093778422e+00,3.330392032296122101e-05,0.000000000000000000e+00,1.000000163912774867e-04
5.320177533336132569e+01,2.339574127197265696e+01,2.039720214843750057e+02,8.995956693703914672e-04,0.000000000000000000e+00,2.700000070035457611e-03,1.939051873889333422e+00,8.391311645507819605e-01,7.519348144531250000e+00,3.330281120901188406e-05,0.000000000000000000e+00,1.000000163912774867e-04
5.514082720725065911e+01,2.423487243652343892e+01,2.114913696289062557e+02,9.328984805794033512e-04,0.000000000000000000e+00,2.800000086426735098e-03,1.933248662848320976e+00,8.340484619140617895e-01,7.509887695312471578e+00,3.330170216871142490e-05,0.000000000000000000e+00,9.999983012676239014e-05
5.707407587009898009e+01,2.506892089843750071e+01,2.190012573242187273e+02,9.662001827481147762e-04,0.000000000000000000e+00,2.899999916553497488e-03,1.929974246970857621e+00,8.308288574218742895e-01,7.505419921875045475e+00,3.330068624140397615e-05,0.000000000000000000e+00,1.000000163912770530e-04
5.900405011706983771e+01,2.589974975585937500e+01,2.265066772460937727e+02,9.995008689895187523e-04,0.000000000000000000e+00,2.999999932944774541e-03,1.927768699281251941e+00,8.286560058593757105e-01,7.502917480468738631e+00,3.329948430637373960e-05,0.000000000000000000e+00,1.000000163912774867e-04
6.093181881635108965e+01,2.672840576171875071e+01,2.340095947265625114e+02,1.032800353295892492e-03,0.000000000000000000e+00,3.099999949336052028e-03,1.925593473877846407e+00,8.263702392578125000e-01,7.500158691406227263e+00,3.329837548786342312e-05,0.000000000000000000e+00,1.000002026557921496e-04
6.285741229022893606e+01,2.755477600097656321e+01,2.415097534179687386e+02,1.066098728783755915e-03,0.000000000000000000e+00,3.200000151991844177e-03,1.920906714049166908e+00,8.224487304687500000e-01,7.493103027343750000e+00,3.329726674275077479e-05,0.000000000000000000e+00,9.999983012676239014e-05
6.477831900427810297e+01,2.837722473144531321e+01,2.490028564453124886e+02,1.099395995526506690e-03,0.000000000000000000e+00,3.299999982118606567e-03,1.917618762408054067e+00,8.193145751953103684e-01,7.488781738281261369e+00,3.329615807191573310e-05,0.000000000000000000e+00,1.000002026557921496e-04
6.669593776668615703e+01,2.919653930664062358e+01,2.564916381835937500e+02,1.132692153598422423e-03,0.000000000000000000e+00,3.400000184774398717e-03,1.914648222672994393e+00,8.163482666015653422e-01,7.485009765625022737e+00,3.329504947468522533e-05,0.000000000000000000e+00,9.999983012676239014e-05
6.861058598935915143e+01,3.001288757324218892e+01,2.639766479492187727e+02,1.165987203073107648e-03,0.000000000000000000e+00,3.500000014901161107e-03,1.911604043411458065e+00,8.133941650390603684e-01,7.481079101562500000e+00,3.329394095105209575e-05,0.000000000000000000e+00,9.999983012676239014e-05
7.052219003277060949e+01,3.082628173828124929e+01,2.714577270507812727e+02,1.199281144024159744e-03,0.000000000000000000e+00,3.599999845027923497e-03,1.908015664523929900e+00,8.102050781250014211e-01,7.476928710937500000e+00,3.329283250167445508e-05,0.000000000000000000e+00,1.000002026557921496e-04
7.243020569729453939e+01,3.163648681640625071e+01,2.789346557617187727e+02,1.232573976525834199e-03,0.000000000000000000e+00,3.700000047683715647e-03,1.902856331042286797e+00,8.056915283203132105e-01,7.469921874999954525e+00,3.329181714022957581e-05,0.000000000000000000e+00,9.999983012676239014e-05
7.433306202833682619e+01,3.244217834472656392e+01,2.864045776367187273e+02,1.265865793666063775e-03,0.000000000000000000e+00,3.799999877810478037e-03,1.896999750631906068e+00,8.006988525390639211e-01,7.461730957031250000e+00,3.329061582056321890e-05,0.000000000000000000e+00,1.000002026557925833e-04
7.623006177896873226e+01,3.324287719726562784e+01,2.938663085937499773e+02,1.299156409486626994e-03,0.000000000000000000e+00,3.900000080466270620e-03,1.892743832680849891e+00,7.965881347656207367e-01,7.455871582031250000e+00,3.328950759257640925e-05,0.000000000000000000e+00,9.999983012676239014e-05
7.812280561164958215e+01,3.403946533203124858e+01,3.013221801757812273e+02,1.332445917079203403e-03,0.000000000000000000e+00,3.999999910593033010e-03,1.887937409968600377e+00,7.915924072265667633e-01,7.448742675781318212e+00,3.328839943815054860e-05,0.000000000000000000e+00,1.000002026557917159e-04
8.001074302161818252e+01,3.483105773925781534e+01,3.087709228515625455e+02,1.365734316517353952e-03,0.000000000000000000e+00,4.100000113248824726e-03,1.883784485181493551e+00,7.878753662109332367e-01,7.443530273437431788e+00,3.328729135727804753e-05,0.000000000000000000e+00,9.999983012676239014e-05
8.189452750679967608e+01,3.561893310546874858e+01,3.162144531249999773e+02,1.399021607874631999e-03,0.000000000000000000e+00,4.199999943375587116e-03,1.879307183156171845e+00,7.838012695312528422e-01,7.437438964843750000e+00,3.328618335061593256e-05,0.000000000000000000e+00,1.000002026557925833e-04
8.377383468995584792e+01,3.640273437500000142e+01,3.236518920898437273e+02,1.432307791225247932e-03,0.000000000000000000e+00,4.300000146031379700e-03,1.874322086737493009e+00,7.794433593750014211e-01,7.430944824218784106e+00,3.328507541727125478e-05,0.000000000000000000e+00,9.999983012676239014e-05
8.564815677669334093e+01,3.718217773437500284e+01,3.310828369140625114e+02,1.465592866642519186e-03,0.000000000000000000e+00,4.399999976158142090e-03,1.869024733848789310e+00,7.745178222656221578e-01,7.423352050781261369e+00,3.328396755812221795e-05,0.000000000000000000e+00,1.000002026557925833e-04
8.751718151054213024e+01,3.795669555664062500e+01,3.385061889648437727e+02,1.498876834200641404e-03,0.000000000000000000e+00,4.500000178813934673e-03,1.862974964344132900e+00,7.691101074218735789e-01,7.414172363281181788e+00,3.328295276208204957e-05,0.000000000000000000e+00,9.999983012676239014e-05
8.938015647488626314e+01,3.872580566406249858e+01,3.459203613281249545e+02,1.532159786962723454e-03,0.000000000000000000e+00,4.600000008940697063e-03,1.856050391807798405e+00,7.632751464843750000e-01,7.403955078125022737e+00,3.328175205751546066e-05,0.000000000000000000e+00,9.999983012676239014e-05
9.123620686669406155e+01,3.948908081054687358e+01,3.533243164062499773e+02,1.565441539020238915e-03,0.000000000000000000e+00,4.699999839067459453e-03,1.847792428360833128e+00,7.570434570312514211e-01,7.390783691406284106e+00,3.328064441913795857e-05,0.000000000000000000e+00,1.000002026557917159e-04
9.308399929505489467e+01,4.024612426757812500e+01,3.607151000976562614e+02,1.598722183439376873e-03,0.000000000000000000e+00,4.800000041723251169e-03,1.837607880439549035e+00,7.493316650390653422e-01,7.370312500000011369e+00,3.327953685492704081e-05,0.000000000000000000e+00,9.999983012676239014e-05
9.492160717549444371e+01,4.099545593261719034e+01,3.680854125976562727e+02,1.632001720294303914e-03,0.000000000000000000e+00,4.899999871850013559e-03,1.825667674964464027e+00,7.398498535156221578e-01,7.347570800781227263e+00,3.327842936398889111e-05,0.000000000000000000e+00,1.000002026557925833e-04
9.674727485045890774e+01,4.173530578613281250e+01,3.754329833984375000e+02,1.665280149658292805e-03,0.000000000000000000e+00,5.000000074505806143e-03,1.811733136601873184e+00,7.301849365234360789e-01,7.324621582031227263e+00,3.327732194720258059e-05,0.000000000000000000e+00,9.999983012676239014e-05
9.855900798706078092e+01,4.246549072265624858e+01,3.827576049804687273e+02,1.698557471605495386e-03,0.000000000000000000e+00,5.099999904632568533e-03,4.459210524232446460e-01,1.783630371093778422e-01,1.819506835937545475e+00,8.319110974749693507e-06,0.000000000000000000e+00,2.500005066394771214e-05
9.900492903948402557e+01,4.264385375976562642e+01,3.845771118164062727e+02,1.706876582580245079e-03,0.000000000000000000e+00,5.124999955296516245e-03,1.507733174286144617e+00,6.008148193359375000e-01,6.168896484374954525e+00,2.845057986091358536e-05,0.000000000000000000e+00,8.549876511097006387e-05
1.005126622137701702e+02,4.324466857910156392e+01,3.907460083007812273e+02,1.735327162441158665e-03,0.000000000000000000e+00,5.210498720407486309e-03,1.628521268254388588e+00,6.401824951171875000e-01,6.725256347656284106e+00,3.126577137480923523e-05,0.000000000000000000e+00,9.396187961101514635e-05
1.021411834820245588e+02,4.388485107421875142e+01,3.974712646484375114e+02,1.766592933815967900e-03,0.000000000000000000e+00,5.304460600018501455e-03,2.034353468441651103e+00,7.851440429687457367e-01,8.329553222656215894e+00,3.956950601341599656e-05,0.000000000000000000e+00,1.189202070236202585e-04
1.041755369504662099e+02,4.466999511718749716e+01,4.058008178710937273e+02,1.806162439829383896e-03,0.000000000000000000e+00,5.423380807042121714e-03,1.304721478495238784e+00,5.041442871093764211e-01,5.329821777343795475e+00,2.561205207680635268e-05,0.000000000000000000e+00,7.697567343711853027e-05
1.054802584289614487e+02,4.517413940429687358e+01,4.111306396484375227e+02,1.831774491906190249e-03,0.000000000000000000e+00,5.500356480479240244e-03,2.367679916399765716e+00,9.167297363281292633e-01,9.751098632812500000e+00,4.664863875392241330e-05,0.000000000000000000e+00,1.402061432600023097e-04
1.078479383453612144e+02,4.609086914062500284e+01,4.208817382812500227e+02,1.878423130660112662e-03,0.000000000000000000e+00,5.640562623739242554e-03,1.197934491180745908e+00,4.640045166015625000e-01,4.970361328124965894e+00,2.373529531306153677e-05,0.000000000000000000e+00,7.134042680263536634e-05
1.090458728365419603e+02,4.655487365722656534e+01,4.258520996093749886e+02,1.902158425973174199e-03,0.000000000000000000e+00,5.711903050541877920e-03,1.975979480208934547e+00,7.543029785156250000e-01,8.177734375000000000e+00,3.950725584541694112e-05,0.000000000000000000e+00,1.187499612569807225e-04
1.110218523167508948e+02,4.730917663574219034e+01,4.340298339843749886e+02,1.941665681818591140e-03,0.000000000000000000e+00,5.830653011798858643e-03,1.862688221349444007e+00,7.049957275390568157e-01,7.670605468750011369e+00,3.742663364333757847e-05,0.000000000000000000e+00,1.125000417232513428e-04
1.128845405381003388e+02,4.801417236328124716e+01,4.417004394531250000e+02,1.979092315461928719e-03,0.000000000000000000e+00,5.943153053522109985e-03,1.383353068472771952e+00,5.293151855468778422e-01,5.710156250000011369e+00,2.806900954425506703e-05,0.000000000000000000e+00,8.437484502792341051e-05
1.142678936065731108e+02,4.854348754882812500e+01,4.474105957031250114e+02,2.007161325006183786e-03,0.000000000000000000e+00,6.027527898550033396e-03,1.623398981775011407e+00,5.975463867187471578e-01,6.738964843750011369e+00,3.326594719078868057e-05,0.000000000000000000e+00,1.000002026557925833e-04
1.158912925883481222e+02,4.914103393554687216e+01,4.541495605468750227e+02,2.040427272196972466e-03,0.000000000000000000e+00,6.127528101205825979e-03,1.619335496326769430e+00,5.995239257812556843e-01,6.726391601562454525e+00,3.326484060457973041e-05,0.000000000000000000e+00,9.999983012676239014e-05
1.175106280846748916e+02,4.974055786132812784e+01,4.608759521484374773e+02,2.073692112801552197e-03,0.000000000000000000e+00,6.227527931332588369e-03,1.610757699521883524e+00,6.008514404296860789e-01,6.701757812499977263e+00,3.326373409154531960e-05,0.000000000000000000e+00,9.999983012676239014e-05
1.191213857841967751e+02,5.034140930175781392e+01,4.675777099609374545e+02,2.106955846893097516e-03,0.000000000000000000e+00,6.327527761459350759e-03,1.595793313478438336e+00,5.942260742187457367e-01,6.642602539062522737e+00,3.326262765256538662e-05,0.000000000000000000e+00,1.000002026557917159e-04
1.207171790976752135e+02,5.093563537597655966e+01,4.742203124999999773e+02,2.140218474545662903e-03,0.000000000000000000e+00,6.427527964115142475e-03,1.573499502014939821e+00,5.846771240234431843e-01,6.573461914062534106e+00,3.326152128696772611e-05,0.000000000000000000e+00,1.000002026557925833e-04
1.222906785996901533e+02,5.152031250000000284e+01,4.807937744140625114e+02,2.173479995832630629e-03,0.000000000000000000e+00,6.527528166770935059e-03,1.528839705740836052e+00,5.644714355468707367e-01,6.433715820312500000e+00,3.326041499474453184e-05,0.000000000000000000e+00,1.000002026557925833e-04
1.238195183054309894e+02,5.208478393554687358e+01,4.872274902343750114e+02,2.206740410827375161e-03,0.000000000000000000e+00,6.627528369426727642e-03,1.110479220883945572e+00,4.072937011718735789e-01,4.711132812500011369e+00,2.496488932162820723e-05,0.000000000000000000e+00,7.506012916564872017e-05
1.249299975263149349e+02,5.249207763671874716e+01,4.919386230468750227e+02,2.231705300149003368e-03,0.000000000000000000e+00,6.702588498592376362e-03,1.625748118593733693e+00,5.834411621093806843e-01,6.882617187499988631e+00,3.687070448977168569e-05,0.000000000000000000e+00,1.108616590499884869e-04
1.265557456449086686e+02,5.307551879882812784e+01,4.988212402343750114e+02,2.268576004638775054e-03,0.000000000000000000e+00,6.813450157642364849e-03,1.900460562025031663e+00,6.652465820312443157e-01,8.037597656250000000e+00,4.333194257809085126e-05,0.000000000000000000e+00,1.302935183048244822e-04
1.284562062069337003e+02,5.374076538085937216e+01,5.068588378906250114e+02,2.311907947216865905e-03,0.000000000000000000e+00,6.943743675947189331e-03,1.321013783350224458e+00,4.516113281250042633e-01,5.626416015624897682e+00,3.078726628431144308e-05,0.000000000000000000e+00,9.257718920707702637e-05
1.297772199902839247e+02,5.419237670898437642e+01,5.124852539062499091e+02,2.342695213501177348e-03,0.000000000000000000e+00,7.036320865154266357e-03,1.066940756930648604e+00,3.545227050781250000e-01,4.574340820312613687e+00,2.546080453183149905e-05,0.000000000000000000e+00,7.656216621398925781e-05
1.308441607472145733e+02,5.454689941406250142e+01,5.170595947265625227e+02,2.368156018033008847e-03,0.000000000000000000e+00,7.112883031368255615e-03,1.284003928917940129e+00,4.130432128906207367e-01,5.498901367187500000e+00,3.082009682235826997e-05,0.000000000000000000e+00,9.268149733543395996e-05
1.321281646761325135e+02,5.495994262695312216e+01,5.225584960937500227e+02,2.398976114855367117e-03,0.000000000000000000e+00,7.205564528703689575e-03,1.737192175930090343e+00,5.623901367187542633e-01,7.431884765625000000e+00,4.184668521407071060e-05,0.000000000000000000e+00,1.258440315723419189e-04
1.338653568520626038e+02,5.552233276367187642e+01,5.299903808593750227e+02,2.440822800069437828e-03,0.000000000000000000e+00,7.331408560276031494e-03,2.108889677604537383e+00,7.218139648437471578e-01,8.916772460937522737e+00,5.130503160453514858e-05,0.000000000000000000e+00,1.542948186397550756e-04
1.359742465296671412e+02,5.624414672851562358e+01,5.389071533203125455e+02,2.492127831673972976e-03,0.000000000000000000e+00,7.485703378915786570e-03,1.368410402791624847e+00,4.817749023437514211e-01,5.664062500000000000e+00,3.324981850026838270e-05,0.000000000000000000e+00,1.000002026557925833e-04
1.373426569324587661e+02,5.672592163085937500e+01,5.445712158203125455e+02,2.525377650174241359e-03,0.000000000000000000e+00,7.585703581571579153e-03,3.440748455385005400e-01,1.216308593750028422e-01,1.419970703124931788e+00,8.312235437323619441e-06,0.000000000000000000e+00,2.499967813491838636e-05
1.376867317779972666e+02,5.684755249023437784e+01,5.459911865234374773e+02,2.533689885611564978e-03,0.000000000000000000e+00,7.610703259706497539e-03,1.255184652058375150e+00,4.359008789062457367e-01,5.219091796874977263e+00,3.087519068551780946e-05,0.000000000000000000e+00,9.286254644393868857e-05
1.389419164300556417e+02,5.728345336914062358e+01,5.512102783203124545e+02,2.564565076297082788e-03,0.000000000000000000e+00,7.703565806150436228e-03,2.209557157887104495e+00,7.824035644531264211e-01,9.183081054687590949e+00,5.482548516500289001e-05,0.000000000000000000e+00,1.649029552936555690e-04
1.411514735879427462e+02,5.806585693359375000e+01,5.603933593750000455e+02,2.619390561462085678e-03,0.000000000000000000e+00,7.868468761444091797e-03,1.337789706531339107e+00,4.810913085937471578e-01,5.524902343750000000e+00,3.324558737717673434e-05,0.000000000000000000e+00,9.999945759773219700e-05
1.424892632944740853e+02,5.854694824218749716e+01,5.659182617187500455e+02,2.652636148839262412e-03,0.000000000000000000e+00,7.968468219041823994e-03,8.415888257649726256e-01,3.036010742187542633e-01,3.426977539062363576e+00,2.077790763422909456e-05,0.000000000000000000e+00,6.250068545341457005e-05
1.433308521202390580e+02,5.885054931640625142e+01,5.693452392578124091e+02,2.673414056473491507e-03,0.000000000000000000e+00,8.030968904495238564e-03,9.346265157770972110e-01,3.339233398437500000e-01,3.836767578125090949e+00,2.368708316616893045e-05,0.000000000000000000e+00,7.125139236450334090e-05
1.442654786360161552e+02,5.918447265625000142e+01,5.731820068359375000e+02,2.697101139639660437e-03,0.000000000000000000e+00,8.102220296859741905e-03,1.973079350449722824e+00,7.244750976562457367e-01,8.290600585937454525e+00,5.133405125378907516e-05,0.000000000000000000e+00,1.544222235679622995e-04
1.462385579864658780e+02,5.990894775390624716e+01,5.814726074218749545e+02,2.748435190893449512e-03,0.000000000000000000e+00,8.256642520427704204e-03,1.281723552350740647e+00,4.670104980468750000e-01,5.337109375000068212e+00,3.324129756077272291e-05,0.000000000000000000e+00,1.000002026557925833e-04
1.475202815388166186e+02,6.037595825195312216e+01,5.868097167968750227e+02,2.781676488454222235e-03,0.000000000000000000e+00,8.356642723083496788e-03,6.134393454637461218e-01,2.023254394531264211e-01,2.544921875000000000e+00,1.622617840409644463e-05,0.000000000000000000e+00,4.881396889686549778e-05
1.481337208842803648e+02,6.057828369140624858e+01,5.893546386718750227e+02,2.797902666858318680e-03,0.000000000000000000e+00,8.405456691980362285e-03,1.247939984361408960e+00,4.388671875000014211e-01,5.130200195312568212e+00,3.250115902558728745e-05,0.000000000000000000e+00,9.777843952178850995e-05
1.493816608686417737e+02,6.101715087890625000e+01,5.944848388671875909e+02,2.830403825883905967e-03,0.000000000000000000e+00,8.503235131502150795e-03,1.242014747467152347e+00,4.294738769531250000e-01,5.018823242187409051e+00,3.220683183185676923e-05,0.000000000000000000e+00,9.689629077911515731e-05
1.506236756161089261e+02,6.144662475585937500e+01,5.995036621093750000e+02,2.862610657715762737e-03,0.000000000000000000e+00,8.600131422281265953e-03,1.415612119394836554e+00,4.983703613281278422e-01,5.750683593749954525e+00,3.723673033805994723e-05,0.000000000000000000e+00,1.120321452617641794e-04
1.520392877355037626e+02,6.194499511718750284e+01,6.052543457031249545e+02,2.899847388053822684e-03,0.000000000000000000e+00,8.712163567543030132e-03,1.340901091252192145e+00,4.773010253906235789e-01,5.348876953125000000e+00,3.508379565299703587e-05,0.000000000000000000e+00,1.055590808391564106e-04
1.533801888267559548e+02,6.242229614257812642e+01,6.106032226562499545e+02,2.934931183706819720e-03,0.000000000000000000e+00,8.817722648382186543e-03,1.156533457140369592e+00,4.284362792968750000e-01,4.487475585937545475e+00,3.007073908048224151e-05,0.000000000000000000e+00,9.047836065292393093e-05
1.545367222838963244e+02,6.285073242187500142e+01,6.150906982421875000e+02,2.965001922787301961e-03,0.000000000000000000e+00,8.908201009035110474e-03,1.458956856805627922e+00,5.584777832031235789e-01,5.517724609375022737e+00,3.758705944172536367e-05,0.000000000000000000e+00,1.130983233451846731e-04
1.559956791407019523e+02,6.340921020507812500e+01,6.206084228515625227e+02,3.002588982229027325e-03,0.000000000000000000e+00,9.021299332380295147e-03,1.180406563043391088e+00,4.642395019531235789e-01,4.330786132812477263e+00,3.006870465988671290e-05,0.000000000000000000e+00,9.047836065292393093e-05
1.571760857037453434e+02,6.387344970703124858e+01,6.249392089843750000e+02,3.032657686888914038e-03,0.000000000000000000e+00,9.111777693033219078e-03,1.150894614050713471e+00,4.701843261718821054e-01,4.233276367187500000e+00,3.006780056007173421e-05,0.000000000000000000e+00,9.047910571098258248e-05
1.583269803177960569e+02,6.434363403320313068e+01,6.291724853515625000e+02,3.062725487448985772e-03,0.000000000000000000e+00,9.202256798744201660e-03,1.146409205759056249e+00,4.866638183593750000e-01,4.556933593750045475e+00,3.398753328731672976e-05,0.000000000000000000e+00,1.022771000862114643e-04
1.594733895235551131e+02,6.483029785156250568e+01,6.337294189453125455e+02,3.096713020736302502e-03,0.000000000000000000e+00,9.304533898830413124e-03,1.148057587451063455e+00,4.890747070312500000e-01,4.524365234374954525e+00,3.522747782082769757e-05,0.000000000000000000e+00,1.060113310813910747e-04
1.606214471110061766e+02,6.531937255859375568e+01,6.382537841796875000e+02,3.131940498557130199e-03,0.000000000000000000e+00,9.410545229911804199e-03,1.002797392470768045e+00,4.475585937499886313e-01,3.814160156249954525e+00,3.131218932338804967e-05,0.000000000000000000e+00,9.423270821571315403e-05
1.616242445034769446e+02,6.576693115234374432e+01,6.420679443359374545e+02,3.163252687880518249e-03,0.000000000000000000e+00,9.504777938127517353e-03,7.423607286888511680e-01,3.761718750000113687e-01,3.612377929687568212e+00,3.228969159044465034e-05,0.000000000000000000e+00,9.717792272567749023e-05
1.623666052321657958e+02,6.614310302734375568e+01,6.456803222656250227e+02,3.195542379470962899e-03,0.000000000000000000e+00,9.601955860853194843e-03,7.902377648763945217e-01,3.971252441406250000e-01,3.878222656249931788e+00,3.758489347993826737e-05,0.000000000000000000e+00,1.131176948547373690e-04
1.631568429970421903e+02,6.654022827148438068e+01,6.495585449218749545e+02,3.233127272950901167e-03,0.000000000000000000e+00,9.715073555707932212e-03,5.653346560475256410e-01,2.797302246093664735e-01,2.838403320312636424e+00,3.012452587239757354e-05,0.000000000000000000e+00,9.066760540008510227e-05
1.637221776530897159e+02,6.681995849609374716e+01,6.523969482421875909e+02,3.263251798823298740e-03,0.000000000000000000e+00,9.805741161108017315e-03,6.669815260878806384e-01,3.217529296875056843e-01,3.475512695312318101e+00,4.016474666858858844e-05,0.000000000000000000e+00,1.208908855915066111e-04
1.643891591791775966e+02,6.714171142578125284e+01,6.558724609374999091e+02,3.303416545491887329e-03,0.000000000000000000e+00,9.926632046699523926e-03,4.787821920000112641e-01,2.223388671875028422e-01,2.390600585937590949e+00,3.012240854769268616e-05,0.000000000000000000e+00,9.066760540008510227e-05
1.648679413711776078e+02,6.736405029296875568e+01,6.582630615234375000e+02,3.333538954039580015e-03,0.000000000000000000e+00,1.001729965209960903e-02,4.943904591870307286e-01,2.032653808593636313e-01,2.066967773437454525e+00,3.012187249368898298e-05,0.000000000000000000e+00,9.066760540008510227e-05
1.653623318303646386e+02,6.756731567382811932e+01,6.603300292968749545e+02,3.363660826533268998e-03,0.000000000000000000e+00,1.010796725749969413e-02,6.220992499503381623e-01,2.148681640625085265e-01,2.139868164062590949e+00,4.016071404886779883e-05,0.000000000000000000e+00,1.208908855915083458e-04
1.659844310803149767e+02,6.778218383789062784e+01,6.624698974609375455e+02,3.403821540582136797e-03,0.000000000000000000e+00,1.022885814309120248e-02,3.831757148436452098e-01,1.067932128906221578e-01,1.163818359375000000e+00,3.011938430478363488e-05,0.000000000000000000e+00,9.066760540008510227e-05
1.663676067951586219e+02,6.788897705078125000e+01,6.636337158203125455e+02,3.433940924886920432e-03,0.000000000000000000e+00,1.031952574849128758e-02,1.300035946405557752e-01,-3.470458984375568434e-02,4.121826171874545253e-01,3.011847715479612844e-05,0.000000000000000000e+00,9.066760540008510227e-05
1.664976103897991777e+02,6.785427246093749432e+01,6.640458984375000000e+02,3.464059402041716560e-03,0.000000000000000000e+00,1.041019335389137268e-02,-4.444775735632333635e-01,-3.615112304687500000e-01,-1.216455078125022737e+00,3.048954206845812601e-05,0.000000000000000000e+00,9.178742766380310059e-05
1.660531328162359443e+02,6.749276123046874432e+01,6.628294433593749773e+02,3.494548944110174686e-03,0.000000000000000000e+00,1.050198078155517578e-02,-1.122511007143344841e+00,-7.881408691406193157e-01,-4.512329101562500000e+00,3.391940486009844755e-05,0.000000000000000000e+00,1.021161675453189505e-04
1.649306218090925995e+02,6.670462036132812500e+01,6.583171142578124773e+02,3.528468348970273134e-03,0.000000000000000000e+00,1.060409694910049473e-02,-9.138242163473108803e+00,-5.293365478515625000e+00,-2.572390136718752274e+01,3.278793664558427717e-05,0.000000000000000000e+00,9.871274232864379883e-05
1.557923796456194907e+02,6.141125488281250000e+01,6.325932128906249545e+02,3.561256285615857411e-03,0.000000000000000000e+00,1.070280969142913853e-02,-8.151853634466363019e+00,-4.726623535156250000e+00,-1.873295898437493179e+01,3.278649043962720416e-05,0.000000000000000000e+00,9.871274232864379883e-05
1.476405260111531277e+02,5.668463134765625000e+01,6.138602539062500227e+02,3.594042776055484615e-03,0.000000000000000000e+00,1.080152243375778233e-02,-3.322292385455511976e+00,-2.292462158203122158e+00,-8.936889648437613687e+00,3.278578670115996421e-05,0.000000000000000000e+00,9.871274232864379883e-05
1.443182336256976157e+02,5.439216918945312784e+01,6.049233642578124091e+02,3.626828562756644579e-03,0.000000000000000000e+00,1.090023517608642613e-02,-1.222539702420988306e+00,-1.165594482421880684e+00,-5.016772460937431788e+00,3.391491838698442243e-05,0.000000000000000000e+00,1.021161675453189505e-04
1.430956939232766274e+02,5.322657470703124716e+01,5.999065917968749773e+02,3.660743481143629002e-03,0.000000000000000000e+00,1.100235134363174508e-02,-7.293101709664142618e-01,-8.642517089843693157e-01,-4.293139648437431788e+00,3.306604936316416207e-05,0.000000000000000000e+00,9.956359863281215306e-05
1.423663837523102131e+02,5.236232299804687784e+01,5.956134521484375455e+02,3.693809530506793164e-03,0.000000000000000000e+00,1.110191494226455723e-02,-3.071582714800342728e-01,-6.546386718750056843e-01,-4.039770507812590949e+00,3.306495603569523795e-05,0.000000000000000000e+00,9.956359863281215306e-05
1.420592254808301789e+02,5.170768432617187216e+01,5.915736816406249545e+02,3.726874486542488402e-03,0.000000000000000000e+00,1.120147854089736938e-02,-5.348339560052295383e-02,-6.160278320312500000e-01,-4.876147460937431788e+00,3.433572781822357908e-05,0.000000000000000000e+00,1.033931970596310007e-04
1.420057420852296559e+02,5.109165649414062216e+01,5.866975341796875227e+02,3.761210214360711981e-03,0.000000000000000000e+00,1.130487173795700039e-02,2.597965415714327264e-01,-4.594604492187457367e-01,-4.629467773437568212e+00,3.433417779864908134e-05,0.000000000000000000e+00,1.033924520015723492e-04
1.422655386268010886e+02,5.063219604492187642e+01,5.820680664062499545e+02,3.795544392159361062e-03,0.000000000000000000e+00,1.140826418995857273e-02,2.509745307775119727e-01,-3.873626708984403422e-01,-4.037817382812363576e+00,3.051840324813691677e-05,0.000000000000000000e+00,9.190514683723484402e-05
1.425165131575786006e+02,5.024483337402343608e+01,5.780302490234375909e+02,3.826062795407497979e-03,0.000000000000000000e+00,1.150016933679580758e-02,-1.049535869368725116e+00,-1.096038818359375000e+00,-4.900537109375136424e+00,3.433232234280455750e-05,0.000000000000000000e+00,1.033931970596310007e-04
1.414669772882098755e+02,4.914879455566406108e+01,5.731297119140624545e+02,3.860395117750302536e-03,0.000000000000000000e+00,1.160356253385543858e-02,-1.385643545873023186e+00,-1.275866699218745737e+00,-5.006982421874909051e+00,3.433077259409238538e-05,0.000000000000000000e+00,1.033924520015706144e-04
1.400813337423368523e+02,4.787292785644531534e+01,5.681227294921875455e+02,3.894725890344394922e-03,0.000000000000000000e+00,1.170695498585700919e-02,-1.088238969773811959e+00,-1.189614868164063921e+00,-5.137573242187500000e+00,3.623725390265947546e-05,0.000000000000000000e+00,1.091368496418006206e-04
1.389930947725630404e+02,4.668331298828125142e+01,5.629851562500000455e+02,3.930963144247054397e-03,0.000000000000000000e+00,1.181609183549880981e-02,-6.121180754603869900e-01,-7.987884521484360789e-01,-3.846264648437568212e+00,2.860704022364032872e-05,0.000000000000000000e+00,8.616074919700657253e-05
1.383809766971026534e+02,4.588452453613281534e+01,5.591388916015624773e+02,3.959570184470694726e-03,0.000000000000000000e+00,1.190225258469581639e-02,-4.560218173476187076e-01,-8.247253417968778422e-01,-4.661181640624931788e+00,3.432736806447192479e-05,0.000000000000000000e+00,1.033931970596310007e-04
1.379249548797550347e+02,4.505979919433593750e+01,5.544777099609375455e+02,3.993897552535166651e-03,0.000000000000000000e+00,1.200564578175544739e-02,-2.698066183864398226e-01,-7.079162597656250000e-01,-4.672558593750068212e+00,3.432656076822818147e-05,0.000000000000000000e+00,1.033931970596310007e-04
1.376551482613685948e+02,4.435188293457031250e+01,5.498051513671874773e+02,4.028224113303394832e-03,0.000000000000000000e+00,1.210903897881507839e-02,8.849980270818491590e-02,-5.165740966796903422e-01,-4.757421874999977263e+00,3.432501147712912343e-05,0.000000000000000000e+00,1.033924520015723492e-04
1.377436480640767797e+02,4.383530883789062216e+01,5.450477294921875000e+02,4.062549124780523956e-03,0.000000000000000000e+00,1.221243143081665074e-02,3.574150979457328958e-01,-3.577911376953082367e-01,-4.734912109375045475e+00,3.432420431719301196e-05,0.000000000000000000e+00,1.033931970596310007e-04
1.381010631620225126e+02,4.347751770019531392e+01,5.403128173828124545e+02,4.096873329097716968e-03,0.000000000000000000e+00,1.231582462787628174e-02,3.509107195569356463e-01,-2.677581787109417633e-01,-4.135571289062454525e+00,2.860229448587835871e-05,0.000000000000000000e+00,8.616074919700657253e-05
1.384519738815794483e+02,4.320975952148437216e+01,5.361772460937500000e+02,4.125475623583595326e-03,0.000000000000000000e+00,1.240198537707328831e-02,2.317563789027019538e-01,-4.237884521484360789e-01,-5.388867187499954525e+00,3.432204452021199448e-05,0.000000000000000000e+00,1.033924520015706144e-04
1.386837302604821502e+02,4.278597106933593608e+01,5.307883789062500455e+02,4.159797668103807321e-03,0.000000000000000000e+00,1.250537782907485893e-02,8.555447187890763416e-02,-4.871429443359360789e-01,-5.465454101562500000e+00,3.432049558816339940e-05,0.000000000000000000e+00,1.033931970596327354e-04
1.387692847323610579e+02,4.229882812500000000e+01,5.253229248046875455e+02,4.194118163691970720e-03,0.000000000000000000e+00,1.260877102613449166e-02,1.863025358392178532e-01,-4.346221923828110789e-01,-5.567065429687545475e+00,3.431968868917827098e-05,0.000000000000000000e+00,1.033931970596310007e-04
1.389555872682002757e+02,4.186420593261718892e+01,5.197558593750000000e+02,4.228437852381148991e-03,0.000000000000000000e+00,1.271216422319412266e-02,2.189856539321226592e-01,-4.126892089843750000e-01,-5.460253906250045475e+00,3.431813994406954921e-05,0.000000000000000000e+00,1.033931970596310007e-04
1.391745729221323984e+02,4.145151672363281392e+01,5.142956054687499545e+02,4.262755992325218540e-03,0.000000000000000000e+00,1.281555742025375366e-02,2.866423368437267527e-01,-3.177062988281278422e-01,-4.643945312499965894e+00,3.145744584146913797e-05,0.000000000000000000e+00,9.477585554122994194e-05
1.394612152589761251e+02,4.113381042480468608e+01,5.096516601562499886e+02,4.294213438166687678e-03,0.000000000000000000e+00,1.291033327579498360e-02,4.431293461076393214e-01,-2.702819824218707367e-01,-4.294287109375034106e+00,3.431625368137663362e-05,0.000000000000000000e+00,1.033931970596310007e-04
1.399043446050837645e+02,4.086352844238281534e+01,5.053573730468749545e+02,4.328529691848064312e-03,0.000000000000000000e+00,1.301372647285461460e-02,7.157204411213911044e-01,-1.316741943359431843e-01,-3.860815429687477263e+00,3.431470520936889812e-05,0.000000000000000000e+00,1.033931970596310007e-04
1.406200650462051556e+02,4.073185424804687216e+01,5.014965576171874773e+02,4.362844397057433210e-03,0.000000000000000000e+00,1.311711966991424561e-02,1.006749855651690950e+00,-4.450683593749715783e-02,-4.296386718750000000e+00,3.860291410308011595e-05,0.000000000000000000e+00,1.163169741630557669e-04
1.416268149018568465e+02,4.068734741210937500e+01,4.972001708984374773e+02,4.401447311160513326e-03,0.000000000000000000e+00,1.323343664407730137e-02,6.953109383591140613e-01,-6.838989257815342171e-03,-2.861669921874977263e+00,2.573444821318132680e-05,0.000000000000000000e+00,7.754564285278320312e-05
1.423221258402159606e+02,4.068050842285155966e+01,4.943385009765625000e+02,4.427181759373694653e-03,0.000000000000000000e+00,1.331098228693008458e-02,1.016382421922912727e+00,-8.892822265622157829e-03,-4.310180664062500000e+00,3.860043062123372920e-05,0.000000000000000000e+00,1.163169741630557669e-04
1.433385082621388733e+02,4.067161560058593750e+01,4.900283203125000000e+02,4.465782189994928382e-03,0.000000000000000000e+00,1.342729926109314034e-02,1.039574542988930261e+00,1.022644042969034217e-02,-4.262841796875022737e+00,3.859856983084389986e-05,0.000000000000000000e+00,1.163169741630540321e-04
1.443780828051278036e+02,4.068184204101562784e+01,4.857654785156249773e+02,4.504380759825772282e-03,0.000000000000000000e+00,1.354361623525619437e-02,5.316014033877820566e-01,1.812133789061931566e-02,-2.115698242187477263e+00,1.929909708381274264e-05,0.000000000000000000e+00,5.815774202346836452e-05
1.449096842085155856e+02,4.069996337890624716e+01,4.836497802734375000e+02,4.523679856909585024e-03,0.000000000000000000e+00,1.360177397727966274e-02,1.096373627731793476e+00,6.416931152344318434e-02,-4.286279296875022737e+00,3.859633517152172982e-05,0.000000000000000000e+00,1.163169741630557669e-04
1.460060578362473791e+02,4.076413269042969034e+01,4.793635009765624773e+02,4.562276192081106754e-03,0.000000000000000000e+00,1.371809095144271851e-02,1.075573440777958467e+00,9.044189453124573674e-02,-3.668066406249977263e+00,3.859521637080386147e-05,0.000000000000000000e+00,1.163169741630557669e-04
1.470816312770253376e+02,4.085457458496093608e+01,4.756954345703125000e+02,4.600871408451910616e-03,0.000000000000000000e+00,1.383440792560577427e-02,1.012362572245393721e+00,8.135681152344176326e-02,-3.106762695312454525e+00,3.859372683756492201e-05,0.000000000000000000e+00,1.163169741630557669e-04
1.480939938492707313e+02,4.093593139648437784e+01,4.725886718750000455e+02,4.639465135289475538e-03,0.000000000000000000e+00,1.395072489976883004e-02,5.046651286045289453e-01,4.600219726562215783e-02,-1.498095703125045475e+00,1.929611948115177861e-05,0.000000000000000000e+00,5.815923213958740234e-05
1.485986589778752602e+02,4.098193359375000000e+01,4.710905761718750000e+02,4.658761254770627316e-03,0.000000000000000000e+00,1.400888413190841744e-02,1.015066876420803510e+00,1.032226562499971578e-01,-3.044970703124988631e+00,3.859149276042549148e-05,0.000000000000000000e+00,1.163169741630540321e-04
1.496137258542960637e+02,4.108515624999999716e+01,4.680456054687500114e+02,4.697352747531052808e-03,0.000000000000000000e+00,1.412520110607147147e-02,1.046481802503791414e+00,1.203918457031250000e-01,-3.099047851562488631e+00,3.859000351480457169e-05,0.000000000000000000e+00,1.163169741630557669e-04
1.506602076567998552e+02,4.120554809570312216e+01,4.649465576171875227e+02,4.735942751045857380e-03,0.000000000000000000e+00,1.424151808023452724e-02,1.000149646916810298e+00,1.109161376953125000e-01,-3.101025390625011369e+00,3.858851438367800341e-05,0.000000000000000000e+00,1.163169741630557669e-04
1.516603573037166655e+02,4.131646423339843466e+01,4.618455322265625114e+02,4.774531265429535383e-03,0.000000000000000000e+00,1.435783505439758301e-02,4.750692986443425525e-01,4.747009277343750000e-02,-1.583569335937511369e+00,1.929351342988636780e-05,0.000000000000000000e+00,5.815923213958740234e-05
1.521354266023610080e+02,4.136393432617187216e+01,4.602619628906250000e+02,4.793824778859421751e-03,0.000000000000000000e+00,1.441599428653717041e-02,9.469427760216149181e-01,9.892578125000284217e-02,-3.160034179687500000e+00,3.858628091016769873e-05,0.000000000000000000e+00,1.163169741630557669e-04
1.530823693783826229e+02,4.146286010742187500e+01,4.571019287109375000e+02,4.832411059769589450e-03,0.000000000000000000e+00,1.453231126070022618e-02,9.304677066745625780e-01,1.001312255859403422e-01,-2.787426757812511369e+00,3.858479206632174641e-05,0.000000000000000000e+00,1.163169741630557669e-04
1.540128370850571855e+02,4.156299133300781534e+01,4.543145019531249886e+02,4.870995851835911196e-03,0.000000000000000000e+00,1.464862823486328194e-02,4.325938959619861635e-01,3.716430664061931566e-02,-1.345581054687443157e+00,1.929165239702903406e-05,0.000000000000000000e+00,5.815774202346662980e-05
1.544454309810191717e+02,4.160015563964843466e+01,4.529689208984375455e+02,4.890287504232940230e-03,0.000000000000000000e+00,1.470678597688674857e-02,8.170269055052301610e-01,6.039733886719034217e-02,-2.727490234375068212e+00,3.858255902344700367e-05,0.000000000000000000e+00,1.163169741630557669e-04
1.552624578865244018e+02,4.166055297851562500e+01,4.502414306640624773e+02,4.928870063256387234e-03,0.000000000000000000e+00,1.482310295104980434e-02,7.474082731959299508e-01,4.140930175780965783e-02,-2.668945312500000000e+00,3.858107046701784310e-05,0.000000000000000000e+00,1.163169741630557669e-04
1.560098661597203318e+02,4.170196228027343466e+01,4.475724853515624773e+02,4.967451133723405077e-03,0.000000000000000000e+00,1.493941992521286011e-02,6.924544546235438247e-01,2.208251953125284217e-02,-2.584204101562477263e+00,3.857958202566590111e-05,0.000000000000000000e+00,1.163169741630557669e-04
1.567023206143438756e+02,4.172404479980468750e+01,4.449882812500000000e+02,5.006030715749070978e-03,0.000000000000000000e+00,1.505573689937591587e-02,3.457808554844916671e-01,8.541870117184657829e-03,-1.254760742187500000e+00,1.928904755215364586e-05,0.000000000000000000e+00,5.815923213958740234e-05
1.570481014698283673e+02,4.173258666992187216e+01,4.437335205078125000e+02,5.025319763301224624e-03,0.000000000000000000e+00,1.511389613151550328e-02,7.134770705917503619e-01,2.792663574219034217e-02,-2.435205078125022737e+00,3.857734958578103862e-05,0.000000000000000000e+00,1.163169741630557669e-04
1.577615785404201176e+02,4.176051330566406250e+01,4.412983154296874773e+02,5.063897112887005662e-03,0.000000000000000000e+00,1.523021310567855904e-02,7.522295789963209245e-01,5.281982421875142109e-02,-2.441308593749965894e+00,3.857586143106873228e-05,0.000000000000000000e+00,1.163169741630540321e-04
1.585138081194164386e+02,4.181333312988281392e+01,4.388570068359375114e+02,5.102472974318074395e-03,0.000000000000000000e+00,1.534653007984161308e-02,3.372352215414196053e-01,1.324462890625000000e-02,-1.218603515625034106e+00,1.928718738048243453e-05,0.000000000000000000e+00,5.815923213958740234e-05
1.588510433409578582e+02,4.182657775878906392e+01,4.376384033203124773e+02,5.121760161698556829e-03,0.000000000000000000e+00,1.540468931198120048e-02,6.571468601639196550e-01,2.100830078124715783e-02,-2.448828124999977263e+00,3.857362942196254640e-05,0.000000000000000000e+00,1.163169741630557669e-04
1.595081902011217778e+02,4.184758605957031108e+01,4.351895751953125000e+02,5.160333791120519376e-03,0.000000000000000000e+00,1.552100628614425624e-02,7.254833048513944505e-01,6.796874999999857891e-02,-2.588964843749977263e+00,3.857214155424722873e-05,0.000000000000000000e+00,1.163169741630557669e-04
1.602336735059731723e+02,4.191555480957030966e+01,4.326006103515625227e+02,5.198905932674766604e-03,0.000000000000000000e+00,1.563732326030731201e-02,7.702547450472536639e-01,1.177886962890681843e-01,-3.006567382812477263e+00,3.857028321864203885e-05,0.000000000000000000e+00,1.163169741630540321e-04
1.610039282510204259e+02,4.203334350585937784e+01,4.295940429687500455e+02,5.237476215893408643e-03,0.000000000000000000e+00,1.575364023447036604e-02,4.187608163143465845e-01,8.494873046874573674e-02,-1.573608398437556843e+00,1.928495432448537605e-05,0.000000000000000000e+00,5.815774202347009925e-05
1.614226890673347725e+02,4.211829223632812358e+01,4.280204345703124886e+02,5.256761170217894019e-03,0.000000000000000000e+00,1.581179797649383614e-02,9.137900238794713914e-01,2.236999511718735789e-01,-2.936694335937488631e+00,3.856805183332593506e-05,0.000000000000000000e+00,1.163169741630540321e-04
1.623364790912142439e+02,4.234199218749999716e+01,4.250837402343750000e+02,5.295329222051219954e-03,0.000000000000000000e+00,1.592811495065689018e-02,9.480875789878666637e-01,2.431884765625014211e-01,-2.824243164062522737e+00,3.856693494322729898e-05,0.000000000000000000e+00,1.163169741630575016e-04
1.632845666702021106e+02,4.258518066406249858e+01,4.222594970703124773e+02,5.333896156994447253e-03,0.000000000000000000e+00,1.604443192481994768e-02,4.530972689365171391e-01,1.223449707031250000e-01,-1.501928710937477263e+00,1.928309497789375271e-05,0.000000000000000000e+00,5.815923213958740234e-05
1.637376639391386277e+02,4.270752563476562358e+01,4.207575683593750000e+02,5.353179251972341006e-03,0.000000000000000000e+00,1.610259115695953508e-02,9.870766242356978637e-01,3.046905517578153422e-01,-3.103247070312477263e+00,3.856433342671813924e-05,0.000000000000000000e+00,1.163169741630540321e-04
1.647247405633743256e+02,4.301221618652343892e+01,4.176543212890625227e+02,5.391743585399059145e-03,0.000000000000000000e+00,1.621890813112258911e-02,1.020708076632502070e+00,3.463256835937471578e-01,-3.384960937500011369e+00,3.856321678768863392e-05,0.000000000000000000e+00,1.163169741630540321e-04
1.657454486400068276e+02,4.335854187011718608e+01,4.142693603515625114e+02,5.430306802186747779e-03,0.000000000000000000e+00,1.633522510528564314e-02,9.913042261406133093e-01,3.583068847656250000e-01,-3.512622070312488631e+00,3.856172972356661927e-05,0.000000000000000000e+00,1.163169741630575016e-04
1.667367528661474410e+02,4.371684875488281108e+01,4.107567382812500227e+02,5.468868531910314398e-03,0.000000000000000000e+00,1.645154207944870065e-02,5.284404314507185063e-01,1.961853027343778422e-01,-1.705847167968784106e+00,1.928012200327119258e-05,0.000000000000000000e+00,5.815923213958740234e-05
1.672651932975981595e+02,4.391303405761718892e+01,4.090508911132812386e+02,5.488148653913585591e-03,0.000000000000000000e+00,1.650970131158828805e-02,1.030821158335754717e+00,3.961212158203082367e-01,-3.485925292968715894e+00,3.855949934922133643e-05,0.000000000000000000e+00,1.163169741630540321e-04
1.682960144559339142e+02,4.430915527343749716e+01,4.055649658203125227e+02,5.526708153262806927e-03,0.000000000000000000e+00,1.662601828575134208e-02,1.002888249273183874e+00,3.945678710937556843e-01,-3.465454101562500000e+00,3.855801257133997101e-05,0.000000000000000000e+00,1.163169741630575016e-04
1.692989027052070981e+02,4.470372314453125284e+01,4.020995117187500227e+02,5.565266165834146898e-03,0.000000000000000000e+00,1.674233525991439958e-02,5.059779761100742235e-01,2.034423828124971578e-01,-1.787255859375022737e+00,1.927826355262000912e-05,0.000000000000000000e+00,5.815774202346662980e-05
1.698048806813171723e+02,4.490716552734375000e+01,4.003122558593750000e+02,5.584544429386766907e-03,0.000000000000000000e+00,1.680049300193786621e-02,1.064824939036782325e+00,4.359924316406278422e-01,-3.525219726562454525e+00,3.855578262717488519e-05,0.000000000000000000e+00,1.163169741630540321e-04
1.708697056203539546e+02,4.534315795898437784e+01,3.967870361328125455e+02,5.623100212013941793e-03,0.000000000000000000e+00,1.691680997610092024e-02,8.211080661285734550e-01,3.434143066406250000e-01,-2.704638671875045475e+00,2.974404870688136110e-05,0.000000000000000000e+00,8.973777294159213103e-05
1.716908136864825281e+02,4.568657226562500284e+01,3.940823974609375000e+02,5.652844260720823154e-03,0.000000000000000000e+00,1.700654774904251237e-02,8.611775428871055738e-01,3.664611816406235789e-01,-2.785522460937500000e+00,3.173082559800467078e-05,0.000000000000000000e+00,9.573251008987426758e-05
1.725519912293696336e+02,4.605303344726562642e+01,3.912968750000000000e+02,5.684575086318827825e-03,0.000000000000000000e+00,1.710228025913238664e-02,8.814973609370326812e-01,3.760192871093721578e-01,-2.850842285156261369e+00,3.340664359874952888e-05,0.000000000000000000e+00,1.007929444313028500e-04
1.734334885903066663e+02,4.642905273437499858e+01,3.884460327148437386e+02,5.717981729917577353e-03,0.000000000000000000e+00,1.720307320356368949e-02,9.149059486607313829e-01,4.056335449218764211e-01,-3.034643554687477263e+00,3.258658921245598250e-05,0.000000000000000000e+00,9.832084178924491158e-05
1.743483945389673977e+02,4.683468627929687500e+01,3.854113891601562614e+02,5.750568319130033336e-03,0.000000000000000000e+00,1.730139404535293440e-02,1.009959739470190243e+00,4.591674804687500000e-01,-3.329980468749965894e+00,3.315109876671391842e-05,0.000000000000000000e+00,1.000300049781820133e-04
1.753583542784375879e+02,4.729385375976562500e+01,3.820814086914062955e+02,5.783719417896747254e-03,0.000000000000000000e+00,1.740142405033111642e-02,9.720325962934168729e-01,4.428527832031221578e-01,-3.190173339843795475e+00,3.298333402837298756e-05,0.000000000000000000e+00,9.952485561370849609e-05
1.763303868747310048e+02,4.773670654296874716e+01,3.788912353515625000e+02,5.816702751925120242e-03,0.000000000000000000e+00,1.750094890594482491e-02,8.803585316888700163e-01,4.150451660156306843e-01,-3.360229492187500000e+00,3.323668085055634519e-05,0.000000000000000000e+00,1.002937555313089535e-04
1.772107454064198748e+02,4.815175170898437784e+01,3.755310058593750000e+02,5.849939432775676587e-03,0.000000000000000000e+00,1.760124266147613387e-02,6.277491468608786818e-01,3.440155029296860789e-01,-3.752563476562500000e+00,3.322816933385656230e-05,0.000000000000000000e+00,1.002699136734008789e-04
1.778384945532807535e+02,4.849576721191406392e+01,3.717784423828125000e+02,5.883167602109533149e-03,0.000000000000000000e+00,1.770151257514953475e-02,4.477746724100768461e-01,2.671417236328110789e-01,-3.216333007812522737e+00,3.302708622510489023e-05,0.000000000000000000e+00,9.966790676117082137e-05
1.782862692256908304e+02,4.876290893554687500e+01,3.685621093749999773e+02,5.916194688334638040e-03,0.000000000000000000e+00,1.780118048191070557e-02,1.734525151217098937e-01,1.511993408203125000e-01,-2.543334960937500000e+00,3.319449076361752349e-05,0.000000000000000000e+00,1.001760363578789448e-04
1.784597217408125402e+02,4.891410827636718750e+01,3.660187744140624773e+02,5.949389179098255563e-03,0.000000000000000000e+00,1.790135651826858451e-02,-5.827180320068237052e-03,1.101806640624971578e-01,-2.589660644531250000e+00,3.285640950121543336e-05,0.000000000000000000e+00,9.915977716445922852e-05
1.784538945604924720e+02,4.902428894042968466e+01,3.634291137695312273e+02,5.982245588599470996e-03,0.000000000000000000e+00,1.800051629543304374e-02,-2.324637627653771688e-01,4.153137207031676326e-02,-2.551342773437454525e+00,3.336078248040736521e-05,0.000000000000000000e+00,1.006841659545905376e-04
1.782214307977270948e+02,4.906582031250000142e+01,3.608777709960937727e+02,6.015606371079878362e-03,0.000000000000000000e+00,1.810120046138763428e-02,-3.090084253450697815e-01,4.306030273433236744e-03,-2.260144042968761369e+00,3.312305908372090851e-05,0.000000000000000000e+00,9.997040033340315324e-05
1.779124223723820251e+02,4.907012634277343466e+01,3.586176269531250114e+02,6.048729430163599270e-03,0.000000000000000000e+00,1.820117086172103743e-02,-4.053913434125604454e-01,-1.903686523436931566e-02,-2.280395507812556843e+00,3.283722412844927718e-05,0.000000000000000000e+00,9.911060333252230681e-05
1.775070310289694646e+02,4.905108947753906534e+01,3.563372314453124545e+02,6.081566654292048547e-03,0.000000000000000000e+00,1.830028146505355974e-02,-7.326432656356871576e-01,-1.208557128906306843e-01,-2.323791503906193157e+00,3.326268322075345840e-05,0.000000000000000000e+00,1.003995537757866596e-04
1.767743877633337775e+02,4.893023376464843466e+01,3.540134399414062614e+02,6.114829337512802006e-03,0.000000000000000000e+00,1.840068101882934640e-02,-9.022005248565108104e-01,-1.897857666015596578e-01,-2.197985839843738631e+00,3.326194709704025781e-05,0.000000000000000000e+00,1.003980636596658871e-04
1.758721872384772666e+02,4.874044799804687500e+01,3.518154541015625227e+02,6.148091284609842264e-03,0.000000000000000000e+00,1.850107908248901228e-02,-9.514910519654335985e-01,-2.084411621093735789e-01,-2.170739746093772737e+00,3.283396157661901821e-05,0.000000000000000000e+00,9.911209344863960991e-05
1.749206961865118330e+02,4.853200683593750142e+01,3.496447143554687500e+02,6.180925246186461282e-03,0.000000000000000000e+00,1.860019117593765189e-02,-1.160157712280380338e+00,-2.772308349609389211e-01,-2.210925292968738631e+00,3.325937850652375960e-05,0.000000000000000000e+00,1.003980636596693565e-04
1.737605384742314527e+02,4.825477600097656250e+01,3.474337890625000114e+02,6.214184624692985041e-03,0.000000000000000000e+00,1.870058923959732125e-02,-1.820422331808430272e+00,-4.721069335937500000e-01,-2.574719238281261369e+00,3.306539348559098951e-05,0.000000000000000000e+00,9.981542825698852539e-05
1.719401161424230224e+02,4.778266906738281250e+01,3.448590698242187500e+02,6.247250018178576031e-03,0.000000000000000000e+00,1.880040466785430978e-02,-2.004317804927296720e+00,-5.268615722656235789e-01,-2.750146484375022737e+00,3.345670869178869744e-05,0.000000000000000000e+00,1.010015606880167172e-04
1.699357983374957257e+02,4.725580749511718892e+01,3.421089233398437273e+02,6.280706726870364728e-03,0.000000000000000000e+00,1.890140622854232649e-02,-2.392299567519359016e+00,-6.407501220703153422e-01,-3.084973144531204525e+00,3.320164296289652983e-05,0.000000000000000000e+00,1.002341508865370323e-04
1.675434987699763667e+02,4.661505737304687358e+01,3.390239501953125227e+02,6.313908369833261258e-03,0.000000000000000000e+00,1.900164037942886353e-02,-2.845319170877417037e+00,-7.754089355468707367e-01,-3.378527832031295475e+00,3.300657048486109468e-05,0.000000000000000000e+00,9.964853525161812553e-05
1.646981795990989497e+02,4.583964843750000284e+01,3.356454223632812273e+02,6.346914940318122353e-03,0.000000000000000000e+00,1.910128891468048165e-02,-2.816737311703519708e+00,-7.708038330078181843e-01,-3.433312988281272737e+00,3.284261072257748520e-05,0.000000000000000000e+00,9.915679693222115287e-05
1.618814422873954300e+02,4.506884460449218466e+01,3.322121093749999545e+02,6.379757551040699838e-03,0.000000000000000000e+00,1.920044571161270280e-02,-2.761055037000431867e+00,-7.495574951171875000e-01,-3.403503417968750000e+00,3.310581761035383958e-05,0.000000000000000000e+00,9.995400905608853304e-05
1.591203872503949981e+02,4.431928710937499716e+01,3.288086059570312045e+02,6.412863368651053678e-03,0.000000000000000000e+00,1.930039972066879134e-02,-2.987730747053490177e+00,-8.190979003906235789e-01,-3.572863769531181788e+00,3.302181130925355146e-05,0.000000000000000000e+00,9.970366954803466797e-05
1.561326565033415079e+02,4.350018920898437358e+01,3.252357421875000227e+02,6.445885179960307229e-03,0.000000000000000000e+00,1.940010339021682600e-02,-3.152817862827504314e+00,-8.677917480468764211e-01,-3.535668945312522737e+00,3.338122088677921567e-05,0.000000000000000000e+00,1.007944345474270920e-04
1.529798386405140036e+02,4.263239746093749716e+01,3.217000732421875000e+02,6.479266400847086445e-03,0.000000000000000000e+00,1.950089782476425310e-02,-3.199687415087709041e+00,-8.899597167968735789e-01,-3.518359374999988631e+00,3.284936764271200599e-05,0.000000000000000000e+00,9.918957948684692383e-05
1.497801512254262946e+02,4.174243774414062358e+01,3.181817138671875114e+02,6.512115768489798451e-03,0.000000000000000000e+00,1.960008740425110002e-02,-3.077286180576379593e+00,-8.634674072265582367e-01,-3.474133300781261369e+00,3.342046118193654075e-05,0.000000000000000000e+00,1.009196043014505551e-04
1.467028650448499150e+02,4.087897033691406534e+01,3.147075805664062500e+02,6.545536229671734992e-03,0.000000000000000000e+00,1.970100700855255058e-02,-3.297496120994054536e+00,-9.236297607421875000e-01,-3.754040527343761369e+00,3.320173356961483857e-05,0.000000000000000000e+00,1.002579927444451069e-04
1.434053689238558604e+02,3.995534057617187784e+01,3.109535400390624886e+02,6.578737963241349830e-03,0.000000000000000000e+00,1.980126500129699568e-02,-3.744210151037492551e+00,-1.040237426757812500e+00,-3.999926757812488631e+00,3.277800663565883649e-05,0.000000000000000000e+00,9.898543357849190483e-05
1.396611587728183679e+02,3.891510314941406534e+01,3.069536132812500000e+02,6.611515969877008667e-03,0.000000000000000000e+00,1.990025043487548759e-02,-3.938013141841338438e+00,-1.094104003906252842e+00,-4.105834960937500000e+00,3.303005467840749998e-05,0.000000000000000000e+00,9.974986314773698348e-05
