Sigma_1,Sigma_2,Sigma_12,Epsilon_1,Epsilon_2,Epsilon_12,dSigma_1,dSigma_2,dSigma_12,dEpsilon_1,dEpsilon_2,dEpsilon_12
-0.000000000000000000e+00,-0.000000000000000000e+00,-0.000000000000000000e+00,0.000000000000000000e+00,0.000000000000000000e+00,0.000000000000000000e+00,1.076158025127546480e+01,1.498490556166575871e+01,1.597342910766601598e+01,1.333241062473146973e-04,1.999800121638574792e-04,2.000000094994902611e-04
1.076158025127546480e+01,1.498490556166575871e+01,1.597342910766601598e+01,1.333241062473146973e-04,1.999800121638574792e-04,2.000000094994902611e-04,5.377028897106967520e+00,7.488278768684573095e+00,7.978216552734375355e+00,6.665539379159600257e-05,9.997499944099476950e-05,9.999999310821293700e-05
1.613860914838243232e+01,2.247318433035033181e+01,2.395164566040039134e+01,1.999795000389106999e-04,2.999550116048522487e-04,3.000000026077031981e-04,5.375015067990851492e+00,7.485822069144411728e+00,7.973630523681638493e+00,6.665093950772614040e-05,9.996502871346707886e-05,1.000000163912773241e-04
2.151362421637328382e+01,2.995900639949474353e+01,3.192527618408202983e+01,2.666304395466368403e-04,3.999200403183193276e-04,4.000000189989805222e-04,5.372999167280230637e+00,7.483371815113873282e+00,7.969042968750002842e+00,6.664652073144885841e-05,9.995499016253158245e-05,9.999996982514860414e-05
2.688662338365351445e+01,3.744237821460861682e+01,3.989431915283203267e+01,3.332769602780856987e-04,4.998750304808509100e-04,4.999999888241291263e-04,5.370982719179764331e+00,7.480915800518111780e+00,7.964456176757813921e+00,6.664205599510791356e-05,9.994504669895497122e-05,1.000000163912772699e-04
3.225760610283327878e+01,4.492329401512672860e+01,4.785877532958984659e+01,3.999190162731936123e-04,5.998200771798058812e-04,6.000000052154063962e-04,5.368968778498810934e+00,7.478461653729318925e+00,7.959877014160156250e+00,6.663761512720566124e-05,9.993505868506125708e-05,1.000000163912773783e-04
3.762657488133208972e+01,5.240175566885604752e+01,5.581865234375000284e+01,4.665566314003992735e-04,6.997551358648671383e-04,7.000000216066837744e-04,5.366954292165011964e+00,7.476015485761116963e+00,7.955291748046875000e+00,6.663317485134360616e-05,9.992507266705201192e-05,1.000000163912772699e-04
4.299352917349710168e+01,5.987777115461716448e+01,6.377394409179687784e+01,5.331898062517428797e-04,7.996802085319191502e-04,8.000000379979610443e-04,5.364942316017724977e+00,7.473562021486714002e+00,7.950717163085940342e+00,6.662878170556475309e-05,9.991499559590334614e-05,9.999992325901983000e-05
4.835847148951482666e+01,6.735133317610387849e+01,7.172466125488281818e+01,5.998185879573076328e-04,8.995952041278224964e-04,8.999999612569808743e-04,5.362926736783983017e+00,7.471113495809362348e+00,7.946139526367176131e+00,6.662429607150047780e-05,9.990510662625400919e-05,1.000000163912773783e-04
5.372139822629880967e+01,7.482244667191324083e+01,7.967080078124999432e+01,6.664428840288081106e-04,9.995003107540765055e-04,9.999999776482582526e-04,5.360916721889907421e+00,7.468663783529422062e+00,7.941567993164071027e+00,6.661985757060564020e-05,9.989512659297180089e-05,1.000000163912772699e-04
5.908231494818871710e+01,8.229111045544266290e+01,8.761236877441406534e+01,7.330627415994137508e-04,1.099395437347048306e-03,1.099999994039535522e-03,5.358906162563634723e+00,7.466219001058860272e+00,7.936993408203122158e+00,6.661541966061226231e-05,9.988514855340403092e-05,1.000000163912772699e-04
6.444122111075235182e+01,8.975732945650152317e+01,9.554936218261718750e+01,7.996781612600260131e-04,1.199280585900452337e-03,1.200000010430812792e-03,5.353522998265717092e+00,7.462012941732609761e+00,7.927917480468750000e+00,6.661098234228991083e-05,9.987517250695308706e-05,1.000000163912772699e-04
6.979474410901806891e+01,9.721934239823413293e+01,1.034772796630859375e+02,8.662891436023159239e-04,1.299155758407405424e-03,1.300000026822090062e-03,5.348755646144027764e+00,7.457627926107193161e+00,7.918905639648443184e+00,6.660654561463244614e-05,9.986519845280017980e-05,1.000000163912774867e-04
7.514349975516209668e+01,1.046769703243413261e+02,1.113961853027343807e+02,9.328956892169483700e-04,1.399020956860205604e-03,1.400000043213367549e-03,5.343883335529341139e+00,7.453375619170472532e+00,7.910662841796863631e+00,6.660210947818793244e-05,9.985513339833408490e-05,9.999992325901972158e-05
8.048738309069143781e+01,1.121303459435117986e+02,1.193068481445312443e+02,9.994977986951363025e-04,1.498876090258539689e-03,1.499999966472387270e-03,5.337598493183207893e+00,7.448626448373701692e+00,7.900811767578133527e+00,6.659767393283775802e-05,9.984534931301090703e-05,1.000001095235348181e-04
8.582498158387464571e+01,1.195789723918855003e+02,1.272076599121093778e+02,1.066095472627974061e-03,1.598721439571550596e-03,1.600000075995922089e-03,5.331116727761994412e+00,7.443374039507560269e+00,7.890063476562502842e+00,6.659333200475917904e-05,9.983528824037877190e-05,1.000000163912772699e-04
9.115609831163664012e+01,1.270223464313930606e+02,1.350977233886718807e+02,1.132688804632733240e-03,1.698556727811929368e-03,1.700000092387199358e-03,5.319848721528288138e+00,7.432469798441672992e+00,7.868945312499988631e+00,6.658880460742389387e-05,9.982513622067449785e-05,9.999983012676239014e-05
9.647594703316492826e+01,1.344548162298347336e+02,1.429666687011718693e+02,1.199277609240157133e-03,1.798381864032603866e-03,1.799999922513961749e-03,5.309910582493557740e+00,7.422797148964917824e+00,7.850695800781267053e+00,6.658437083376296008e-05,9.981535806883657692e-05,1.000000163912772699e-04
1.017858576156584860e+02,1.418776133787996514e+02,1.508173645019531364e+02,1.265861980073920093e-03,1.898197222101440443e-03,1.899999938905239018e-03,5.301522677020429342e+00,7.413316839149189263e+00,7.833947753906244316e+00,6.657993765072441235e-05,9.980539595727186408e-05,1.000000163912774867e-04
1.070873802926789153e+02,1.492909302179488407e+02,1.586513122558593807e+02,1.332441917724644506e-03,1.998002618058712307e-03,1.999999955296516505e-03,5.295528882871849419e+00,7.405680380651375572e+00,7.822351074218744316e+00,6.657550505752523988e-05,9.979543583449714331e-05,1.000000163912770530e-04
1.123829091755507648e+02,1.566966105986002162e+02,1.664736633300781250e+02,1.399017422782169746e-03,2.097798053893209450e-03,2.099999971687793558e-03,5.286025194533934268e+00,7.394530068393265765e+00,7.804534912109375000e+00,6.657107305493435885e-05,9.978547769925192115e-05,1.000000163912774867e-04
1.176689343700846990e+02,1.640911406669934820e+02,1.742781982421875000e+02,1.465588495837104105e-03,2.197583531592461371e-03,2.199999988079071045e-03,5.271555813674837054e+00,7.379436272247886563e+00,7.779510498046875000e+00,6.656664164194736437e-05,9.977552155116279839e-05,1.000000163912774867e-04
1.229404901837595361e+02,1.714705769392413686e+02,1.820577087402343750e+02,1.532155137479051469e-03,2.297359053143624170e-03,2.300000004470348532e-03,5.258660629594757552e+00,7.365377605496149727e+00,7.758856201171880684e+00,6.656221081911134485e-05,9.976556738963563223e-05,1.000000163912770530e-04
1.281991508133542936e+02,1.788359545447375183e+02,1.898165649414062557e+02,1.598717348298162814e-03,2.397124620533259802e-03,2.400000020861625585e-03,5.246618647015594661e+00,7.350494375755374676e+00,7.738354492187482947e+00,6.655778058630812226e-05,9.975561521385336791e-05,1.000000163912774867e-04
1.334457694603698883e+02,1.861864489204928930e+02,1.975549194335937386e+02,1.665275128884470936e-03,2.496880235747113170e-03,2.500000037252903071e-03,5.230648871491524687e+00,7.332619993669965197e+00,7.712329101562488631e+00,6.655335094275576999e-05,9.974566502388756278e-05,1.000000163912770530e-04
1.386764183318614130e+02,1.935190689141628582e+02,2.052672485351562273e+02,1.731828479827226706e-03,2.596625900771000733e-03,2.600000053644180124e-03,5.214125463166197960e+00,7.313283266612700118e+00,7.686279296875028422e+00,6.654892188922212001e-05,9.973571681847880760e-05,1.000000163912774867e-04
1.438905437950276109e+02,2.008323521807755583e+02,2.129535278320312557e+02,1.798377401716448826e-03,2.696361617589479540e-03,2.700000070035457611e-03,5.188793148641423159e+00,7.283535288332871005e+00,7.647229003906232947e+00,6.654449342470385165e-05,9.972577059725457049e-05,1.000000163912774867e-04
1.490793369436690341e+02,2.081158874691084293e+02,2.206007568359374886e+02,1.864921895141152678e-03,2.796087388186734111e-03,2.800000086426735098e-03,5.152215688514672820e+00,7.242392473910172157e+00,7.593469238281272737e+00,6.654006554974783647e-05,9.971564063366786246e-05,9.999983012676239014e-05
1.542315526321837069e+02,2.153582799430186014e+02,2.281942260742187614e+02,1.931461960690900514e-03,2.895803028820401973e-03,2.899999916553497488e-03,5.111178543371522665e+00,7.192042014759124413e+00,7.532763671874988631e+00,6.653563826423633011e-05,9.970588412350385454e-05,1.000000163912770530e-04
1.593427311755552296e+02,2.225503219577777259e+02,2.357269897460937500e+02,1.997997598955136844e-03,2.995508912943905828e-03,2.999999932944774541e-03,5.068555109195926889e+00,7.135553589703448552e+00,7.469628906249994316e+00,6.653121156738718914e-05,9.969594385104973977e-05,1.000000163912774867e-04
1.644112862847511565e+02,2.296858755474811744e+02,2.431966186523437443e+02,2.064528810522524033e-03,3.095204856794955568e-03,3.099999949336052028e-03,5.034180356639097909e+00,7.088477379016779878e+00,7.415356445312511369e+00,6.652678545996824552e-05,9.968619123126333526e-05,1.000002026557921496e-04
1.694454666413902544e+02,2.367743529264979543e+02,2.506119750976562557e+02,2.131055595982492279e-03,3.194891048026218903e-03,3.200000151991844177e-03,5.004092736108361805e+00,7.046824342105736605e+00,7.369470214843744316e+00,6.652254579665511577e-05,9.967588358123337725e-05,9.999983012676239014e-05
1.744495593774986162e+02,2.438211772686036909e+02,2.579814453125000000e+02,2.197578141779147395e-03,3.294566931607452280e-03,3.299999982118606567e-03,4.976629374573207087e+00,7.006603934812403622e+00,7.322680664062488631e+00,6.651793499859795511e-05,9.966632055647848751e-05,1.000002026557921496e-04
1.794261887520718233e+02,2.508277812034160945e+02,2.653041259765624886e+02,2.264096076777745350e-03,3.394233252163930768e-03,3.400000184774398717e-03,4.911389399256734123e+00,6.946599794064042044e+00,7.217822265624988631e+00,6.651351065743976027e-05,9.965601694112693684e-05,9.999983012676239014e-05
1.843375781513285574e+02,2.577743809974801366e+02,2.725219482421874773e+02,2.330609587435185110e-03,3.493889269105057704e-03,3.500000014901161107e-03,4.829739594970305916e+00,6.871998727279219565e+00,7.076940917968727263e+00,6.650908690435542586e-05,9.964608660902344803e-05,9.999983012676239014e-05
1.891673177462988633e+02,2.646463797247593561e+02,2.795988891601562045e+02,2.397118674339540536e-03,3.593535355714081152e-03,3.599999845027923497e-03,4.775007319045982968e+00,6.805535012257848848e+00,6.963146972656318212e+00,6.650466373989399188e-05,9.963652941138122221e-05,1.000002026557921496e-04
1.939423250653448463e+02,2.714519147370172050e+02,2.865620361328125227e+02,2.463623338079434528e-03,3.693171885125462375e-03,3.700000047683715647e-03,4.741704894090389644e+00,6.753583378531686776e+00,6.886315917968715894e+00,6.650024116393662976e-05,9.962623184377097235e-05,9.999983012676239014e-05
1.986840299594352359e+02,2.782054981155488917e+02,2.934483520507812386e+02,2.530123579243371158e-03,3.792798116969233347e-03,3.799999877810478037e-03,4.688262923383916814e+00,6.684851672911179321e+00,6.767724609374965894e+00,6.649581917570141290e-05,9.961667852832105721e-05,1.000002026557925833e-04
2.033722928828191527e+02,2.848903497884600711e+02,3.002160766601562045e+02,2.596619398419072570e-03,3.892414795497554404e-03,3.900000080466270620e-03,4.628849489529244465e+00,6.585140517615116096e+00,6.588793945312545475e+00,6.649139777595855852e-05,9.960638498917890465e-05,9.999983012676239014e-05
2.080011423723483972e+02,2.914754903060751872e+02,3.068048706054687500e+02,2.663110796195031129e-03,3.992021180486733309e-03,3.999999910593033010e-03,4.581211582969586971e+00,6.510771541498399984e+00,6.453674316406250000e+00,6.648697696370322804e-05,9.959683555314444159e-05,1.000002026557917159e-04
2.125823539553179842e+02,2.979862618475735871e+02,3.132585449218750000e+02,2.729597773158734357e-03,4.091618016039877750e-03,4.100000113248824726e-03,4.508616464695165860e+00,6.417624536628977694e+00,6.226110839843727263e+00,6.648255673948272673e-05,9.958654604051968978e-05,9.999983012676239014e-05
2.170909704200131500e+02,3.044038863842025648e+02,3.194846557617187273e+02,2.796080329898217084e-03,4.191204562080397440e-03,4.199999943375587116e-03,4.411081984658125066e+00,6.325871646819280159e+00,5.974328613281272737e+00,6.647813710318082811e-05,9.957700048201113124e-05,1.000002026557925833e-04
2.215020524046712751e+02,3.107297580310218450e+02,3.254589843750000000e+02,2.862558467001397912e-03,4.290781562562408571e-03,4.300000146031379700e-03,4.329370167316909601e+00,6.236984275907332176e+00,5.800866699218772737e+00,6.647371805401560557e-05,9.956671499307227780e-05,9.999983012676239014e-05
2.258314225719881847e+02,3.169667423069291772e+02,3.312598510742187727e+02,2.929032185055413517e-03,4.390348277555480849e-03,4.399999976158142090e-03,4.264464717080443279e+00,6.142061852150902723e+00,5.672167968749931788e+00,6.646929959275467426e-05,9.955717330953697819e-05,1.000002026557925833e-04
2.300958872890686280e+02,3.231088041590800799e+02,3.369320190429687045e+02,2.995501484648168192e-03,4.489905450865017827e-03,4.500000178813934673e-03,4.208582626183783759e+00,6.072200946388647935e+00,5.555749511718772737e+00,6.646488171839623135e-05,9.954689184211475139e-05,9.999983012676239014e-05
2.343044699152524117e+02,3.291810051054687278e+02,3.424877685546874773e+02,3.061966366366564423e-03,4.589452342707132579e-03,4.600000008940697063e-03,4.191457880729643648e+00,6.038376281265641410e+00,5.523083496093818212e+00,6.646065011424234434e-05,9.953698324480144549e-05,9.999983012676239014e-05
2.384959277959820554e+02,3.352193813867343692e+02,3.480108520507812955e+02,3.128427016480806767e-03,4.688989325951934024e-03,4.699999839067459453e-03,4.167888031779568792e+00,5.993968314934136288e+00,5.492260742187454525e+00,6.645586204915556947e-05,9.952744736913595597e-05,1.000002026557917159e-04
2.426638158277616242e+02,3.412133497016685055e+02,3.535031127929687500e+02,3.194882878529962337e-03,4.788516773321069980e-03,4.800000041723251169e-03,4.130743978488339962e+00,5.941990105134664191e+00,5.428796386718772737e+00,6.645181727696260893e-05,9.951717192973382614e-05,9.999983012676239014e-05
2.467945598062499641e+02,3.471553398068031697e+02,3.589319091796875227e+02,3.261334695806924946e-03,4.888033945250803806e-03,4.899999871850013559e-03,4.077915145623620674e+00,5.899761659800333291e+00,5.362145996093715894e+00,6.644703043510091431e-05,9.950763992344451025e-05,1.000002026557925833e-04
2.508724749518735848e+02,3.530551014666035030e+02,3.642940551757812386e+02,3.327781726242025860e-03,4.987541585174248317e-03,5.000000074505806143e-03,4.030244739706716928e+00,5.857765384107267437e+00,5.318225097656238631e+00,6.644298678719698370e-05,9.949736849937558525e-05,9.999983012676239014e-05
2.549027196915803017e+02,3.589128668507107704e+02,3.696122802734374773e+02,3.394224713029222844e-03,5.087038953673623902e-03,5.099999904632568533e-03,3.933591639956802055e+00,5.792933344465438950e+00,5.210119628906284106e+00,6.643820116785737265e-05,9.948784035969555906e-05,1.000002026557917159e-04
2.588363113315371038e+02,3.647058001951762094e+02,3.748223999023437614e+02,3.460662914197080216e-03,5.186526794033319461e-03,5.200000107288360249e-03,3.835596343283896204e+00,5.748010628929193899e+00,5.118029785156238631e+00,6.643415864423032891e-05,9.947757294902128539e-05,9.999983012676239014e-05
2.626719076748210000e+02,3.704538108241054033e+02,3.799404296875000000e+02,3.527097072841310545e-03,5.286004366982340746e-03,5.299999937415122639e-03,3.792196072313004152e+00,5.708621811308830729e+00,5.053210449218795475e+00,6.642937424693271670e-05,9.946804867407097600e-05,1.000002026557925833e-04
2.664641037471340042e+02,3.761624326354142340e+02,3.849936401367187955e+02,3.593526447088243262e-03,5.385472415656411722e-03,5.400000140070915222e-03,3.747390543686094588e+00,5.680954731197857654e+00,5.010961914062477263e+00,6.642533284646453054e-05,9.945778527396722385e-05,9.999983012676239014e-05
2.702114942908200987e+02,3.818433873666120917e+02,3.900046020507812727e+02,3.659951779934707793e-03,5.484930200930378946e-03,5.499999970197677612e-03,3.737373183073543714e+00,5.672109789842068039e+00,5.010937499999954525e+00,6.642054967139106314e-05,9.944826486120526138e-05,1.000002026557925833e-04
2.739488674738936425e+02,3.875154971564541597e+02,3.950155395507812273e+02,3.726372329606098856e-03,5.584378465791584208e-03,5.600000172853470196e-03,3.721472289136272593e+00,5.664832996078189353e+00,4.997814941406261369e+00,6.641650939362810438e-05,9.943800546951576946e-05,9.999983012676239014e-05
2.776703397630299150e+02,3.931803301525323491e+02,4.000133544921874886e+02,3.792788838999726960e-03,5.683816471261099977e-03,5.700000002980232586e-03,3.698117351042355949e+00,5.655663052772979427e+00,4.973754882812500000e+00,6.641172743985634258e-05,9.942811853571372621e-05,9.999983012676239014e-05
2.813684571140722710e+02,3.988359932053053285e+02,4.049871093749999886e+02,3.859200566439583303e-03,5.783244589796813703e-03,5.799999833106994976e-03,3.684292294805345591e+00,5.643076613762616489e+00,4.949340820312556843e+00,6.640768828456529091e-05,9.941860391166155303e-05,1.000002026557917159e-04
2.850527494088776166e+02,4.044790698190679450e+02,4.099364501953125455e+02,3.925608254724148594e-03,5.882663193708475256e-03,5.900000035762786692e-03,3.579256072280657008e+00,5.587652196578346775e+00,4.826428222656204525e+00,6.640290755161558367e-05,9.940835052835682306e-05,9.999983012676239014e-05
2.886320054811582736e+02,4.100667220156462918e+02,4.147628784179687500e+02,3.992011162275764177e-03,5.982071544236832079e-03,5.999999865889549082e-03,3.352049038504048895e+00,5.519684096651872096e+00,4.663671874999977263e+00,6.639886951834237522e-05,9.939883976092106499e-05,1.000002026557925833e-04
2.919840545196623225e+02,4.155864061122981639e+02,4.194265502929687273e+02,4.058410031794106552e-03,6.081470383997753144e-03,6.100000068545341665e-03,3.004329857127288506e+00,5.405905134368936160e+00,4.394323730468784106e+00,6.639409000551432793e-05,9.938859037987232692e-05,9.999983012676239014e-05
2.949883843767896110e+02,4.209923112466671000e+02,4.238208740234375114e+02,4.124804121799620880e-03,6.180858974377625471e-03,6.199999898672104055e-03,2.872165056426979390e+00,5.369284484741285723e+00,4.297900390624988631e+00,6.639005309424725332e-05,9.937908346629650835e-05,1.000002026557917159e-04
2.978605494332165904e+02,4.263615957314083857e+02,4.281187744140625000e+02,4.191194174893868134e-03,6.280238057843921980e-03,6.300000101327895771e-03,2.660240354127608953e+00,5.305477680226886150e+00,4.124951171874954525e+00,6.638527480106164863e-05,9.936920824566916610e-05,1.000002026557925833e-04
3.005207897873441993e+02,4.316670734116352719e+02,4.322437255859374545e+02,4.257579449694929782e-03,6.379607266089591146e-03,6.400000303983688354e-03,2.639651073632705902e+00,5.290108687007204935e+00,4.081225585937545475e+00,6.638123901068441329e-05,9.935859474057701091e-05,9.999945759773219700e-05
3.031604408609769052e+02,4.369571820986424768e+02,4.363249511718750000e+02,4.323960688705614196e-03,6.478965860830168157e-03,6.499999761581420551e-03,2.522712601646730946e+00,5.256058295802688463e+00,3.987499999999954525e+00,6.637683283449921645e-05,9.934946376409861668e-05,1.000002026557925833e-04
3.056831534626236362e+02,4.422132403944451653e+02,4.403124511718749545e+02,4.390337521540113412e-03,6.578315324594266773e-03,6.599999964237213135e-03,7.863179331736773747e-01,4.718843747031087332e+00,2.801293945312522737e+00,6.637205637021002108e-05,9.933959442865424039e-05,1.000002026557925833e-04
3.064694713957973136e+02,4.469320841414762526e+02,4.431137451171874773e+02,4.456709577910323433e-03,6.677654919022921014e-03,6.700000166893005718e-03,7.726368260176172953e-01,3.791727078650694693e+00,1.563159179687545475e+00,6.636802226065319915e-05,9.932972705362433374e-05,1.000002026557917159e-04
3.072421082218149309e+02,4.507238112201269473e+02,4.446769042968750227e+02,4.523077600170976632e-03,6.776984646076545347e-03,6.800000369548797434e-03,1.912594875579998188e-02,6.702001037415357132e-01,-3.259277343750000000e-02,1.659122464109721862e-05,2.483052021212250188e-05,2.499967813491838636e-05
3.072612341705707308e+02,4.513940113238684830e+02,4.446443115234375227e+02,4.539668824812073851e-03,6.801815166288667849e-03,6.825000047683715820e-03,-1.062576401204954095e+02,-1.271891297249617878e+02,-1.584572143554687500e+02,5.482707210321350472e-05,8.205384607630743926e-05,8.261725306510890598e-05
2.010035940500753213e+02,3.242048815989066952e+02,2.861870971679687727e+02,4.594495896915287356e-03,6.883869012364975289e-03,6.907617300748824726e-03,-3.771211758087474664e+00,-3.277475321640963557e+00,-3.723583984375068212e+00,6.227120668362510353e-05,9.319195575085374023e-05,9.384006261825561523e-05
1.972323822919878467e+02,3.209274062772657317e+02,2.824635131835937045e+02,4.656767103598912459e-03,6.977060968115829029e-03,7.001457363367080342e-03,-6.258861213058452222e+00,-7.456137389560240081e+00,-6.897521972656250000e+00,6.892049717035272222e-05,1.031395703716651846e-04,1.038670539855960501e-04
1.909735210789293944e+02,3.134712688877054916e+02,2.755659912109374545e+02,4.725687600769265181e-03,7.080200538487494213e-03,7.105324417352676392e-03,-4.886873537449105243e+00,-7.146878482749286832e+00,-5.515820312499954525e+00,6.351913700785184053e-05,9.505332065784955625e-05,9.573325514793378649e-05
1.860866475414802892e+02,3.063243904049562047e+02,2.700501708984375000e+02,4.789206737777117022e-03,7.175253859145343770e-03,7.201057672500610178e-03,-4.563187502104028681e+00,-4.738396521369281800e+00,-4.141613769531204525e+00,6.619989398682930154e-05,9.906211636742830173e-05,9.978041052818333034e-05
1.815234600393762605e+02,3.015859938835869229e+02,2.659085571289062955e+02,4.855406631763946323e-03,7.274315975512772071e-03,7.300838083028793508e-03,-1.859671586584511260e+00,-2.715297537101264425e-01,-6.091674804687841061e-01,7.978899192472976160e-05,1.193921549304081953e-04,1.202709972858428955e-04
1.796637884527917493e+02,3.013144641298767965e+02,2.652993896484375114e+02,4.935195623688676085e-03,7.393708130443180267e-03,7.421109080314636404e-03,-2.685280509688197981e+00,-2.628843948634937533e+00,-2.206677246093761369e+00,6.382683253595543976e-05,9.550420127474399529e-05,9.621754288673383532e-05
1.769785079431035513e+02,2.986856201812418590e+02,2.630927124023437500e+02,4.999022456224631525e-03,7.489212331717924262e-03,7.517326623201370239e-03,-6.949094141992247842e+00,-1.039639681330720578e+01,-7.349255371093761369e+00,8.376637361710240898e-05,1.253342685382076785e-04,1.262843608856199437e-04
1.700294138011113034e+02,2.882892233679346532e+02,2.557434570312499886e+02,5.082788829841733934e-03,7.614546600256131940e-03,7.643610984086990183e-03,-5.324482103468994865e+00,-1.003652879829610356e+01,-6.160400390625000000e+00,5.384592123439460587e-05,8.056394666450163861e-05,8.118301630020193643e-05
1.647049316976423086e+02,2.782526945696385496e+02,2.495830566406249886e+02,5.136634751076128540e-03,7.695110546920633579e-03,7.724794000387192119e-03,-1.468052517253795486e+00,-1.884984523359946706e+00,-8.267822265625000000e-01,5.384302200727147242e-05,8.055745663763675540e-05,8.118301630020106907e-05
1.632368791803885131e+02,2.763677100462786029e+02,2.487562744140624886e+02,5.190477773083400012e-03,7.775668003558270334e-03,7.805977016687393188e-03,-2.839510403229354552e+00,-1.705039174645150979e+00,-5.149291992187272626e-01,1.201558956586308569e-04,1.797637030264637517e-04,1.811832189559936523e-04
1.603973687771591585e+02,2.746626708716334520e+02,2.482413452148437614e+02,5.310633668742030869e-03,7.955431706584734086e-03,7.987160235643386841e-03,-1.589730135679388923e+00,-6.536777687010726368e-01,-1.876831054687500000e-01,6.631137507644331575e-05,9.920289317951608288e-05,1.000002026557925833e-04
1.588076386414797696e+02,2.740089931029323793e+02,2.480536621093750114e+02,5.376945043818474185e-03,8.054634599764250169e-03,8.087160438299179424e-03,-4.491496637124470226e+00,-7.653157344126100270e+00,-3.997875976562511369e+00,6.630660766246410098e-05,9.919231393381092166e-05,9.999945759773219700e-05
1.543161420043552994e+02,2.663558357588062790e+02,2.440557861328125000e+02,5.443251651480938286e-03,8.153826913698061091e-03,8.187159895896911621e-03,-1.770438200162288922e+00,-3.089438371156745688e+00,-1.738854980468744316e+00,1.657596497508465744e-05,2.479709543999793209e-05,2.500042319297790527e-05
1.525457038041930105e+02,2.632663973876495334e+02,2.423169311523437557e+02,5.459827616456022943e-03,8.178624009138059023e-03,8.212160319089889526e-03,-8.660383366098443503e+00,-1.859067374902065239e+01,-9.789990234375011369e+00,6.008598664386782112e-05,8.988219236066331830e-05,9.062439203262259713e-05
1.438853204380945670e+02,2.446757236386288810e+02,2.325269409179687443e+02,5.519913603099890764e-03,8.268506201498722341e-03,8.302784711122512123e-03,-4.179951002811890248e-01,-1.290109583804536442e+00,4.295043945312500000e-01,7.574921308051152380e-05,1.133111077615198137e-04,1.142583787441253662e-04
1.434673253378133779e+02,2.433856140548243445e+02,2.329564453124999943e+02,5.595662816180402288e-03,8.381817309260242155e-03,8.417043089866637490e-03,-1.899086908038327692e-01,-1.153770698848489928e+00,1.079528808593778422e+00,1.134843451996358707e-04,1.697479403198320219e-04,1.711912453174601473e-04
1.432774166470095452e+02,2.422318433559758546e+02,2.340359741210937727e+02,5.709147161380038159e-03,8.551565249580074177e-03,8.588234335184097637e-03,1.234482445113371796e-03,-5.081793540772991946e-01,7.319213867187386313e-01,6.628458485522046445e-05,9.914377556135244018e-05,1.000002026557925833e-04
1.432786511294546585e+02,2.417236640018985554e+02,2.347678955078125114e+02,5.775431746235258623e-03,8.650709025141426617e-03,8.688234537839890220e-03,5.034763976661338347e-02,-4.310989629785240140e-01,7.840332031249772626e-01,6.628056185949571938e-05,9.913320848045463485e-05,9.999945759773219700e-05
1.433289987692212719e+02,2.412925650389200314e+02,2.355519287109374886e+02,5.841712308094754343e-03,8.749842233621881252e-03,8.788233995437622417e-03,2.653103612112772680e-02,-3.291917832030719637e-01,8.119140625000227374e-01,6.627579870328251938e-05,9.912412055543447231e-05,1.000002026557925833e-04
1.433555298053423996e+02,2.409633732557169594e+02,2.363638427734375114e+02,5.907988106798036862e-03,8.848966354177315724e-03,8.888234198093415001e-03,2.038959504239414855e-01,3.069476680679485980e-01,1.097387695312477263e+00,6.627177682283144633e-05,9.911429593822615458e-05,1.000002026557908485e-04
1.435594257557663411e+02,2.412703209237849080e+02,2.374612304687499886e+02,5.974259883620868308e-03,8.948080650115541879e-03,8.988234400749205849e-03,1.050228391928840210e-01,1.441355559022099442e-01,1.011914062500011369e+00,6.626701488006078722e-05,9.910447326790666756e-05,1.000002026557925833e-04
1.436644485949592251e+02,2.414144564796871180e+02,2.384731445312500000e+02,6.040526898500929096e-03,9.047185123383448546e-03,9.088234603404998432e-03,-3.856331507458321539e-02,-1.961708010257723345e-01,8.430664062499886313e-01,6.626299411465093325e-05,9.909391427019922927e-05,9.999945759773219700e-05
1.436258852798846419e+02,2.412182856786613456e+02,2.393162109374999886e+02,6.106789892615580029e-03,9.146279037653647775e-03,9.188234061002730629e-03,-7.667816499150887921e-01,-2.985432543703240071e+00,-3.425170898437386313e-01,6.625823338484663344e-05,9.908483384052022003e-05,1.000002026557925833e-04
1.428591036299695531e+02,2.382328531349581056e+02,2.389736938476562500e+02,6.173048126000426662e-03,9.245363871494167995e-03,9.288234263658523213e-03,-2.419519694990412972e-01,-1.164497116717967629e+00,4.626220703124772626e-01,6.625421373403130726e-05,9.907501700913250164e-05,1.000002026557925833e-04
1.426171516604705118e+02,2.370683560182401379e+02,2.394363159179687273e+02,6.239302339734457969e-03,9.344438888503300497e-03,9.388234466314315796e-03,-3.070672739920894401e-01,-1.204978969910257547e+00,3.953491210937727374e-01,6.624945421649514055e-05,9.906520212254153746e-05,1.000002026557925833e-04
1.423100843864784224e+02,2.358633770483298804e+02,2.398316650390625000e+02,6.305551793950953110e-03,9.443504090625842035e-03,9.488234668970108379e-03,-5.186702340746762729e-01,-2.369280719092074605e+00,-3.843994140623863132e-02,6.624506551728033543e-05,9.905465119809143959e-05,9.999945759773219700e-05
1.417914141524037461e+02,2.334940963292378058e+02,2.397932250976562614e+02,6.371796859468233445e-03,9.542558741823933474e-03,9.588234126567840576e-03,-4.005868436304353963e-01,-2.022378392696822402e+00,1.213134765624772626e-01,6.624141767597527264e-05,9.904557825517017189e-05,1.000002026557925833e-04
1.413908273087733107e+02,2.314717179365409834e+02,2.399145385742187386e+02,6.438038277144208718e-03,9.641604320079103646e-03,9.688234329223633159e-03,-1.750945315600063168e-01,-1.794964890702829052e+00,3.443115234375113687e-01,6.623628981330172832e-05,9.903576919991462224e-05,1.000002026557925833e-04
1.412157327772133044e+02,2.296767530458381543e+02,2.402588500976562500e+02,6.504274566957510446e-03,9.740640089279018268e-03,9.788234531879425743e-03,-1.822457176371585774e-01,-1.902157284112433899e+00,3.014892578125056843e-01,6.623190285800790306e-05,9.902522432495702853e-05,9.999945759773219700e-05
1.410334870595761458e+02,2.277745957617257204e+02,2.405603393554687557e+02,6.570506469815518349e-03,9.839665313603975297e-03,9.888233989477157940e-03,7.939629356388877568e-02,-9.231012499343194122e-01,7.167602539062443157e-01,6.622751648356801912e-05,9.901615699041757535e-05,1.000002026557925833e-04
1.411128833531400346e+02,2.268514945117914010e+02,2.412770996093750000e+02,6.636733986299086369e-03,9.938681470594392872e-03,9.988234192132950523e-03,1.765758224212561345e-01,4.662800132155098254e-02,1.015979003906238631e+00,6.622387077048937087e-05,9.900635376196287307e-05,1.000002026557908485e-04
1.412894591755612907e+02,2.268981225131129520e+02,2.422930786132812386e+02,6.702957857069575739e-03,1.003768782435635575e-02,1.008823439478874137e-02,-1.344152395469677685e-02,-4.444692909771674749e-02,7.907836914062613687e-01,6.621874542844363026e-05,9.899655247404097469e-05,1.000002026557925833e-04
1.412760176516065940e+02,2.268536755840152352e+02,2.430838623046875000e+02,6.769176602498019370e-03,1.013668437683039672e-02,1.018823459744453395e-02,-7.296146571770520950e-01,3.352116972335750233e-01,1.979370117187500000e-01,6.621436079654128420e-05,9.898601565620779308e-05,9.999945759773219700e-05
1.405464029944295419e+02,2.271888872812488103e+02,2.432817993164062500e+02,6.835390963294560654e-03,1.023567039248660451e-02,1.028823405504226615e-02,-8.286473672961278680e-01,4.333031450186979328e-01,9.593505859373863132e-02,6.620997674503057567e-05,9.897695579223070306e-05,1.000002026557925833e-04
1.397177556271334140e+02,2.276221904262675082e+02,2.433777343749999886e+02,6.901600940039591230e-03,1.033464734827883522e-02,1.038823425769805874e-02,-1.409942162145000566e+00,3.852530537423888291e-01,-5.280029296874886313e-01,6.620633315909760924e-05,9.896716032419157483e-05,1.000002026557925833e-04
1.383078134649884134e+02,2.280074434800098970e+02,2.428497314453125000e+02,6.967807273198688839e-03,1.043361450860302679e-02,1.048823446035385132e-02,-1.968877418388501610e-01,1.694014493355666673e-02,-2.420654296875568434e-02,1.655034352087639965e-05,2.473989111306286459e-05,2.499967813491751900e-05
1.381109257231495633e+02,2.280243836249434537e+02,2.428255249023437443e+02,6.984357616719565238e-03,1.045835439971608966e-02,1.051323413848876884e-02,-9.075221876151431388e-01,-5.758225849868438218e+00,-1.106457519531232947e+00,7.447500588980259656e-05,1.113234108122886784e-04,1.125000417232513428e-04
1.372034035355344201e+02,2.222661577750750155e+02,2.417190673828125114e+02,7.058832622609367835e-03,1.056967781052837833e-02,1.062573418021202018e-02,-5.017694039977158127e+00,-2.101490204490266933e+01,-8.046911621093755684e+00,4.964716929507090315e-05,7.420847713542934321e-05,7.499977946281467800e-05
1.321857094955572620e+02,2.012512557301723461e+02,2.336721557617187557e+02,7.108479791904438738e-03,1.064388628766380768e-02,1.070073395967483486e-02,-2.723132333990434972e+00,-1.671673765461966354e+01,-5.982324218749994316e+00,7.446576280811453841e-05,1.113027598348588498e-04,1.125000417232513428e-04
1.294625771615668270e+02,1.845345180755526826e+02,2.276898315429687614e+02,7.182945554712553277e-03,1.075518904749866653e-02,1.081323400139808620e-02,-7.975640188514887541e-01,-1.062505783516994029e+01,-2.948632812500022737e+00,7.446021807095467432e-05,1.112903729091983124e-04,1.125000417232513428e-04
1.286650131427153383e+02,1.739094602403827423e+02,2.247411987304687386e+02,7.257405772783507951e-03,1.086647942040786484e-02,1.092573404312133754e-02,-1.539074234230042748e+00,-1.548821073360539913e+01,-4.442468261718744316e+00,7.445467415989788507e-05,1.112779887403221590e-04,1.125000417232513428e-04
1.271259389084852955e+02,1.584212495067773432e+02,2.202987304687499943e+02,7.331860446943405836e-03,1.097775740914818700e-02,1.103823408484458889e-02,3.827391607869117252e-01,-4.702268779749658734e+00,-3.116333007812386313e-01,7.444913107409936032e-05,1.112656073273092516e-04,1.125000417232513428e-04
1.275086780692722073e+02,1.537189807270276845e+02,2.199870971679687557e+02,7.406309578017505196e-03,1.108902301647549625e-02,1.115073412656784023e-02,3.752615727038346449e-01,-2.644763564994406124e+00,1.115478515625056843e-01,5.583302627208252406e-05,8.344089765561189809e-05,8.437484502792427787e-05
1.278839396419760419e+02,1.510742171620332783e+02,2.200986450195312614e+02,7.462142604289587720e-03,1.117246391413110815e-02,1.123510897159576451e-02,-5.369983458389384623e-01,-9.877910310917769721e+00,-2.161804199218750000e+00,6.616923337767269264e-05,9.888428281992246716e-05,1.000002026557925833e-04
1.273469412961371034e+02,1.411963068511155086e+02,2.179368408203125114e+02,7.528311837667260413e-03,1.127134819695103062e-02,1.133510917425155709e-02,3.772319803338888278e-01,-4.460737650487061501e+00,-2.503417968750341061e-01,6.616411587857719961e-05,9.887450568554952135e-05,1.000002026557908485e-04
1.277241732764709923e+02,1.367355692006284471e+02,2.176864990234374773e+02,7.594475953545837613e-03,1.137022270263658014e-02,1.143510937690734794e-02,2.627716670718740488e-01,-5.840740453230296225e+00,-6.964599609374886313e-01,6.615973847819232173e-05,9.886473048396730856e-05,1.000002026557925833e-04
1.279869449435428663e+02,1.308948287473981509e+02,2.169900390624999886e+02,7.660635692024029934e-03,1.146908743312054745e-02,1.153510957956314052e-02,5.370968137493861150e-01,-4.031451553590414960e+00,-1.828491210937386313e-01,6.615610098005628853e-05,9.885422072658869852e-05,9.999945759773219700e-05
1.285240417572922524e+02,1.268633771938077359e+02,2.168071899414062500e+02,7.726791793004086223e-03,1.156794165384713614e-02,1.163510903716087272e-02,4.225685785064570155e-01,-4.740193904255789903e+00,-4.589599609375056843e-01,6.615098536527381362e-05,9.884518595142284536e-05,1.000002026557925833e-04
1.289466103357987095e+02,1.221231832895519460e+02,2.163482299804687443e+02,7.792942778369360037e-03,1.166678683979855899e-02,1.173510923981666530e-02,7.743267893632719279e-01,-2.021344862408270160e+00,5.555541992187329470e-01,6.614660970208265794e-05,9.883541654650759845e-05,1.000002026557925833e-04
1.297209371251619814e+02,1.201018384271436759e+02,2.169037841796874773e+02,7.859089388071442694e-03,1.176562225634506659e-02,1.183510944247245789e-02,-1.519131910529836205e-02,-7.038546034427199061e+00,-9.959960937499658939e-01,6.614223461750244615e-05,9.882564907230662055e-05,1.000002026557925833e-04
1.297057458060566830e+02,1.130632923927164768e+02,2.159077880859375114e+02,7.925231622688945141e-03,1.186444790541737321e-02,1.193510964512825047e-02,2.504207789653776217e-01,-5.205514746707223139e+00,-3.431518554687613687e-01,6.613859923912737693e-05,9.881514733045722310e-05,9.999945759773219700e-05
1.299561665850220606e+02,1.078577776460092537e+02,2.155646362304687500e+02,7.991370221928072518e-03,1.196326305274783043e-02,1.203510910272598267e-02,6.259883669157204622e-01,-2.643849645568195683e+00,5.354980468750056843e-01,6.613348613550111554e-05,9.880611998716246069e-05,1.000002026557925833e-04
1.305821549519377811e+02,1.052139280004410580e+02,2.161001342773437557e+02,8.057503708063573633e-03,1.206206917273499289e-02,1.213510930538177525e-02,6.832341846697147503e-01,-2.260245044985339291e+00,6.536865234374715783e-01,6.612911278673638815e-05,9.879635830210321823e-05,1.000002026557925833e-04
1.312653891366074959e+02,1.029536829554557187e+02,2.167538208007812273e+02,8.123632820850310021e-03,1.216086553103709611e-02,1.223510950803756783e-02,6.520994926737273545e-01,-2.402942165159998922e+00,5.688964843750170530e-01,6.612474001612377028e-05,9.878586256650313813e-05,9.999945759773219700e-05
1.319174886292812232e+02,1.005507407902957198e+02,2.173227172851562443e+02,8.189757560866433792e-03,1.225965139360359925e-02,1.233510896563530003e-02,5.349488062866214477e-01,-3.002685995479467351e+00,3.468994140625056843e-01,6.612110675643760593e-05,9.877684079048591748e-05,1.000002026557925833e-04
1.324524374355678447e+02,9.754805479481625241e+01,2.176696166992187500e+02,8.255878667622871397e-03,1.235842823439408517e-02,1.243510916829109261e-02,5.515370293457237949e-01,-2.569771056093756556e+00,4.333862304687556843e-01,6.611599616136720758e-05,9.876634905582604151e-05,9.999945759773219700e-05
1.330039744649135685e+02,9.497828373872249585e+01,2.181030029296875057e+02,8.321994663784238605e-03,1.245719458344991121e-02,1.253510862588882481e-02,7.128556005762334280e-01,-1.393271404347800058e+00,8.118164062500170530e-01,6.611162512519183632e-05,9.875733098882975847e-05,1.000002026557925833e-04
1.337168300654898019e+02,9.358501233437469580e+01,2.189148193359375227e+02,8.388106288909430441e-03,1.255595191443874097e-02,1.263510882854461739e-02,1.774345645144990158e-01,-4.479565688718849970e+00,-2.635498046876705303e-02,6.610725466737153722e-05,9.874757894170332895e-05,1.000002026557908485e-04
1.338942646300043009e+02,8.910544664565584583e+01,2.188884643554687557e+02,8.454213543576801979e-03,1.265469949338044429e-02,1.273510903120040824e-02,3.060750203331679131e-01,-3.693180575579120273e+00,2.162841796875056843e-01,6.610362352398209407e-05,9.873782881993087290e-05,1.000002026557925833e-04
1.342003396503374688e+02,8.541226607007672555e+01,2.191047485351562614e+02,8.520317167100784073e-03,1.275343732220037517e-02,1.283510923385620082e-02,5.755442139300726012e-01,-1.993455430728985789e+00,7.578369140624943157e-01,6.609851543552813791e-05,9.872808062381596694e-05,1.000002026557925833e-04
1.347758838642675414e+02,8.341881063934773977e+01,2.198625854492187557e+02,8.586415682536312211e-03,1.285216540282419113e-02,1.293510943651199341e-02,5.502294891772123719e-01,-1.931030648119744342e+00,7.869995117187329470e-01,6.609414671077118442e-05,9.871833435213736574e-05,1.000002026557925833e-04
1.353261133534447538e+02,8.148777999122799542e+01,2.206495849609374886e+02,8.652509829247083395e-03,1.295088373717632850e-02,1.303510963916778599e-02,1.996127795788993353e-01,-3.200689261666383345e+00,3.771240234374886313e-01,6.608977856302662712e-05,9.870859000431740637e-05,1.000002026557925833e-04
1.355257261330236531e+02,7.828709072956161208e+01,2.210267089843749773e+02,8.718599607810110022e-03,1.304959232718064591e-02,1.313510984182357857e-02,-3.622610648858426430e-02,-4.075101917357898174e+00,8.618164062511368684e-03,6.608614953464674036e-05,9.869884758044976392e-05,1.000002026557908485e-04
1.354895000265350689e+02,7.421198881220371391e+01,2.210353271484374886e+02,8.784685757344756762e-03,1.314829117476109567e-02,1.323511004447936942e-02,3.173719615885488565e-01,-2.313821826692219474e+00,5.008911132812556843e-01,6.608104395131216002e-05,9.868763657242159149e-05,9.999871253967354545e-05
1.358068719881236177e+02,7.189816698551149443e+01,2.215362182617187443e+02,8.850766801296068922e-03,1.324697881133351726e-02,1.333510875701904297e-02,6.386358676364807252e-01,-8.214857169486293742e-01,9.842041015625113687e-01,6.607667753525878207e-05,9.867936864563393862e-05,1.000002026557925833e-04
1.364455078557600984e+02,7.107668126856286506e+01,2.225204223632812557e+02,8.916843478831327705e-03,1.334565817997915120e-02,1.343510895967483555e-02,6.661125863196559749e-01,-7.183532816550695088e-01,1.031042480468755684e+00,6.607305009183501998e-05,9.866963198841734173e-05,1.000002026557925833e-04
1.371116204420797544e+02,7.035832798690779555e+01,2.235514648437500114e+02,8.982916528923162724e-03,1.344432781196756854e-02,1.353510916233062814e-02,3.028308160553478956e-01,-2.345057820752870725e+00,5.468627929687386313e-01,6.606794638590839097e-05,9.865989725287363510e-05,1.000002026557908485e-04
1.374144512581351023e+02,6.801327016615492482e+01,2.240983276367187500e+02,9.048984475309071115e-03,1.354298770922044218e-02,1.363510936498641898e-02,1.034527755384431202e-01,-3.297061780617838167e+00,2.091430664062556843e-01,6.606358170051229717e-05,9.865016443756126352e-05,1.000002026557925833e-04
1.375179040336735454e+02,6.471620838553708666e+01,2.243074707031250057e+02,9.115048057009583413e-03,1.364163787365800344e-02,1.373510956764221157e-02,2.257251670573054980e-01,-2.330653251726246822e+00,4.015502929687500000e-01,6.605921759221360101e-05,9.864043354278033415e-05,1.000002026557925833e-04
1.377436292007308509e+02,6.238555513381083983e+01,2.247090209960937557e+02,9.181107274601797014e-03,1.374027830720078378e-02,1.383510977029800415e-02,-9.154757001456346188e-01,-5.735538799674550603e+00,-1.022912597656244316e+00,6.605559226033341780e-05,9.863070456731654057e-05,1.000002026557925833e-04
1.368281535005852163e+02,5.665001633413628923e+01,2.236861083984375114e+02,9.247162866862130431e-03,1.383890901176810032e-02,1.393510997295379673e-02,-1.181490496043863914e+00,-5.867526152698239628e+00,-1.140771484375022737e+00,6.605049105570630352e-05,9.861950801903426878e-05,9.999871253967181073e-05
1.356466630045413524e+02,5.078249018143804960e+01,2.225453369140624886e+02,9.313213357917836735e-03,1.393752851978713458e-02,1.403510868549346854e-02,-1.231456022001964357e-01,-1.805855174991677359e+00,2.811645507812556843e-01,6.604612867669099052e-05,9.861125251738218911e-05,1.000002026557925833e-04
1.355235174023411560e+02,4.897663500644637224e+01,2.228265014648437443e+02,9.379259486594527725e-03,1.403613977230451677e-02,1.413510888814926113e-02,-2.384435619930798111e-01,-1.487852417595767918e+00,2.333618164062443157e-01,6.604176687365764797e-05,9.860152929728853433e-05,1.000002026557925833e-04
1.352850738403480761e+02,4.748878258885060433e+01,2.230598632812499886e+02,9.445301253468185373e-03,1.413474130160180531e-02,1.423510909080505371e-02,-3.115556218859296678e-01,-1.119530922373861870e+00,2.343261718750113687e-01,6.603814365159846322e-05,9.859180799423779284e-05,1.000002026557925833e-04
1.349735182184621465e+02,4.636925166647674246e+01,2.232941894531250000e+02,9.511339397119783837e-03,1.423333310959604310e-02,1.433510929346084629e-02,-8.836652936154791860e-01,-9.589335388258533044e-01,-3.922851562500113687e-01,4.746146115609806149e-05,7.085745521739385266e-05,7.187575101852416992e-05
1.340898529248466673e+02,4.541031812765088915e+01,2.229019042968749886e+02,9.558800858275881898e-03,1.430419056481343695e-02,1.440698504447937046e-02,-1.406201329731863154e+02,-3.124390024684018385e+01,-1.045794189453124829e+02,7.409609740923264742e-05,1.106163205704478042e-04,1.122161746025078510e-04
-6.530280048339651700e+00,1.416641788081070530e+01,1.183224853515625057e+02,9.632896955685114546e-03,1.441480688538388476e-02,1.451920121908187832e-02,-2.009894063728433267e+00,-6.939005007260234947e-02,-3.975524902343750000e-01,9.419120890311397098e-05,1.406091746683768573e-04,1.426607370376593853e-04
-8.540174112068084966e+00,1.409702783073810295e+01,1.179249328613281307e+02,9.727088164588228517e-03,1.455541606005226161e-02,1.466186195611953770e-02,-1.229858600961222237e+00,-1.409936769830721914e-02,-1.538269042968778422e-01,6.601880040565423491e-05,9.854887523560139362e-05,9.999871253967181073e-05
-9.770032713029307203e+00,1.408292846303979573e+01,1.177711059570312528e+02,9.793106964993882751e-03,1.465396493528786301e-02,1.476186066865920951e-02,-1.208527851189545643e+00,-3.160300815123306961e-03,-1.321472167968806843e-01,6.601444221158644932e-05,9.854063260622721032e-05,1.000002026557925833e-04
-1.097856056421885285e+01,1.407976816222467242e+01,1.176389587402343722e+02,9.859121407205469201e-03,1.475250556789409022e-02,1.486186087131500209e-02,-1.268814063930078007e+00,-8.559996324299490311e-03,-1.821594238281107891e-01,6.601008459266970163e-05,9.853092330692515832e-05,1.000002026557925833e-04
-1.224737462814893085e+01,1.407120816590037293e+01,1.174567993164062614e+02,9.925131491798138902e-03,1.485103649120101538e-02,1.496186107397079468e-02,-1.250834615445437947e+00,-3.456909025464582896e-03,-1.663330078125113687e-01,6.600646519989115946e-05,9.852121592054778609e-05,1.000002026557925833e-04
-1.349820924359436880e+01,1.406775125687490835e+01,1.172904663085937500e+02,9.991137956998030062e-03,1.494955770712156316e-02,1.506186127662658726e-02,-1.230606647867324099e+00,1.085108163323411645e-06,-1.513793945312613687e-01,6.600137103180726827e-05,9.851151044652957378e-05,1.000002026557925833e-04
-1.472881589146169290e+01,1.406775234198307167e+01,1.171390869140624886e+02,1.005713932802983733e-02,1.504806921756809274e-02,1.516186147928237984e-02,-1.260983570258831676e+00,1.879951437906868250e-03,-1.748596191406193157e-01,6.599701513832108291e-05,9.850180688496246173e-05,1.000002026557908485e-04
-1.598979946172052458e+01,1.406963229342097854e+01,1.169642272949218693e+02,1.012313634316815841e-02,1.514657102445305520e-02,1.526186168193817069e-02,-1.274803008014140815e+00,-1.003234329976621098e-03,-1.996948242187386313e-01,6.599339732459887087e-05,9.849210523440489473e-05,1.000002026557925833e-04
-1.726460246973466539e+01,1.406862905909100192e+01,1.167645324707031307e+02,1.018912974049275728e-02,1.524506312968746009e-02,1.536186188459396328e-02,-1.289829119627203369e+00,-8.972638561756340891e-03,-1.988281250000056843e-01,6.598830502731536929e-05,9.848240549517259246e-05,1.000002026557925833e-04
-1.855443158936186876e+01,1.405965642052924558e+01,1.165657043457031250e+02,1.025511804552007265e-02,1.534354553518263269e-02,1.546186208724975586e-02,-1.155011757573507936e+00,6.651713382950674713e-03,-1.144836425781221578e-01,6.598395085823625938e-05,9.847124038343292585e-05,9.999871253967354545e-05
-1.970944334693537670e+01,1.406630813391219625e+01,1.164512207031250028e+02,1.032110199637830891e-02,1.544201677556606561e-02,1.556186079978942940e-02,-1.174592375051673798e+00,1.655894595433338168e-02,-1.072448730468806843e-01,6.597959726351368404e-05,9.846301189112179053e-05,1.000002026557908485e-04
-2.088403572198705049e+01,1.408286707986652964e+01,1.163439758300781222e+02,1.038708159364182260e-02,1.554047978745718740e-02,1.566186100244522025e-02,-1.157480874883717092e+00,2.279575077875151123e-02,-9.514160156250284217e-02,6.597598155413074428e-05,9.845331788068713286e-05,1.000002026557943180e-04
-2.204151659687076759e+01,1.410566283064528115e+01,1.162488342285156193e+02,1.045305757519595334e-02,1.563893310533787454e-02,1.576186120510101457e-02,-1.127786172352475802e+00,2.726730304037694452e-02,-7.982788085936931566e-02,6.597089174934650524e-05,9.844362577931739522e-05,1.000002026557908485e-04
-2.316930276922324339e+01,1.413293013368565809e+01,1.161690063476562500e+02,1.051902846694529985e-02,1.573737673111719193e-02,1.586186140775680542e-02,-1.072552761826450762e+00,4.845790638439417819e-02,-6.286010742186931566e-02,6.596653987766230853e-05,9.843393558579133229e-05,1.000002026557908485e-04
-2.424185553104969415e+01,1.418138804007005227e+01,1.161061462402343807e+02,1.058499500682296215e-02,1.583581066670298326e-02,1.596186161041259627e-02,-9.777828906805900999e-01,6.312143319433083377e-02,5.462646484375000000e-03,6.596218858053934375e-05,9.842424729954168949e-05,1.000002026557943180e-04
-2.521963842173028425e+01,1.424450947326438310e+01,1.161116088867187557e+02,1.065095719540350150e-02,1.593423491400252495e-02,1.606186181306839059e-02,-9.683924918511692681e-01,6.621760714404878456e-02,9.906005859363631316e-03,6.595857497312257456e-05,9.841456092067601968e-05,1.000002026557908485e-04
-2.618803091358145352e+01,1.431072708040843189e+01,1.161215148925781193e+02,1.071691577037662407e-02,1.603264947492320097e-02,1.616186201572418144e-02,-9.398587234276618574e-01,6.985431150521037580e-02,1.505737304688636868e-02,6.595348765891378973e-05,9.840341017601506035e-05,9.999871253967354545e-05
-2.712788963700911538e+01,1.438058139191364226e+01,1.161365722656250057e+02,1.078286925803553786e-02,1.613105288509921603e-02,1.626186072826385498e-02,-8.898134470360083981e-01,7.741421504864476333e-02,4.915161132811363132e-02,6.594913808346744566e-05,9.839519402531776704e-05,1.000002026557908485e-04
-2.801770308404512377e+01,1.445799560696228703e+01,1.161857238769531193e+02,1.084881839611900531e-02,1.622944807912453380e-02,1.636186093091964583e-02,-8.260257997674820274e-01,8.314149479476107274e-02,1.035827636718806843e-01,6.594478908124486172e-05,9.838551336341719300e-05,1.000002026557943180e-04
-2.884372888381260580e+01,1.454113710175704810e+01,1.162893066406250000e+02,1.091476318520025017e-02,1.632783359248795099e-02,1.646186113357544015e-02,-8.354957827182261099e-01,8.909072383066174439e-02,8.958129882812215783e-02,6.594117757452097606e-05,9.837583460663851254e-05,1.000002026557908485e-04
-2.967922466653083191e+01,1.463022782558770984e+01,1.163788879394531222e+02,1.098070436277477115e-02,1.642620942709458950e-02,1.656186133623123100e-02,-8.306871566560332099e-01,9.221522995182773741e-02,8.723754882812784217e-02,6.593609274940792631e-05,9.836615775354537461e-05,1.000002026557943180e-04
-3.050991182318686512e+01,1.472244305553953758e+01,1.164661254882812500e+02,1.104664045552417907e-02,1.652457558484813488e-02,1.666186153888702531e-02,-8.197274603322100006e-01,9.543374030413787068e-02,9.441528320311931566e-02,6.593174546750367460e-05,9.835648280445002944e-05,1.000002026557908485e-04
-3.132963928351907512e+01,1.481787679584367545e+01,1.165605407714843693e+02,1.111257220099168275e-02,1.662293206765258491e-02,1.676186174154281616e-02,-7.433256030376220735e-01,1.028766721796845474e-01,1.556579589843778422e-01,6.592739875924645554e-05,9.834680975814164006e-05,1.000002026557908485e-04
-3.207296488655669719e+01,1.492075346802336000e+01,1.167161987304687472e+02,1.117849959975092920e-02,1.672127887741072655e-02,1.686186194419860701e-02,-7.489076586522216417e-01,1.053918288441124673e-01,1.549621582031335265e-01,6.592378935106092686e-05,9.833567335159817957e-05,9.999871253967354545e-05
-3.282187254520891884e+01,1.502614529686747247e+01,1.168711608886718807e+02,1.124442338910199013e-02,1.681961455076232473e-02,1.696186065673828056e-02,-6.938570445265099806e-01,1.102108047204968244e-01,1.908630371093806843e-01,6.591870701268959243e-05,9.832746951612958419e-05,1.000002026557943180e-04
-3.351572958973542882e+01,1.513635610158796929e+01,1.170620239257812614e+02,1.131034209611467972e-02,1.691794202027845431e-02,1.706186085939407487e-02,-6.788204451730663891e-01,1.132649232277547213e-01,2.047729492187357891e-01,6.591436202338894768e-05,9.831780217563895752e-05,1.000002026557908485e-04
-3.419455003490849521e+01,1.524962102481572401e+01,1.172667968749999972e+02,1.137625645813806867e-02,1.701625982245409327e-02,1.716186106204986572e-02,-6.348629901066260572e-01,1.180692863621324307e-01,2.343139648437642109e-01,6.591001760662684728e-05,9.830813673569402389e-05,1.000002026557908485e-04
-3.482941302501512126e+01,1.536769031117785644e+01,1.175011108398437614e+02,1.144216647574469552e-02,1.711456795918978729e-02,1.726186126470565657e-02,-6.291488668193352396e-01,1.197873939414151323e-01,2.375061035156136313e-01,6.590641029526750350e-05,9.829847319572232456e-05,1.000002026557943180e-04
-3.545856189183445650e+01,1.548747770511927158e+01,1.177386169433593750e+02,1.150807288603996302e-02,1.721286643238550962e-02,1.736186146736145089e-02,-6.047215173709261649e-01,1.227402576557938829e-01,2.581420898437443157e-01,6.590133044238194460e-05,9.828881155582794293e-05,1.000002026557908485e-04
-3.606328340920538267e+01,1.561021796277506546e+01,1.179967590332031193e+02,1.157397421648234496e-02,1.731115524394133756e-02,1.746186167001724174e-02,-5.937044808666698259e-01,1.246133225501004915e-01,2.648864746093835265e-01,6.589698774321292585e-05,9.827915181456758908e-05,1.000002026557943180e-04
-3.665698789007205249e+01,1.573483128532516595e+01,1.182616455078125028e+02,1.163987120422555789e-02,1.740943439575590515e-02,1.756186187267303606e-02,-5.965891501933384689e-01,1.252865960035904891e-01,2.600830078124971578e-01,6.589338200352172492e-05,9.826949397226045213e-05,1.000002026557908485e-04
-3.725357704026539096e+01,1.586011788132875644e+01,1.185217285156250000e+02,1.170576458622907962e-02,1.750770388972816560e-02,1.766186207532882690e-02,-5.990420146949659852e-01,1.257162193245573434e-01,2.586608886718693157e-01,6.588830401316365937e-05,9.825837391677638699e-05,9.999871253967354545e-05
-3.785261905496035695e+01,1.598583410065331378e+01,1.187803894042968693e+02,1.177165289024224328e-02,1.760596226364494199e-02,1.776186078786850045e-02,-6.001860220947889957e-01,1.266632023528551088e-01,2.580993652343863687e-01,6.588396303057637848e-05,9.825018412435923554e-05,1.000002026557908485e-04
-3.845280507705514594e+01,1.611249730300616889e+01,1.190384887695312557e+02,1.183753685327281965e-02,1.770421244776930123e-02,1.786186099052429130e-02,-5.982203207352654317e-01,1.282053428115759175e-01,2.576965332031164735e-01,6.587962261973313860e-05,9.824053197378390667e-05,1.000002026557943180e-04
-3.905102539779041138e+01,1.624070264581774481e+01,1.192961853027343722e+02,1.190341647589255279e-02,1.780245297974308513e-02,1.796186119318008562e-02,-5.987126942326952417e-01,1.262930819044107977e-01,2.506713867187642109e-01,6.587601897453838895e-05,9.823088171991706252e-05,1.000002026557908485e-04
-3.964973809202310662e+01,1.636699572772215561e+01,1.195468566894531364e+02,1.196929249486709118e-02,1.790068386146300219e-02,1.806186139583587646e-02,-5.942137392509749816e-01,1.287520572304323707e-01,2.537353515624829470e-01,6.587094346565715297e-05,9.822123336155133555e-05,1.000002026557908485e-04
-4.024395183127408160e+01,1.649574778495258798e+01,1.198005920410156193e+02,1.203516343833274833e-02,1.799890509482455353e-02,1.816186159849166731e-02,-5.864025952795302032e-01,1.215661052842484935e-01,2.505310058593863687e-01,6.586660477003736247e-05,9.821158689812814480e-05,1.000002026557943180e-04
-4.083035442655361180e+01,1.661731389023683647e+01,1.200511230468750057e+02,1.210103004310278570e-02,1.809711668172268167e-02,1.826186180114746163e-02,-5.792077154828376706e-01,1.111179531895949424e-01,2.443237304687500000e-01,6.586226664636804506e-05,9.820194232974810422e-05,1.000002026557908485e-04
-4.140956214203644947e+01,1.672843184342643141e+01,1.202954467773437557e+02,1.216689230974915374e-02,1.819531862405242978e-02,1.836186200380325248e-02,-5.676771160077436207e-01,1.160502273009633711e-01,2.491455078125000000e-01,6.585866509330531859e-05,9.819083655057334048e-05,9.999871253967354545e-05
-4.197723925804419309e+01,1.684448207072739478e+01,1.205445922851562557e+02,1.223275097484245906e-02,1.829350946060300312e-02,1.846186071634292603e-02,-5.657309485950179351e-01,1.190645575223818753e-01,2.502624511718636313e-01,6.585359206399271637e-05,9.818265901776618287e-05,1.000002026557908485e-04
-4.254297020663921103e+01,1.696354662824977666e+01,1.207948547363281193e+02,1.229860456690645178e-02,1.839169211962076930e-02,1.856186091899871687e-02,-5.616864889667851912e-01,1.209108697686538392e-01,2.553344726562443157e-01,6.584925565419029458e-05,9.817302012938428080e-05,1.000002026557943180e-04
-4.310465669560599622e+01,1.708445749801843050e+01,1.210501892089843636e+02,1.236445382256064207e-02,1.848986513975015358e-02,1.866186112165451119e-02,-5.528982071299424206e-01,1.176900253877199987e-01,2.519287109375056843e-01,6.584565566927422231e-05,9.816338313380079672e-05,1.000002026557908485e-04
-4.365755490273593864e+01,1.720214752340615050e+01,1.213021179199218693e+02,1.243029947822991629e-02,1.858802852288395438e-02,1.876186132431030204e-02,-5.483106908519985723e-01,1.132042872160532454e-01,2.496459960937613687e-01,6.584058449855302586e-05,9.815374802960366574e-05,1.000002026557943180e-04
-4.420586559358793721e+01,1.731535181062220374e+01,1.215517639160156307e+02,1.249614006272846932e-02,1.868618227091355805e-02,1.886186152696609636e-02,-5.464850460251327036e-01,1.165565857037549335e-01,2.520629882812386313e-01,6.583624980160268647e-05,9.814411481709819918e-05,1.000002026557908485e-04
-4.475235063961306992e+01,1.743190839632595868e+01,1.218038269042968693e+02,1.256197631253007201e-02,1.878432638573065624e-02,1.896186172962188721e-02,-5.441645401770145440e-01,1.186192437738178285e-01,2.527404785156193157e-01,6.583191567493575092e-05,9.813448349507702950e-05,1.000002026557908485e-04
-4.529651517979008446e+01,1.755052764009977651e+01,1.220565673828124886e+02,1.262780822820500776e-02,1.888246086922573327e-02,1.906186193227767806e-02,-5.407988909135497124e-01,1.197509869961237428e-01,2.547119140625113687e-01,6.582758211931896697e-05,9.812485406297463686e-05,1.000002026557943180e-04
-4.583731407070363417e+01,1.767027862709590025e+01,1.223112792968750000e+02,1.269363581032432672e-02,1.898058572328870791e-02,1.916186213493347237e-02,-5.376674748441487850e-01,1.212656270573653217e-01,2.572082519531306843e-01,6.582324913397864796e-05,9.811376456465153995e-05,9.999871253967354545e-05
-4.637498154554778296e+01,1.779154425415326557e+01,1.225684875488281307e+02,1.275945905945830537e-02,1.907869948785335945e-02,1.926186084747314592e-02,-5.397069196002490798e-01,1.233375993074936616e-01,2.561889648437443157e-01,6.581891671880550632e-05,9.810560101106147179e-05,1.000002026557908485e-04
-4.691468846514803204e+01,1.791488185346075923e+01,1.228246765136718750e+02,1.282527797617711088e-02,1.917680508886442092e-02,1.936186105012893677e-02,-5.441735350422973738e-01,1.241003541533487464e-01,2.549316406250028422e-01,6.581605590443191656e-05,9.809597724625210291e-05,1.000002026557908485e-04
-4.745886200019032941e+01,1.803898220761410798e+01,1.230796081542968778e+02,1.289109403208154279e-02,1.927490106611067303e-02,1.946186125278472762e-02,-5.522116272436932150e-01,1.251526918338505823e-01,2.560668945312585265e-01,6.581025350301319965e-05,9.808635536914106501e-05,1.000002026557943180e-04
-4.801107362743402263e+01,1.816413489944795856e+01,1.233356750488281364e+02,1.295690428558455599e-02,1.937298742147981409e-02,1.956186145544052193e-02,-5.522498867802170253e-01,1.316882550711362398e-01,2.607177734374772626e-01,6.580592279833291647e-05,9.807673537982897205e-05,1.000002026557908485e-04
-4.856332351421423965e+01,1.829582315451909480e+01,1.235963928222656136e+02,1.302271020838288891e-02,1.947106415685964306e-02,1.966186165809631278e-02,-5.516233674887232041e-01,1.345939527642237010e-01,2.655822753906420530e-01,6.580159266402277329e-05,9.806711727689682023e-05,1.000002026557943180e-04
-4.911494688170296286e+01,1.843041710728331850e+01,1.238619750976562557e+02,1.308851180104691168e-02,1.956913127413653988e-02,1.976186186075210710e-02,-5.536188676805338105e-01,1.388901716120294338e-01,2.711669921874886313e-01,6.579726309931602235e-05,9.805750106064645144e-05,1.000002026557908485e-04
-4.966856574938349667e+01,1.856930727889534793e+01,1.241331420898437443e+02,1.315430906414622771e-02,1.966718877519718633e-02,1.986186206340789795e-02,-5.504659510915388410e-01,1.420297035411408615e-01,2.802062988281193157e-01,6.579293410409990661e-05,9.804642577697364469e-05,9.999871253967354545e-05
-5.021903170047503551e+01,1.871133698243648880e+01,1.244133483886718636e+02,1.322010199825032761e-02,1.976523520097415998e-02,1.996186077594757149e-02,-2.122392521586107250e-01,5.493697934546304396e-02,1.049987792968920530e-01,2.509161629280810824e-05,3.739238738514200078e-05,3.813952207565307617e-05
