Sigma_1,Sigma_2,Sigma_12,Epsilon_1,Epsilon_2,Epsilon_12,dSigma_1,dSigma_2,dSigma_12,dEpsilon_1,dEpsilon_2,dEpsilon_12
-0.000000000000000000e+00,-0.000000000000000000e+00,-0.000000000000000000e+00,0.000000000000000000e+00,0.000000000000000000e+00,0.000000000000000000e+00,2.811653137207031250e+00,8.706939270933551356e+00,1.538503494262695348e+01,0.000000000000000000e+00,1.333241062473146973e-04,2.000000094994902611e-04
2.811653137207031250e+00,8.706939270933551356e+00,1.538503494262695348e+01,0.000000000000000000e+00,1.333241062473146973e-04,2.000000094994902611e-04,1.403607940673827770e+00,4.350714760894428323e+00,7.688081359863280895e+00,0.000000000000000000e+00,6.665539379159600257e-05,9.999999310821293700e-05
4.215261077880859020e+00,1.305765403182797968e+01,2.307311630249023438e+01,0.000000000000000000e+00,1.999795000389106999e-04,3.000000026077031981e-04,1.402202224731445845e+00,4.349067810213426810e+00,7.686096954345703836e+00,0.000000000000000000e+00,6.665093950772614040e-05,1.000000163912773241e-04
5.617463302612304865e+00,1.740672184204140649e+01,3.075921325683593821e+01,0.000000000000000000e+00,2.666304395466368403e-04,4.000000189989805222e-04,1.400796127319336115e+00,4.347417362114747164e+00,7.684111022949220882e+00,0.000000000000000000e+00,6.664652073144885841e-05,9.999996982514860414e-05
7.018259429931640980e+00,2.175413920415615365e+01,3.844332427978515909e+01,0.000000000000000000e+00,3.332769602780856987e-04,4.999999888241291263e-04,1.399390411376952414e+00,4.345771046711643493e+00,7.682127380371092329e+00,0.000000000000000000e+00,6.664205599510791356e-05,1.000000163912772699e-04
8.417649841308593395e+00,2.609991025086779715e+01,4.612545166015625142e+01,0.000000000000000000e+00,3.999190162731936123e-04,6.000000052154063962e-04,1.397985076904296520e+00,4.344121233586616171e+00,7.680142211914059658e+00,0.000000000000000000e+00,6.663761512720566124e-05,1.000000163912773783e-04
9.815634918212889914e+00,3.044403148445441332e+01,5.380559387207031108e+01,0.000000000000000000e+00,4.665566314003992735e-04,7.000000216066837744e-04,1.396580505371094461e+00,4.342474028291547938e+00,7.678158569335941763e+00,0.000000000000000000e+00,6.663317485134360616e-05,1.000000163912772699e-04
1.121221542358398438e+01,3.478650551274596125e+01,6.148375244140625284e+01,0.000000000000000000e+00,5.331898062517428797e-04,8.000000379979610443e-04,1.395175933837890625e+00,4.340826379872268603e+00,7.676181030273440342e+00,0.000000000000000000e+00,6.662878170556475309e-05,9.999992325901983000e-05
1.260739135742187500e+01,3.912733189261822986e+01,6.915993347167969318e+01,0.000000000000000000e+00,5.998185879573076328e-04,8.999999612569808743e-04,1.393771362304686789e+00,4.339181336860150395e+00,7.674194335937500000e+00,0.000000000000000000e+00,6.662429607150047780e-05,1.000000163912773783e-04
1.400116271972656179e+01,4.346651322947838025e+01,7.683412780761719318e+01,0.000000000000000000e+00,6.664428840288081106e-04,9.999999776482582526e-04,1.392369079589844461e+00,4.337532797136532281e+00,7.672216796875005684e+00,0.000000000000000000e+00,6.661985757060564020e-05,1.000000163912772699e-04
1.539353179931640625e+01,4.780404602661491253e+01,8.450634460449219887e+01,0.000000000000000000e+00,7.330627415994137508e-04,1.099999994039535522e-03,1.390965270996094461e+00,4.335886866666974981e+00,7.670239257812482947e+00,0.000000000000000000e+00,6.661541966061226231e-05,1.000000163912772699e-04
1.678449707031250071e+01,5.213993289328188752e+01,9.217658386230468182e+01,0.000000000000000000e+00,7.996781612600260131e-04,1.200000010430812792e-03,1.389561462402344461e+00,4.334243546265334146e+00,7.668255615234386369e+00,0.000000000000000000e+00,6.661098234228991083e-05,1.000000163912772699e-04
1.817405853271484517e+01,5.647417643954722166e+01,9.984483947753906818e+01,0.000000000000000000e+00,8.662891436023159239e-04,1.300000026822090062e-03,1.388159179687498579e+00,4.332596727533143621e+00,7.666287231445309658e+00,0.000000000000000000e+00,6.660654561463244614e-05,1.000000163912774867e-04
1.956221771240234375e+01,6.080677316708036528e+01,1.075111267089843778e+02,0.000000000000000000e+00,9.328956892169483700e-04,1.400000043213367549e-03,1.386756896972656250e+00,4.330949464466215204e+00,7.664300537109369316e+00,0.000000000000000000e+00,6.660210947818793244e-05,9.999992325901972158e-05
2.094897460937500000e+01,6.513772263154658049e+01,1.151754272460937472e+02,0.000000000000000000e+00,9.994977986951363025e-04,1.499999966472387270e-03,1.385356140136718039e+00,4.329301757064484946e+00,7.662329101562505684e+00,0.000000000000000000e+00,6.659767393283775802e-05,1.000001095235348181e-04
2.233433074951171804e+01,6.946702438861106543e+01,1.228377563476562528e+02,0.000000000000000000e+00,1.066095472627974061e-03,1.600000075995922089e-03,1.383953857421875711e+00,4.327665833058745193e+00,7.660363769531258527e+00,0.000000000000000000e+00,6.659333200475917904e-05,1.000000163912772699e-04
2.371828460693359375e+01,7.379469022166981063e+01,1.304981201171875114e+02,0.000000000000000000e+00,1.132688804632733240e-03,1.700000092387199358e-03,1.381748962402344461e+00,4.325369483130629078e+00,7.656878662109363631e+00,0.000000000000000000e+00,6.658880460742389387e-05,9.999983012676239014e-05
2.510003356933593821e+01,7.812005970480043970e+01,1.381549987792968750e+02,0.000000000000000000e+00,1.199277609240157133e-03,1.799999922513961749e-03,1.378140258789063211e+00,4.321709757916480044e+00,7.650518798828130684e+00,0.000000000000000000e+00,6.658437083376296008e-05,1.000000163912772699e-04
2.647817382812500142e+01,8.244176946271691975e+01,1.458055175781250057e+02,0.000000000000000000e+00,1.265861980073920093e-03,1.899999938905239018e-03,1.375830078124998579e+00,4.318965934801155981e+00,7.646490478515630684e+00,0.000000000000000000e+00,6.657993765072441235e-05,1.000000163912774867e-04
2.785400390625000000e+01,8.676073539751807573e+01,1.534520080566406364e+02,0.000000000000000000e+00,1.332441917724644506e-03,1.999999955296516505e-03,1.373370361328124289e+00,4.316203112664140917e+00,7.642456054687500000e+00,0.000000000000000000e+00,6.657550505752523988e-05,1.000000163912770530e-04
2.922737426757812429e+01,9.107693851018221665e+01,1.610944641113281364e+02,0.000000000000000000e+00,1.399017422782169746e-03,2.099999971687793558e-03,1.371719360351562500e+00,4.313855271809970304e+00,7.639465332031250000e+00,0.000000000000000000e+00,6.657107305493435885e-05,1.000000163912774867e-04
3.059909362792968679e+01,9.539079378199218695e+01,1.687339294433593864e+02,0.000000000000000000e+00,1.465588495837104105e-03,2.199999988079071045e-03,1.368099975585938211e+00,4.308535990539013483e+00,7.630859375000000000e+00,0.000000000000000000e+00,6.656664164194736437e-05,1.000000163912774867e-04
3.196719360351562500e+01,9.969932977253120043e+01,1.763647888183593864e+02,0.000000000000000000e+00,1.532155137479051469e-03,2.300000004470348532e-03,1.364447021484373579e+00,4.303307231731722027e+00,7.622491455078090894e+00,0.000000000000000000e+00,6.656221081911134485e-05,1.000000163912770530e-04
3.333164062499999858e+01,1.040026370042629225e+02,1.839872802734374773e+02,0.000000000000000000e+00,1.598717348298162814e-03,2.400000020861625585e-03,1.360855102539062500e+00,4.298425794703405245e+00,7.615484619140659106e+00,0.000000000000000000e+00,6.655778058630812226e-05,1.000000163912774867e-04
3.469249572753906108e+01,1.083010627989663277e+02,1.916027648925781364e+02,0.000000000000000000e+00,1.665275128884470936e-03,2.500000037252903071e-03,1.356585693359377842e+00,4.293641094331121622e+00,7.607946777343727263e+00,0.000000000000000000e+00,6.655335094275576999e-05,1.000000163912770530e-04
3.604908142089843892e+01,1.125947038932974493e+02,1.992107116699218636e+02,0.000000000000000000e+00,1.731828479827226706e-03,2.600000053644180124e-03,1.351959228515625000e+00,4.288476225506371975e+00,7.599816894531272737e+00,0.000000000000000000e+00,6.654892188922212001e-05,1.000000163912774867e-04
3.740104064941406392e+01,1.168831801188038213e+02,2.068105285644531364e+02,0.000000000000000000e+00,1.798377401716448826e-03,2.700000070035457611e-03,1.347741699218751421e+00,4.283946162182900252e+00,7.592840576171852263e+00,0.000000000000000000e+00,6.654449342470385165e-05,1.000000163912774867e-04
3.874878234863281534e+01,1.211671262809867216e+02,2.144033691406249886e+02,0.000000000000000000e+00,1.864921895141152678e-03,2.800000086426735098e-03,1.343817138671873579e+00,4.279916536685192341e+00,7.586450195312522737e+00,0.000000000000000000e+00,6.654006554974783647e-05,9.999983012676239014e-05
4.009259948730468892e+01,1.254470428176719139e+02,2.219898193359375114e+02,0.000000000000000000e+00,1.931461960690900514e-03,2.899999916553497488e-03,1.339813232421875000e+00,4.273427472725828125e+00,7.578100585937477263e+00,0.000000000000000000e+00,6.653563826423633011e-05,1.000000163912770530e-04
4.143241271972656392e+01,1.297204702903977420e+02,2.295679199218749886e+02,0.000000000000000000e+00,1.997997598955136844e-03,2.999999932944774541e-03,1.334448242187498579e+00,4.265163322516400513e+00,7.566931152343755684e+00,0.000000000000000000e+00,6.653121156738718914e-05,1.000000163912774867e-04
4.276686096191406250e+01,1.339856336129141425e+02,2.371348510742187443e+02,0.000000000000000000e+00,2.064528810522524033e-03,3.099999949336052028e-03,1.328244018554684658e+00,4.257912754662896759e+00,7.555541992187528422e+00,0.000000000000000000e+00,6.652678545996824552e-05,1.000002026557921496e-04
4.409510498046874716e+01,1.382435463675770393e+02,2.446903930664062727e+02,0.000000000000000000e+00,2.131055595982492279e-03,3.200000151991844177e-03,1.323904418945318184e+00,4.251981912996683377e+00,7.547851562500000000e+00,0.000000000000000000e+00,6.652254579665511577e-05,9.999983012676239014e-05
4.541900939941406534e+01,1.424955282805737227e+02,2.522382446289062727e+02,0.000000000000000000e+00,2.197578141779147395e-03,3.299999982118606567e-03,1.320306396484369316e+00,4.246783804794517891e+00,7.541247558593738631e+00,0.000000000000000000e+00,6.651793499859795511e-05,1.000002026557921496e-04
4.673931579589843466e+01,1.467423120853682406e+02,2.597794921875000114e+02,0.000000000000000000e+00,2.264096076777745350e-03,3.400000184774398717e-03,1.315856933593750000e+00,4.239712538707465228e+00,7.531945800781215894e+00,0.000000000000000000e+00,6.651351065743976027e-05,9.999983012676239014e-05
4.805517272949218466e+01,1.509820246240757058e+02,2.673114379882812273e+02,0.000000000000000000e+00,2.330609587435185110e-03,3.500000014901161107e-03,1.310000610351565342e+00,4.230535100761841250e+00,7.519982910156272737e+00,0.000000000000000000e+00,6.650908690435542586e-05,9.999983012676239014e-05
4.936517333984375000e+01,1.552125597248375470e+02,2.748314208984375000e+02,0.000000000000000000e+00,2.397118674339540536e-03,3.599999845027923497e-03,1.305044555664061079e+00,4.221955339412744479e+00,7.509704589843750000e+00,0.000000000000000000e+00,6.650466373989399188e-05,1.000002026557921496e-04
5.067021789550781108e+01,1.594345150642502915e+02,2.823411254882812500e+02,0.000000000000000000e+00,2.463623338079434528e-03,3.700000047683715647e-03,1.298916625976566763e+00,4.212529335397960040e+00,7.497436523437500000e+00,0.000000000000000000e+00,6.650024116393662976e-05,9.999983012676239014e-05
5.196913452148437784e+01,1.636470443996482516e+02,2.898385620117187500e+02,0.000000000000000000e+00,2.530123579243371158e-03,3.799999877810478037e-03,1.291668701171872158e+00,4.201485821633184514e+00,7.482739257812454525e+00,0.000000000000000000e+00,6.649581917570141290e-05,1.000002026557925833e-04
5.326080322265625000e+01,1.678485302212814361e+02,2.973213012695312045e+02,0.000000000000000000e+00,2.596619398419072570e-03,3.900000080466270620e-03,1.283654785156251421e+00,4.189044680930720688e+00,7.466247558593750000e+00,0.000000000000000000e+00,6.649139777595855852e-05,9.999983012676239014e-05
5.454445800781250142e+01,1.720375749022121568e+02,3.047875488281249545e+02,0.000000000000000000e+00,2.663110796195031129e-03,3.999999910593033010e-03,1.273846435546872158e+00,4.173675492565990908e+00,7.446960449218806843e+00,0.000000000000000000e+00,6.648697696370322804e-05,1.000002026557917159e-04
5.581830444335937358e+01,1.762112503947781477e+02,3.122345092773437614e+02,0.000000000000000000e+00,2.729597773158734357e-03,4.100000113248824726e-03,1.263220214843748579e+00,4.155475408233343160e+00,7.423840332031261369e+00,0.000000000000000000e+00,6.648255673948272673e-05,9.999983012676239014e-05
5.708152465820312216e+01,1.803667258030114908e+02,3.196583496093750227e+02,0.000000000000000000e+00,2.796080329898217084e-03,4.199999943375587116e-03,1.249017333984376421e+00,4.131750430558042808e+00,7.396069335937454525e+00,0.000000000000000000e+00,6.647813710318082811e-05,1.000002026557925833e-04
5.833054199218749858e+01,1.844984762335695336e+02,3.270544189453124773e+02,0.000000000000000000e+00,2.862558467001397912e-03,4.300000146031379700e-03,1.230535888671873579e+00,4.101654335591803147e+00,7.363635253906295475e+00,0.000000000000000000e+00,6.647371805401560557e-05,9.999983012676239014e-05
5.956107788085937216e+01,1.886001305691613368e+02,3.344180541992187727e+02,0.000000000000000000e+00,2.929032185055413517e-03,4.399999976158142090e-03,1.214251708984377842e+00,4.072800982331528985e+00,7.328820800781215894e+00,0.000000000000000000e+00,6.646929959275467426e-05,1.000002026557925833e-04
6.077532958984375000e+01,1.926729315514928658e+02,3.417468749999999886e+02,0.000000000000000000e+00,2.995501484648168192e-03,4.500000178813934673e-03,1.202832031249997158e+00,4.050602756802476279e+00,7.302941894531272737e+00,0.000000000000000000e+00,6.646488171839623135e-05,9.999983012676239014e-05
6.197816162109374716e+01,1.967235343082953420e+02,3.490498168945312614e+02,0.000000000000000000e+00,3.061966366366564423e-03,4.600000008940697063e-03,1.191839599609380684e+00,4.028657185747078984e+00,7.274780273437443157e+00,0.000000000000000000e+00,6.646065011424234434e-05,9.999983012676239014e-05
6.317000122070312784e+01,2.007521914940424210e+02,3.563245971679687045e+02,0.000000000000000000e+00,3.128427016480806767e-03,4.699999839067459453e-03,1.179779052734375000e+00,4.005690594679833794e+00,7.242260742187568212e+00,0.000000000000000000e+00,6.645586204915556947e-05,1.000002026557917159e-04
6.434978027343750284e+01,2.047578820887222548e+02,3.635668579101562727e+02,0.000000000000000000e+00,3.194882878529962337e-03,4.800000041723251169e-03,1.165106201171866473e+00,3.978016656686975239e+00,7.197631835937500000e+00,0.000000000000000000e+00,6.645181727696260893e-05,9.999983012676239014e-05
6.551488647460936932e+01,2.087358987454092301e+02,3.707644897460937727e+02,0.000000000000000000e+00,3.261334695806924946e-03,4.899999871850013559e-03,1.132830810546877842e+00,3.937844266936878057e+00,7.100952148437500000e+00,0.000000000000000000e+00,6.644703043510091431e-05,1.000002026557925833e-04
6.664771728515624716e+01,2.126737430123461081e+02,3.778654418945312727e+02,0.000000000000000000e+00,3.327781726242025860e-03,5.000000074505806143e-03,1.073364257812500000e+00,3.878274489888184462e+00,6.938037109374988631e+00,0.000000000000000000e+00,6.644298678719698370e-05,9.999983012676239014e-05
6.772108154296874716e+01,2.165520175022342926e+02,3.848034790039062614e+02,0.000000000000000000e+00,3.394224713029222844e-03,5.099999904632568533e-03,2.632019042968778422e-01,9.635305876177255868e-01,1.718139648437500000e+00,0.000000000000000000e+00,1.660996411223221794e-05,2.500005066394771214e-05
6.798428344726562500e+01,2.175155480898520182e+02,3.865216186523437614e+02,0.000000000000000000e+00,3.410834677141455062e-03,5.124999955296516245e-03,9.875244140625056843e-01,3.639212848917594556e+00,6.422424316406250000e+00,0.000000000000000000e+00,6.331834006248135416e-05,9.530559182167105264e-05
6.897180786132813068e+01,2.211547609387696127e+02,3.929440429687500114e+02,0.000000000000000000e+00,3.474153017203936416e-03,5.220305547118187298e-03,1.219555664062497158e+00,4.508553306584786924e+00,8.056750488281238631e+00,0.000000000000000000e+00,7.902544991808839112e-05,1.189555972814556467e-04
7.019136352539062784e+01,2.256633142453543996e+02,4.010007934570312500e+02,0.000000000000000000e+00,3.553178467122024807e-03,5.339261144399642944e-03,6.997863769531278422e-01,2.586588565668279216e+00,4.645178222656227263e+00,0.000000000000000000e+00,4.550234906128703544e-05,6.849803030490892591e-05
7.089114990234375568e+01,2.282499028110226789e+02,4.056459716796874773e+02,0.000000000000000000e+00,3.598680816183311842e-03,5.407759174704551870e-03,9.334045410156193157e-01,3.462154254468003955e+00,6.167114257812500000e+00,0.000000000000000000e+00,6.180136280230057177e-05,9.303949773311562949e-05
7.182455444335937500e+01,2.317120570654906828e+02,4.118130859374999773e+02,0.000000000000000000e+00,3.660482178985612414e-03,5.500798672437667500e-03,1.153887939453127842e+00,4.302993796479938737e+00,7.693408203125045475e+00,0.000000000000000000e+00,7.679428517911451868e-05,1.156188547611243511e-04
7.297844238281250284e+01,2.360150508619706216e+02,4.195064941406250227e+02,0.000000000000000000e+00,3.737276464164726933e-03,5.616417527198791851e-03,8.290832519531221578e-01,3.110011111142966911e+00,5.548242187500022737e+00,0.000000000000000000e+00,5.645427386011302520e-05,8.500069379806501207e-05
7.380752563476562500e+01,2.391250619731135885e+02,4.250547363281250455e+02,0.000000000000000000e+00,3.793730738024839958e-03,5.701418220996856863e-03,1.355419921874997158e+00,5.113531585275040925e+00,9.125537109374931788e+00,0.000000000000000000e+00,9.464111297185617139e-05,1.425083726644517726e-04
7.516294555664062216e+01,2.442385935583886294e+02,4.341802734374999773e+02,0.000000000000000000e+00,3.888371850996696130e-03,5.843926593661308636e-03,5.945373535156335265e-01,2.262442028800904836e+00,3.965869140625045475e+00,0.000000000000000000e+00,4.285363794295391979e-05,6.453245878219535103e-05
7.575748291015625568e+01,2.465010355871895342e+02,4.381461425781250227e+02,0.000000000000000000e+00,3.931225488939650049e-03,5.908459052443503987e-03,8.947631835937386313e-01,3.408431611350636103e+00,5.944726562499965894e+00,0.000000000000000000e+00,6.596841442890223617e-05,9.934604167938232422e-05
7.665224609374999432e+01,2.499094671985401703e+02,4.440908691406249886e+02,0.000000000000000000e+00,3.997193903368552285e-03,6.007805094122886311e-03,8.738464355468806843e-01,3.331188564140546760e+00,5.805664062500000000e+00,0.000000000000000000e+00,6.496676477612574330e-05,9.784400463104265394e-05
7.752609252929687500e+01,2.532406557626807171e+02,4.498965332031249886e+02,0.000000000000000000e+00,4.062160668144678029e-03,6.105649098753928965e-03,1.544091796874994316e+00,5.885749224114931621e+00,1.025563964843752274e+01,0.000000000000000000e+00,1.169297641266517016e-04,1.761186867952346802e-04
7.907018432617186932e+01,2.591264049867956487e+02,4.601521728515625114e+02,0.000000000000000000e+00,4.179090432271329730e-03,6.281767785549163645e-03,7.659545898437585265e-01,2.932342859998811946e+00,5.106542968750034106e+00,0.000000000000000000e+00,5.845956977251157843e-05,8.805990219116262979e-05
7.983613891601562784e+01,2.620587478467944607e+02,4.652587158203125455e+02,0.000000000000000000e+00,4.237550002043841309e-03,6.369827687740326275e-03,8.425292968750000000e-01,3.273960650018011620e+00,5.747265624999954525e+00,0.000000000000000000e+00,6.638219763041922072e-05,9.999945759773219700e-05
8.067866821289062784e+01,2.653327084968124723e+02,4.710059814453125000e+02,0.000000000000000000e+00,4.303932199674260529e-03,6.469827145338058472e-03,2.835327148437443157e-01,1.123697177805752290e+00,1.975463867187500000e+00,0.000000000000000000e+00,2.281818729460340783e-05,3.437548875808750515e-05
8.096220092773437216e+01,2.664564056746182246e+02,4.729814453125000000e+02,0.000000000000000000e+00,4.326750386968863937e-03,6.504202634096145977e-03,8.366882324218778422e-01,3.358624176492241986e+00,6.199731445312522737e+00,0.000000000000000000e+00,6.673344960772976259e-05,1.005381345748901367e-04
8.179888916015625000e+01,2.698150298511104666e+02,4.791811767578125227e+02,0.000000000000000000e+00,4.393483836576593700e-03,6.604740768671036114e-03,8.446289062499943157e-01,3.242129648803143027e+00,5.638330078124965894e+00,0.000000000000000000e+00,6.569055673374003118e-05,9.897276759147574654e-05
8.264351806640624432e+01,2.730571594999136096e+02,4.848195068359374886e+02,0.000000000000000000e+00,4.459174393310333731e-03,6.703713536262511860e-03,7.484558105468863687e-01,3.113971757589695244e+00,5.375268554687522737e+00,0.000000000000000000e+00,6.436120385920618414e-05,9.697675704956054688e-05
8.339197387695313068e+01,2.761711312575033048e+02,4.901947753906250114e+02,0.000000000000000000e+00,4.523535597169539915e-03,6.800690293312072407e-03,7.734252929687386313e-01,3.311422164068858365e+00,5.343725585937477263e+00,0.000000000000000000e+00,7.061395252379049775e-05,1.064054667949676514e-04
8.416539916992186932e+01,2.794825534215721632e+02,4.955385009765624886e+02,0.000000000000000000e+00,4.594149549693330413e-03,6.907095760107040058e-03,7.905517578125085265e-01,3.376954347948640134e+00,5.701660156250000000e+00,0.000000000000000000e+00,7.197497556657959927e-05,1.084640622138980520e-04
8.495595092773437784e+01,2.828595077695208033e+02,5.012401611328124886e+02,0.000000000000000000e+00,4.666124525259910012e-03,7.015559822320938110e-03,6.375061035156193157e-01,2.753748169299683468e+00,4.653588867187522737e+00,0.000000000000000000e+00,5.878111552211871815e-05,8.858665823936479750e-05
8.559345703124999716e+01,2.856132559388204868e+02,5.058937500000000114e+02,0.000000000000000000e+00,4.724905640782028730e-03,7.104146480560302908e-03,7.207153320312471578e-01,2.999128856148615796e+00,5.149609375000011369e+00,0.000000000000000000e+00,6.478789054572154510e-05,9.764507412910426731e-05
8.631417236328124432e+01,2.886123847949691026e+02,5.110433593750000227e+02,0.000000000000000000e+00,4.789693531327750275e-03,7.201791554689407175e-03,7.577209472656250000e-01,3.116367077441623223e+00,5.347460937499931788e+00,0.000000000000000000e+00,6.697689991484213901e-05,1.009516417980194092e-04
8.707189331054686932e+01,2.917287518724107258e+02,5.163908203124999545e+02,0.000000000000000000e+00,4.856670431242592414e-03,7.302743196487426584e-03,7.013488769531335265e-01,2.965605856187323752e+00,5.137817382812500000e+00,0.000000000000000000e+00,6.582695269961337525e-05,9.922459721565298624e-05
8.777324218750000284e+01,2.946943577285980496e+02,5.215286376953124545e+02,0.000000000000000000e+00,4.922497383942205790e-03,7.401967793703079571e-03,6.638488769531250000e-01,2.903405759166844291e+00,4.987670898437500000e+00,0.000000000000000000e+00,6.567027221145767951e-05,9.899511933326651802e-05
8.843709106445312784e+01,2.975977634877648939e+02,5.265163085937499545e+02,0.000000000000000000e+00,4.988167656153663469e-03,7.500962913036346089e-03,7.400756835937443157e-01,3.229600678744816378e+00,5.535937500000045475e+00,0.000000000000000000e+00,7.318273555190473595e-05,1.103274524211885280e-04
8.917716674804687216e+01,3.008273641665097102e+02,5.320522460937500000e+02,0.000000000000000000e+00,5.061350391705568205e-03,7.611290365457534617e-03,6.087219238281278422e-01,2.713984855976377730e+00,4.591772460937590949e+00,0.000000000000000000e+00,5.995167627166619884e-05,9.038597345352190199e-05
8.978588867187500000e+01,3.035413490224860880e+02,5.366440185546875909e+02,0.000000000000000000e+00,5.121302067977234404e-03,7.701676338911056519e-03,6.585510253906221578e-01,2.956808864616789378e+00,5.025146484374886313e+00,0.000000000000000000e+00,6.631355384534125263e-05,9.998530149459873562e-05
9.044443969726562216e+01,3.064981578871028773e+02,5.416691650390624773e+02,0.000000000000000000e+00,5.187615621822575657e-03,7.801661640405655254e-03,6.234069824218835265e-01,3.040025266232021295e+00,5.156127929687613687e+00,0.000000000000000000e+00,7.033806083992562991e-05,1.060590147972106934e-04
9.106784667968750568e+01,3.095381831533348986e+02,5.468252929687500909e+02,0.000000000000000000e+00,5.257953682662501287e-03,7.907720655202865948e-03,3.637207031249971578e-01,2.542608601335871299e+00,4.289819335937409051e+00,0.000000000000000000e+00,6.606919308691731191e-05,9.963065385818446751e-05
9.143156738281250284e+01,3.120807917546707699e+02,5.511151123046875000e+02,0.000000000000000000e+00,5.324022875749418598e-03,8.007351309061050415e-03,-7.352905273437215783e-02,1.759126880553878891e+00,3.051025390625000000e+00,0.000000000000000000e+00,6.407213490933292427e-05,9.662434458732570286e-05
9.135803833007813068e+01,3.138399186352246488e+02,5.541661376953125000e+02,0.000000000000000000e+00,5.388095010658751523e-03,8.103975653648376118e-03,-4.993713378906363687e-01,1.065556255905676153e+00,2.030200195312545475e+00,0.000000000000000000e+00,6.474901507546541174e-05,9.765177965164253959e-05
9.085866699218749432e+01,3.149054748911303250e+02,5.561963378906250455e+02,0.000000000000000000e+00,5.452844025734216934e-03,8.201627433300018657e-03,-3.364567871093749574e+01,-6.179431853942605812e+01,-7.927111816406250000e+01,0.000000000000000000e+00,6.544836271858353594e-05,9.871274232864379883e-05
5.721298828124999858e+01,2.531111563517042669e+02,4.769252197265625455e+02,0.000000000000000000e+00,5.518292388452800470e-03,8.300340175628662456e-03,-3.431158447265623579e+00,-2.405007352978060453e+00,-1.934716796875022737e+00,0.000000000000000000e+00,6.874260291963793512e-05,1.036882400512698782e-04
5.378182983398437500e+01,2.507061489987262064e+02,4.749905029296875227e+02,0.000000000000000000e+00,5.587034991372438406e-03,8.404028415679932335e-03,-3.507669067382813921e+00,-3.203163927015623358e+00,-2.524511718749977263e+00,0.000000000000000000e+00,6.412011112509434507e-05,9.672269225120475045e-05
5.027416076660156108e+01,2.475029850717105830e+02,4.724659912109375455e+02,0.000000000000000000e+00,5.651155102497532751e-03,8.500751107931137085e-03,-6.051620483398437500e+00,-7.695808946633633241e+00,-7.210668945312590949e+00,0.000000000000000000e+00,6.767818813891053609e-05,1.020960509777076031e-04
4.422254028320312358e+01,2.398071761250769498e+02,4.652553222656249545e+02,0.000000000000000000e+00,5.718833290636443287e-03,8.602847158908844688e-03,-4.527471923828123579e+00,-6.358415825586462233e+00,-4.968457031249954525e+00,0.000000000000000000e+00,6.589245096713658434e-05,9.940937161445617676e-05
3.969506835937500000e+01,2.334487602994904876e+02,4.602868652343750000e+02,0.000000000000000000e+00,5.784725741603579871e-03,8.702256530523300865e-03,-4.358639526367184658e+00,-5.851198488019491606e+00,-4.076855468749954525e+00,0.000000000000000000e+00,6.811431609299138656e-05,1.027673482894893991e-04
3.533642883300781534e+01,2.275975618114709960e+02,4.562100097656250455e+02,0.000000000000000000e+00,5.852840057696571258e-03,8.805023878812790264e-03,-4.957949829101565342e+00,-5.224286329132326046e+00,-4.179736328125045475e+00,0.000000000000000000e+00,7.211589683102197224e-05,1.088134944438930857e-04
3.037847900390625000e+01,2.223732754823386699e+02,4.520302734375000000e+02,0.000000000000000000e+00,5.924955954527593230e-03,8.913837373256683350e-03,-2.697201538085938211e+00,-1.803459378043498873e+00,-9.106201171874772626e-01,0.000000000000000000e+00,6.009248475290131924e-05,9.067729115486145020e-05
2.768127746582031179e+01,2.205698161042951710e+02,4.511196533203125227e+02,0.000000000000000000e+00,5.985048439280494549e-03,9.004514664411544800e-03,-2.551760864257811789e+00,-1.472543862382650559e+00,-3.938232421875227374e-01,0.000000000000000000e+00,6.384428545399330884e-05,9.634494781494105931e-05
2.512951660156250000e+01,2.190972722419125205e+02,4.507258300781250000e+02,0.000000000000000000e+00,6.048892724734487858e-03,9.100859612226485859e-03,-2.859306335449218750e+00,-2.049730113686393906e+00,-9.202636718749772626e-01,0.000000000000000000e+00,6.590588136140117931e-05,9.946152567863464355e-05
2.227021026611328125e+01,2.170475421282261266e+02,4.498055664062500227e+02,0.000000000000000000e+00,6.114798606095889037e-03,9.200321137905120503e-03,-3.263264465332031961e+00,-2.483715852613897823e+00,-1.105761718750045475e+00,0.000000000000000000e+00,7.603959444953557051e-05,1.147635281085971487e-04
1.900694580078124929e+01,2.145638262756122288e+02,4.486998046874999773e+02,0.000000000000000000e+00,6.190838200545424608e-03,9.315084666013717651e-03,-4.426602172851561434e+00,-5.476859449555803394e+00,-4.284448242187522737e+00,0.000000000000000000e+00,5.702562397040793901e-05,8.607283234596252441e-05
1.458034362792968786e+01,2.090869668260564254e+02,4.444153564453124545e+02,0.000000000000000000e+00,6.247863824515832547e-03,9.401157498359680176e-03,-3.424588775634765270e+00,-4.220272302526666408e+00,-2.483251953124977263e+00,0.000000000000000000e+00,6.593274964489248546e-05,9.952187538147042045e-05
1.115575485229492259e+01,2.048666945235297590e+02,4.419321044921874773e+02,0.000000000000000000e+00,6.313796574160725032e-03,9.500679373741150596e-03,-3.399936676025391513e+00,-4.178395569721999436e+00,-1.931494140624977263e+00,0.000000000000000000e+00,7.677403088002937581e-05,1.158952713012691843e-04
7.755818176269531072e+00,2.006882989538077595e+02,4.400006103515625000e+02,0.000000000000000000e+00,6.390570605040754408e-03,9.616574645042419781e-03,-2.364227294921875000e+00,-2.757520897603853882e+00,-8.992919921875000000e-01,0.000000000000000000e+00,6.088435800719223245e-05,9.191483259200945721e-05
5.391590881347656072e+00,1.979307780562039056e+02,4.391013183593750000e+02,0.000000000000000000e+00,6.451454963047946640e-03,9.708489477634429238e-03,-4.106244277954100852e+00,-6.271207158705067286e+00,-3.784814453125022737e+00,0.000000000000000000e+00,6.849010203209375536e-05,1.034036278724677349e-04
1.285346603393554776e+00,1.916595708974988383e+02,4.353165039062499773e+02,0.000000000000000000e+00,6.519945065080040396e-03,9.811893105506896973e-03,-3.285031890869140714e+00,-3.113791708505146971e+00,-1.597509765624977263e+00,0.000000000000000000e+00,6.848541145949415404e-05,1.034043729305263865e-04
-1.999685287475585938e+00,1.885457791889936914e+02,4.337189941406250000e+02,0.000000000000000000e+00,6.588430476539534550e-03,9.915297478437423359e-03,-3.700054931640624822e+00,-2.756265790316831499e+00,-1.415820312499988631e+00,0.000000000000000000e+00,8.217571101614556950e-05,1.240842044353488577e-04
-5.699740219116210760e+00,1.857895133986768599e+02,4.323031738281250114e+02,0.000000000000000000e+00,6.670606187555680119e-03,1.003938168287277222e-02,-2.295780563354492543e+00,-1.356959825752340976e+00,-4.054443359374886313e-01,0.000000000000000000e+00,6.162809206824645947e-05,9.306371212005649929e-05
-7.995520782470703303e+00,1.844325535729245189e+02,4.318977294921875227e+02,0.000000000000000000e+00,6.732234279623926579e-03,1.013244539499282872e-02,-2.125385284423827237e+00,-1.094879206804080241e+00,-1.135498046875227374e-01,0.000000000000000000e+00,6.162429428078434329e-05,9.306371212005649929e-05
-1.012090606689453054e+01,1.833376743661204387e+02,4.317841796875000000e+02,0.000000000000000000e+00,6.793858573904710922e-03,1.022550910711288522e-02,-2.022700500488282316e+00,-1.040296131705161997e+00,-1.931152343752273737e-02,0.000000000000000000e+00,6.161975699316927374e-05,9.306371212005476456e-05
-1.214360656738281286e+01,1.822973782344152767e+02,4.317648681640624773e+02,0.000000000000000000e+00,6.855478330897880196e-03,1.031857281923293998e-02,-2.333230590820312145e+00,-1.927755537132753716e+00,-7.730224609374545253e-01,0.000000000000000000e+00,6.161670015483386442e-05,9.306296706199784774e-05
-1.447683715820312500e+01,1.803696226972825229e+02,4.309918457031250227e+02,0.000000000000000000e+00,6.917095031052714060e-03,1.041163578629493783e-02,-2.290724182128904829e+00,-1.980852307478642160e+00,-7.654785156250341061e-01,0.000000000000000000e+00,6.161290377123575246e-05,9.306371212005476456e-05
-1.676756134033202983e+01,1.783887703898038808e+02,4.302263671874999886e+02,0.000000000000000000e+00,6.978707934823949813e-03,1.050469949841499259e-02,-4.066244506835939632e+00,-5.009246090760996140e+00,-2.735986328124965894e+00,0.000000000000000000e+00,9.241149865191200519e-05,1.395955681800856163e-04
-2.083380584716796946e+01,1.733795242990428846e+02,4.274903808593750227e+02,0.000000000000000000e+00,7.071119433475861818e-03,1.064429506659507821e-02,-2.274371337890624289e+00,-2.834934296601261394e+00,-1.041845703125034106e+00,0.000000000000000000e+00,6.160341490340712212e-05,9.306371212005476456e-05
-2.310817718505859375e+01,1.705445900024416233e+02,4.264485351562499886e+02,0.000000000000000000e+00,7.132722848379268940e-03,1.073735877871513297e-02,-2.199359130859374289e+00,-3.097172113635963342e+00,-1.186376953125034106e+00,0.000000000000000000e+00,6.159888043960354970e-05,9.306296706199784774e-05
-2.530753631591796804e+01,1.674474178888056599e+02,4.252621582031249545e+02,0.000000000000000000e+00,7.194321728818872490e-03,1.083042174577713082e-02,-1.969410705566406961e+00,-2.478270496977131643e+00,-7.489501953124317879e-01,0.000000000000000000e+00,6.159582592253111388e-05,9.306371212005476456e-05
-2.727694702148437500e+01,1.649691473918285283e+02,4.245132080078125227e+02,0.000000000000000000e+00,7.255917554741403604e-03,1.092348545789718559e-02,-1.905575561523438211e+00,-2.182780328352464494e+00,-5.849365234374772626e-01,0.000000000000000000e+00,6.159203211044111254e-05,9.306371212005649929e-05
-2.918252258300781321e+01,1.627863670634760638e+02,4.239282714843750455e+02,0.000000000000000000e+00,7.317509586851844716e-03,1.101654917001724208e-02,-3.162545776367185368e+00,-4.228237760559210301e+00,-1.408618164062545475e+00,0.000000000000000000e+00,9.238019623280732673e-05,1.395955681800838816e-04
-3.234506835937499858e+01,1.585581293029168535e+02,4.225196533203125000e+02,0.000000000000000000e+00,7.409889783084652043e-03,1.115614473819732597e-02,-1.483273315429691763e+00,-1.906748374773343357e+00,-5.456542968750000000e-01,0.000000000000000000e+00,4.618726778747236916e-05,6.979703903198242188e-05
-3.382834167480469034e+01,1.566513809281435101e+02,4.219739990234375000e+02,0.000000000000000000e+00,7.456077050872124412e-03,1.122594177722930839e-02,-3.631027221679687500e+00,-5.938056682787475893e+00,-2.685888671874977263e+00,0.000000000000000000e+00,9.236739682105463145e-05,1.395955681800856163e-04
-3.745936889648437784e+01,1.507133242453560342e+02,4.192881103515625227e+02,0.000000000000000000e+00,7.548444447693179044e-03,1.136553734540939400e-02,-1.146630859374994316e+00,-1.653367687266410258e+00,-1.706542968750000000e-01,0.000000000000000000e+00,4.618086891714640041e-05,6.979778409004107342e-05
-3.860599975585937216e+01,1.490599565580896240e+02,4.191174560546875227e+02,0.000000000000000000e+00,7.594625316610325444e-03,1.143533512949943508e-02,-1.101235961914063921e+00,-1.453795217624559655e+00,-7.224121093753410605e-02,0.000000000000000000e+00,4.617873634297619406e-05,6.979778409004280815e-05
-3.970723571777343608e+01,1.476061613404650643e+02,4.190452148437499886e+02,0.000000000000000000e+00,7.640804052953301638e-03,1.150513291358947789e-02,-2.443945312499998579e+00,-2.641587551414914969e+00,-3.008300781249886313e-01,0.000000000000000000e+00,9.235033643240683071e-05,1.395948231220234953e-04
-4.215118103027343466e+01,1.449645737890501493e+02,4.187443847656250000e+02,0.000000000000000000e+00,7.733154389385708469e-03,1.164472773671150138e-02,-1.350491333007816763e+00,-1.082139525958012882e+00,-1.967773437500000000e-01,0.000000000000000000e+00,4.617233983619187937e-05,6.979778409004280815e-05
-4.350167236328125142e+01,1.438824342630921365e+02,4.185476074218750000e+02,0.000000000000000000e+00,7.779326729221900348e-03,1.171452552080154419e-02,-2.811511230468745737e+00,-2.061674318782849014e+00,-4.970947265625227374e-01,0.000000000000000000e+00,9.233754529320344767e-05,1.395955681800838816e-04
-4.631318359374999716e+01,1.418207599443092874e+02,4.180505126953124773e+02,0.000000000000000000e+00,7.871664274515103796e-03,1.185412108898162807e-02,-9.708038330078139211e-01,-7.114854646458184106e-01,-1.566406250000227374e-01,0.000000000000000000e+00,3.462502822846637296e-05,5.234777927398681641e-05
-4.728398742675781108e+01,1.411092744796634690e+02,4.178938720703124545e+02,0.000000000000000000e+00,7.906289302743570169e-03,1.190646886825561489e-02,-2.537841796875000000e+00,-1.783813932974595673e+00,-3.423828124999772626e-01,0.000000000000000000e+00,9.376858904484516866e-05,1.417763531208048738e-04
-4.982182922363281108e+01,1.393254605466888734e+02,4.175514892578124773e+02,0.000000000000000000e+00,8.000057891788415337e-03,1.204824522137641976e-02,-8.763275146484375000e-01,-5.330402089873302884e-01,4.960937500004547474e-02,0.000000000000000000e+00,3.894724007460874382e-05,5.889236927032401314e-05
-5.069815673828124858e+01,1.387924203377015431e+02,4.176010986328125227e+02,0.000000000000000000e+00,8.039005131863024081e-03,1.210713759064674377e-02,-3.263134765625004263e+00,-5.738917062741364816e+00,-3.248339843750045475e+00,0.000000000000000000e+00,7.789066881699890921e-05,1.177832484245307232e-04
-5.396129150390625284e+01,1.330535032749601783e+02,4.143527587890624773e+02,0.000000000000000000e+00,8.116895800680022990e-03,1.222492083907127450e-02,-1.484753417968747158e+00,-2.338038713221749276e+00,-1.205566406249545253e-01,0.000000000000000000e+00,7.788386335585116560e-05,1.177832484245289885e-04
-5.544604492187500000e+01,1.307154645617384290e+02,4.142322021484375227e+02,0.000000000000000000e+00,8.194779664035874156e-03,1.234270408749580349e-02,-6.913208007812485789e-01,-1.040556759991062563e+00,6.079101562477262632e-03,0.000000000000000000e+00,3.894039603378682268e-05,5.889236927032574787e-05
-5.613736572265624858e+01,1.296749078017473664e+02,4.142382812500000000e+02,0.000000000000000000e+00,8.233720060069660979e-03,1.240159645676612923e-02,-1.401434326171873579e+00,-1.797514455187183557e+00,8.016357421877273737e-02,0.000000000000000000e+00,7.787476551690195037e-05,1.177839934825893747e-04
-5.753880004882812216e+01,1.278773933465601829e+02,4.143184448242187727e+02,0.000000000000000000e+00,8.311594825586562929e-03,1.251938045024871861e-02,-2.431390380859376421e+00,-4.037724904148191740e+00,-1.729602050781295475e+00,0.000000000000000000e+00,7.786944034355279542e-05,1.177832484245289885e-04
-5.997019042968749858e+01,1.238396684424119911e+02,4.125888427734374773e+02,0.000000000000000000e+00,8.389464265930115724e-03,1.263716369867324760e-02,-1.739190673828126421e+00,-2.548276896679894321e+00,-6.610961914062158939e-01,0.000000000000000000e+00,7.786337716594697589e-05,1.177832484245307232e-04
-6.170938110351562500e+01,1.212913915457320968e+02,4.119277465820312614e+02,0.000000000000000000e+00,8.467327643096062700e-03,1.275494694709777832e-02,-6.097717285156250000e-01,-7.048651402467527305e-01,8.342285156248863132e-02,0.000000000000000000e+00,3.892904581279978127e-05,5.889087915420497532e-05
-6.231915283203125000e+01,1.205865264054853441e+02,4.120111694335937500e+02,0.000000000000000000e+00,8.506256688908862482e-03,1.281383782625198330e-02,-1.281054687500002842e+00,-1.207199049243769196e+00,1.656127929687727374e-01,0.000000000000000000e+00,7.785428419845863424e-05,1.177847385406497610e-04
-6.360020751953125284e+01,1.193793273562415749e+02,4.121767822265625227e+02,0.000000000000000000e+00,8.584110973107321116e-03,1.293162256479263306e-02,-8.033447265625000000e-01,-6.923063719217168455e-01,1.068969726562727374e-01,0.000000000000000000e+00,4.865557281002845513e-05,7.361471652984549752e-05
-6.440355224609375284e+01,1.186870209843198580e+02,4.122836791992187955e+02,0.000000000000000000e+00,8.632766545917349571e-03,1.300523728132247855e-02,-9.615356445312528422e-01,-8.119024122669742383e-01,1.933837890624090505e-01,0.000000000000000000e+00,6.264031478530988906e-05,9.477883577346801758e-05
-6.536508789062500568e+01,1.178751185720528838e+02,4.124770629882812045e+02,0.000000000000000000e+00,8.695406860702659460e-03,1.310001611709594657e-02,-1.110424804687497158e+00,-1.317016523408369721e+00,9.468994140627273737e-02,0.000000000000000000e+00,7.491342034831455221e-05,1.133546233177198936e-04
-6.647551269531250284e+01,1.165581020486445141e+02,4.125717529296874773e+02,0.000000000000000000e+00,8.770320281050974012e-03,1.321337074041366647e-02,-9.787536621093693157e-01,-8.570597512826765296e-01,2.580322265624772626e-01,0.000000000000000000e+00,6.926346092478961880e-05,1.048147678375244141e-04
-6.745426635742187216e+01,1.157010422973618375e+02,4.128297851562499545e+02,0.000000000000000000e+00,8.839583741975763631e-03,1.331818550825119088e-02,-8.636596679687471578e-01,-7.507335026257635491e-01,9.556884765629547474e-02,0.000000000000000000e+00,5.540746249182125494e-05,8.385181427001883736e-05
-6.831792602539061932e+01,1.149503087947360740e+02,4.129253540039062500e+02,0.000000000000000000e+00,8.894991204467584886e-03,1.340203732252120972e-02,-1.530621337890636369e+00,-2.524071226014669378e+00,-8.003417968749886313e-01,0.000000000000000000e+00,6.925482662239676457e-05,1.048147678375244141e-04
-6.984854736328125568e+01,1.124262375687214046e+02,4.121250122070312614e+02,0.000000000000000000e+00,8.964246031089981651e-03,1.350685209035873413e-02,-2.569317626953122158e+00,-7.845909825614981514e+00,-3.870996093750022737e+00,0.000000000000000000e+00,6.925076908158647737e-05,1.048147678375244141e-04
-7.241786499023437784e+01,1.045803277431064231e+02,4.082540161132812386e+02,0.000000000000000000e+00,9.033496800171568128e-03,1.361166685819625854e-02,-9.267272949218750000e-01,-2.036661556844137522e+00,-2.187500000000000000e-01,0.000000000000000000e+00,7.616979058984972573e-05,1.152962446212772024e-04
-7.334459228515625284e+01,1.025436661862622856e+02,4.080352661132812386e+02,0.000000000000000000e+00,9.109666590761417854e-03,1.372696310281753575e-02,-6.642150878906250000e-01,-1.424884092727850771e+00,-6.271972656247726263e-02,0.000000000000000000e+00,6.231588571493917872e-05,9.433329105377162571e-05
-7.400880737304687784e+01,1.011187820935344348e+02,4.079725463867187614e+02,0.000000000000000000e+00,9.171982476476357032e-03,1.382129639387130737e-02,-6.601989746093721578e-01,-1.083772252320983398e+00,4.064941406250000000e-02,0.000000000000000000e+00,6.231274089711809350e-05,9.433329105377162571e-05
-7.466900634765625000e+01,1.000350098412134514e+02,4.080131958007812614e+02,0.000000000000000000e+00,9.234295217373475126e-03,1.391562968492507900e-02,-8.395629882812443157e-01,-1.443972138068488675e+00,-2.336547851562613687e-01,0.000000000000000000e+00,6.230885826115709070e-05,9.433329105377162571e-05
-7.550856933593749432e+01,9.859103770314496273e+01,4.077795410156250000e+02,0.000000000000000000e+00,9.296604075634632217e-03,1.400996297597885062e-02,-8.331604003906250000e-01,-1.351375770127731357e+00,-2.517700195312500000e-01,0.000000000000000000e+00,6.230497610944935039e-05,9.433329105377336044e-05
-7.634172973632811932e+01,9.723966193301723138e+01,4.075277709960937500e+02,0.000000000000000000e+00,9.358909051744081567e-03,1.410429626703262398e-02,-1.402453613281252842e+00,-3.070234410014535342e+00,-1.023657226562477263e+00,0.000000000000000000e+00,8.306652535572910112e-05,1.257777214050282560e-04
-7.774418334960937216e+01,9.416942752300269603e+01,4.065041137695312727e+02,0.000000000000000000e+00,9.441975577099810668e-03,1.423007398843765224e-02,-1.036389160156247158e+00,-2.514671731891880313e+00,-1.047412109375045475e+00,0.000000000000000000e+00,4.672230358105343428e-05,7.074922323226963405e-05
-7.878057250976561932e+01,9.165475579111081572e+01,4.054567016601562273e+02,0.000000000000000000e+00,9.488697880680864102e-03,1.430082321166992188e-02,-1.133624267578127842e+00,-1.994872550888416640e+00,-6.732666015624886313e-01,0.000000000000000000e+00,7.007936255050764562e-05,1.061245799064639700e-04
-7.991419677734374716e+01,8.965988324022239908e+01,4.047834350585937386e+02,0.000000000000000000e+00,9.558777243231371748e-03,1.440694779157638584e-02,-6.790222167968806843e-01,-1.556922320475820243e+00,-3.538696289062386313e-01,0.000000000000000000e+00,6.228864406623499383e-05,9.433329105377162571e-05
-8.059321899414062784e+01,8.810296091974657884e+01,4.044295654296875000e+02,0.000000000000000000e+00,9.621065887297606742e-03,1.450128108263015747e-02,-1.318469238281252842e+00,-4.463162037252388359e+00,-1.815246582031250000e+00,0.000000000000000000e+00,6.617706446714922974e-05,1.002296805381781841e-04
-8.191168823242188068e+01,8.363979888249419048e+01,4.026143188476562500e+02,0.000000000000000000e+00,9.687242951764755972e-03,1.460151076316833565e-02,-1.654870605468744316e+00,-4.217964846312085569e+00,-1.999206542968750000e+00,0.000000000000000000e+00,7.006471268344513503e-05,1.061245799064622353e-04
-8.356655883789062500e+01,7.942183403618210491e+01,4.006151123046875000e+02,0.000000000000000000e+00,9.757307664448201107e-03,1.470763534307479789e-02,-1.353479003906244316e+00,-3.337923244753625340e+00,-1.641137695312522737e+00,0.000000000000000000e+00,7.006054173554210340e-05,1.061245799064639700e-04
-8.492003784179686932e+01,7.608391079142847957e+01,3.989739746093749773e+02,0.000000000000000000e+00,9.827368206183743210e-03,1.481375992298126186e-02,-7.841308593750113687e-01,-2.767217329255188929e+00,-1.073010253906204525e+00,0.000000000000000000e+00,6.421803601103573400e-05,9.728074073791538601e-05
-8.570416870117188068e+01,7.331669346217329064e+01,3.979009643554687727e+02,0.000000000000000000e+00,9.891586242194778944e-03,1.491104066371917725e-02,-6.154357910156136313e-01,-2.331064014047655064e+00,-7.459472656250341061e-01,0.000000000000000000e+00,7.005039739384905095e-05,1.061260700225830078e-04
-8.631960449218749432e+01,7.098562944812563558e+01,3.971550170898437386e+02,0.000000000000000000e+00,9.961636639588627995e-03,1.501716673374176025e-02,-5.478454589843835265e-01,-1.818730166346341548e+00,-5.606933593749658939e-01,0.000000000000000000e+00,7.004622830058572502e-05,1.061245799064639700e-04
-8.686744995117187784e+01,6.916689928177929403e+01,3.965943237304687727e+02,0.000000000000000000e+00,1.003168286788921372e-02,1.512329131364822422e-02,-4.244506835937471578e-01,-1.308623639168786212e+00,-4.753173828125341061e-01,0.000000000000000000e+00,5.253126714391785634e-05,7.959306240081821804e-05
-8.729190063476562500e+01,6.785827564261050782e+01,3.961190063476562386e+02,0.000000000000000000e+00,1.008421413503313158e-02,1.520288437604904244e-02,-7.050659179687528422e-01,-1.999418423902184827e+00,-8.686889648437272626e-01,0.000000000000000000e+00,7.003764303621130838e-05,1.061245799064622353e-04
-8.799696655273437784e+01,6.585885721870832299e+01,3.952503173828125114e+02,0.000000000000000000e+00,1.015425177806934288e-02,1.530900895595550468e-02,-8.425354003906164735e-01,-2.513538125574001469e+00,-1.089770507812488631e+00,0.000000000000000000e+00,7.003200062915757029e-05,1.061260700225830078e-04
-8.883950195312499432e+01,6.334531909313432152e+01,3.941605468750000227e+02,0.000000000000000000e+00,1.022428377869850046e-02,1.541513502597808769e-02,-1.120520019531255684e+00,-4.794566440625438020e+00,-2.005859375000000000e+00,0.000000000000000000e+00,7.002783391898970144e-05,1.061245799064639700e-04
-8.996002197265625000e+01,5.855075265250888350e+01,3.921546875000000227e+02,0.000000000000000000e+00,1.029431161261749016e-02,1.552125960588455166e-02,-4.965026855468721578e-01,-2.053247960987441445e+00,-8.094848632812272626e-01,0.000000000000000000e+00,5.251747309686916054e-05,7.959306240081821804e-05
-9.045652465820312216e+01,5.649750469152144206e+01,3.913452026367187955e+02,0.000000000000000000e+00,1.034682908571435932e-02,1.560085266828536987e-02,-6.083312988281335265e-01,-2.483947125914539811e+00,-1.071398925781295475e+00,0.000000000000000000e+00,7.001925316279036804e-05,1.061245799064622353e-04
-9.106485595703125568e+01,5.401355756560690224e+01,3.902738037109375000e+02,0.000000000000000000e+00,1.041684833887714969e-02,1.570697724819183211e-02,-4.309753417968664735e-01,-1.836016512516088994e+00,-8.958251953124545253e-01,0.000000000000000000e+00,7.001435081023174578e-05,1.061260700225830078e-04
-9.149583129882812216e+01,5.217754105309081325e+01,3.893779785156250455e+02,0.000000000000000000e+00,1.048686268968738143e-02,1.581310331821441512e-02,-4.362670898437528422e-01,-1.529586738386370826e+00,-9.034545898438182121e-01,0.000000000000000000e+00,7.000871191019386597e-05,1.061245799064657047e-04
-9.193209838867187500e+01,5.064795431470444242e+01,3.884745239257812273e+02,0.000000000000000000e+00,1.055687140159757530e-02,1.591922789812088082e-02,-3.795715332031193157e-01,-1.495167080843813778e+00,-9.691162109375000000e-01,0.000000000000000000e+00,7.000454821562938912e-05,1.061245799064622353e-04
-9.231166992187499432e+01,4.915278723386062865e+01,3.875054077148437273e+02,0.000000000000000000e+00,1.062687594981320469e-02,1.602535247802734306e-02,-2.569274902343750000e-01,-1.315133945047193720e+00,-7.841308593749545253e-01,0.000000000000000000e+00,5.250001102071084891e-05,7.959306240081995276e-05
-9.256859741210936932e+01,4.783765328881343493e+01,3.867212768554687727e+02,0.000000000000000000e+00,1.067937596083391553e-02,1.610494554042816301e-02,-3.292541503906250000e-01,-1.711201949600294370e+00,-1.055456542968784106e+00,0.000000000000000000e+00,6.999597316490954735e-05,1.061260700225830078e-04
-9.289785156249999432e+01,4.612645133921314056e+01,3.856658203124999886e+02,0.000000000000000000e+00,1.074937193399882508e-02,1.621107161045074602e-02,-3.201660156250056843e-01,-1.422517437763424653e+00,-9.998901367187613687e-01,0.000000000000000000e+00,6.999033703115192795e-05,1.061245799064622353e-04
-9.321801757812500000e+01,4.470393390144971590e+01,3.846659301757812273e+02,0.000000000000000000e+00,1.081936227102997701e-02,1.631719619035720825e-02,-2.454467773437443157e-01,-1.667296996775647244e+00,-1.094726562500000000e+00,0.000000000000000000e+00,6.998617571531834392e-05,1.061245799064622353e-04
-9.346346435546874432e+01,4.303663690467406866e+01,3.835712036132812273e+02,0.000000000000000000e+00,1.088934844674529535e-02,1.642332077026367049e-02,-1.741699218750056843e-01,-1.421128633218749826e+00,-9.035766601562045253e-01,0.000000000000000000e+00,5.248623338155282425e-05,7.959306240081995276e-05
-9.363763427734375000e+01,4.161550827145531883e+01,3.826676269531250227e+02,0.000000000000000000e+00,1.094183468012684818e-02,1.650291383266449044e-02,-1.943908691406193157e-01,-2.183047952362109356e+00,-1.252673339843795475e+00,0.000000000000000000e+00,6.997760516472967263e-05,1.061260700225830078e-04
-9.383202514648436932e+01,3.943246031909320948e+01,3.814149536132812273e+02,0.000000000000000000e+00,1.101181228529157785e-02,1.660903990268707345e-02,-1.659423828125028422e-01,-3.039946789527661508e+00,-1.506018066406227263e+00,0.000000000000000000e+00,6.997197179512727738e-05,1.061245799064622353e-04
-9.399796752929687216e+01,3.639251352956554797e+01,3.799089355468750000e+02,0.000000000000000000e+00,1.108178425708670513e-02,1.671516448259353568e-02,-2.430725097656250000e-01,-4.339221728613210871e+00,-1.727832031249988631e+00,0.000000000000000000e+00,6.996781285610251255e-05,1.061245799064657047e-04
-9.424104003906249716e+01,3.205329180095233710e+01,3.781811035156250114e+02,0.000000000000000000e+00,1.115175206994280764e-02,1.682128906250000139e-02,-1.240600585937556843e-01,-2.252881044347503803e+00,-1.149743652343772737e+00,0.000000000000000000e+00,5.247246297186008990e-05,7.959306240081648331e-05
-9.436510009765625284e+01,2.980041075660483330e+01,3.770313598632812386e+02,0.000000000000000000e+00,1.120422453291466773e-02,1.690088212490081787e-02,-5.761108398436931566e-02,-2.469646979750301341e+00,-1.572644042968761369e+00,0.000000000000000000e+00,6.995924680210270641e-05,1.061260700225830078e-04
-9.442271118164062216e+01,2.733076377685453195e+01,3.754587158203124773e+02,0.000000000000000000e+00,1.127418377971677044e-02,1.700700819492340088e-02,-9.814453125002842171e-03,-2.325112746086485771e+00,-1.643286132812477263e+00,0.000000000000000000e+00,6.776796204509445698e-05,1.028075814247138287e-04
-9.443252563476562500e+01,2.500565103076804618e+01,3.738154296875000000e+02,0.000000000000000000e+00,1.134195174176186489e-02,1.710981577634811471e-02,2.432861328125568434e-02,-2.205280404209474909e+00,-1.643884277343772737e+00,0.000000000000000000e+00,6.557785903606692945e-05,9.949207305908272514e-05
-9.440819702148436932e+01,2.280037062655857127e+01,3.721715454101562273e+02,0.000000000000000000e+00,1.140752960079793182e-02,1.720930784940719743e-02,7.848510742186931566e-02,-2.091273142053253764e+00,-1.690075683593704525e+00,0.000000000000000000e+00,6.557355886246431231e-05,9.949207305907925569e-05
-9.432971191406250000e+01,2.070909748450531751e+01,3.704814697265625227e+02,0.000000000000000000e+00,1.147310315966039614e-02,1.730879992246627669e-02,9.415283203125568434e-02,-1.957056372681673651e+00,-1.759619140624977263e+00,0.000000000000000000e+00,6.556852274211891207e-05,9.949207305908272514e-05
-9.423555908203124432e+01,1.875204111182364386e+01,3.687218505859375455e+02,0.000000000000000000e+00,1.153867168240251505e-02,1.740829199552535941e-02,9.299316406249147349e-02,-1.506398615660874185e+00,-1.724438476562568212e+00,0.000000000000000000e+00,6.556496025519366333e-05,9.949207305908272514e-05
-9.414256591796875284e+01,1.724564249616276967e+01,3.669974121093749773e+02,0.000000000000000000e+00,1.160423664265770871e-02,1.750778406858444214e-02,1.245300292968778422e-01,-1.453570208528548235e+00,-1.768188476562500000e+00,0.000000000000000000e+00,6.556066177301062003e-05,9.949207305908272514e-05
-9.401803588867187500e+01,1.579207228763422144e+01,3.652292236328124773e+02,0.000000000000000000e+00,1.166979730443071933e-02,1.760727614164352486e-02,1.692993164062528422e-01,-1.213966863917054440e+00,-1.860900878906250000e+00,0.000000000000000000e+00,6.555636385440974379e-05,9.949207305908272514e-05
-9.384873657226562216e+01,1.457810542371716700e+01,3.633683227539062273e+02,0.000000000000000000e+00,1.173535366828512908e-02,1.770676821470260759e-02,1.960571289062471578e-01,-9.181891617702575559e-01,-1.907556152343772737e+00,0.000000000000000000e+00,6.555133018173488202e-05,9.949207305907925569e-05
-9.365267944335937500e+01,1.365991626194690944e+01,3.614607666015624545e+02,0.000000000000000000e+00,1.180090499846686396e-02,1.780626028776168684e-02,2.427368164062500000e-01,-8.181157374884815425e-01,-2.078466796874977263e+00,0.000000000000000000e+00,6.554776975578775755e-05,9.949207305908272514e-05
-9.340994262695312500e+01,1.284180052445842790e+01,3.593822998046874773e+02,0.000000000000000000e+00,1.186645276822265171e-02,1.790575236082076957e-02,1.775878906250056843e-01,-1.457298134153496960e+00,-2.189526367187454525e+00,0.000000000000000000e+00,6.554347352727592224e-05,9.949207305908272514e-05
-9.323235473632811932e+01,1.138450239030493094e+01,3.571927734375000227e+02,0.000000000000000000e+00,1.193199624174992764e-02,1.800524443387985229e-02,3.413696289061363132e-02,-1.717120167036542355e+00,-1.981726074218727263e+00,0.000000000000000000e+00,6.553917786190389949e-05,9.949207305908272514e-05
-9.319821777343750568e+01,9.667382223268388586e+00,3.552110473632812955e+02,0.000000000000000000e+00,1.199753541961183154e-02,1.810473650693893502e-02,1.958618164063352651e-02,-1.679343126040421907e+00,-1.921423339843840949e+00,0.000000000000000000e+00,6.553488275956587117e-05,9.949207305908272514e-05
-9.317863159179687216e+01,7.988039097227966678e+00,3.532896240234374545e+02,0.000000000000000000e+00,1.206307030237139741e-02,1.820422857999801775e-02,6.532592773437784217e-02,-1.604811913398766166e+00,-1.992163085937477263e+00,0.000000000000000000e+00,6.552985214384327017e-05,9.949207305907925569e-05
-9.311330566406249432e+01,6.383227183829200513e+00,3.512974609374999773e+02,0.000000000000000000e+00,1.212860015451524068e-02,1.830372065305709700e-02,-8.630004882812585265e-01,-4.059309545943465380e+00,-2.135400390625022737e+00,0.000000000000000000e+00,6.552629429177128650e-05,9.949207305908272514e-05
-9.397630615234375284e+01,2.323917637885735132e+00,3.491620605468749545e+02,0.000000000000000000e+00,1.219412644880701196e-02,1.840321272611617973e-02,-4.621276855468750000e-01,-2.652333937356672333e+00,-1.960778808593715894e+00,0.000000000000000000e+00,6.552200087785696458e-05,9.949207305908272514e-05
-9.443843383789062784e+01,-3.284162994709370342e-01,3.472012817382812386e+02,0.000000000000000000e+00,1.225964844968486893e-02,1.850270479917526245e-02,-1.773437499999914735e-01,-1.860168599981968152e+00,-2.040136718749977263e+00,0.000000000000000000e+00,6.551770802653428261e-05,9.949207305908272514e-05
-9.461577758789061932e+01,-2.188584899452905130e+00,3.451611450195312614e+02,0.000000000000000000e+00,1.232516615771140321e-02,1.860219687223434518e-02,1.033691406249914735e-01,-1.059592617981437002e+00,-2.071069335937522737e+00,0.000000000000000000e+00,6.551267985426857676e-05,9.949207305908272514e-05
-9.451240844726562784e+01,-3.248177517434342132e+00,3.430900756835937386e+02,0.000000000000000000e+00,1.239067883756567179e-02,1.870168894529342790e-02,1.276611328125056843e-01,-8.034667644145518928e-01,-2.041955566406215894e+00,0.000000000000000000e+00,6.550912405941557159e-05,9.949207305907925569e-05
-9.438474731445312216e+01,-4.051644281848894025e+00,3.410481201171875227e+02,0.000000000000000000e+00,1.245618796162508736e-02,1.880118101835250716e-02,1.425048828125028422e-01,-6.490131556027654014e-01,-2.027478027343761369e+00,0.000000000000000000e+00,6.550483289518953256e-05,9.949207305908272514e-05
-9.424224243164061932e+01,-4.700657437451659426e+00,3.390206420898437614e+02,0.000000000000000000e+00,1.252169279452027689e-02,1.890067309141158988e-02,1.031738281249943157e-01,-6.819928942578119546e-01,-1.893530273437534106e+00,0.000000000000000000e+00,6.550054229310930953e-05,9.949207305908272514e-05
-9.413906860351562500e+01,-5.382650331709471381e+00,3.371271118164062273e+02,0.000000000000000000e+00,1.258719333681338620e-02,1.900016516447067261e-02,1.230651855468778422e-01,-5.321217414384165068e-01,-2.042895507812431788e+00,0.000000000000000000e+00,7.204534727345973666e-05,1.094415783882141113e-04
-9.401600341796874716e+01,-5.914772073147887888e+00,3.350842163085937955e+02,0.000000000000000000e+00,1.265923868408684594e-02,1.910960674285888672e-02,1.218872070312500000e-01,-2.675305031358767849e-01,-1.852294921875056843e+00,0.000000000000000000e+00,6.549153387731473930e-05,9.949207305908272514e-05
-9.389411621093749716e+01,-6.182302576283764672e+00,3.332319213867187386e+02,0.000000000000000000e+00,1.272473021796416068e-02,1.920909881591796944e-02,7.706298828124147349e-02,-6.591459265879153762e-01,-1.861669921875034106e+00,0.000000000000000000e+00,6.548724501696627509e-05,9.949207305908272514e-05
-9.381705322265625568e+01,-6.841448502871680049e+00,3.313702514648437045e+02,0.000000000000000000e+00,1.279021746298112695e-02,1.930859088897705217e-02,3.251342773438636868e-02,-8.664289842232761885e-01,-1.733996582031181788e+00,0.000000000000000000e+00,6.548295671875495327e-05,9.949207305907925569e-05
-9.378453979492186932e+01,-7.707877487094956237e+00,3.296362548828125227e+02,0.000000000000000000e+00,1.285570041969988191e-02,1.940808296203613142e-02,4.931640625000000000e-02,-5.876182268119372054e-01,-1.632446289062500000e+00,0.000000000000000000e+00,6.547866898190535245e-05,9.949207305908272514e-05
-9.373522338867186932e+01,-8.295495713906893442e+00,3.280038085937500227e+02,0.000000000000000000e+00,1.292117908868178726e-02,1.950757503509521415e-02,1.359191894531193157e-01,-3.853573602780855367e-01,-1.781823730468772737e+00,0.000000000000000000e+00,6.385051835641405993e-05,9.702593088150093803e-05
-9.359930419921875000e+01,-8.680853074184978979e+00,3.262219848632812500e+02,0.000000000000000000e+00,1.298502960703820132e-02,1.960460096597671509e-02,1.182617187500056843e-01,-2.774503308869533669e-01,-1.648522949218772737e+00,0.000000000000000000e+00,6.299337847066530105e-05,9.572803974151541939e-05
-9.348104248046874432e+01,-8.958303405071932346e+00,3.245734619140624773e+02,0.000000000000000000e+00,1.304802298550886662e-02,1.970032900571823051e-02,1.263122558593750000e-01,-2.856846778932453645e-01,-1.743127441406215894e+00,0.000000000000000000e+00,6.718826938278445182e-05,1.021102070808410645e-04
-9.335473022460936932e+01,-9.243988082965177711e+00,3.228303344726562614e+02,0.000000000000000000e+00,1.311521125489165107e-02,1.980243921279907157e-02,1.297119140624971578e-01,-2.709737083428329640e-01,-1.732727050781250000e+00,0.000000000000000000e+00,6.718375542230821396e-05,1.021102070808410645e-04
-9.322501831054687216e+01,-9.514961791308010675e+00,3.210976074218750114e+02,0.000000000000000000e+00,1.318239501031395929e-02,1.990454941987991264e-02,6.917724609374431566e-02,-3.064220792192813292e-01,-1.420410156250056843e+00,0.000000000000000000e+00,6.279860422917643570e-05,9.545087814331193465e-05
