Sigma_1,Sigma_2,Sigma_12,Epsilon_1,Epsilon_2,Epsilon_12,dSigma_1,dSigma_2,dSigma_12,dEpsilon_1,dEpsilon_2,dEpsilon_12
-0.000000000000000000e+00,-0.000000000000000000e+00,-0.000000000000000000e+00,0.000000000000000000e+00,0.000000000000000000e+00,0.000000000000000000e+00,1.023943685175130369e+01,3.371648406982421964e+00,5.663251757621764471e-01,1.999800121638574792e-04,0.000000000000000000e+00,-6.202424572301453398e-38
1.023943685175130369e+01,3.371648406982421964e+00,5.663251757621764471e-01,1.999800121638574792e-04,0.000000000000000000e+00,-6.202424572301453398e-38,5.118452824802405488e+00,1.685364913940429421e+00,2.828638374805451106e-01,9.997499944099476950e-05,0.000000000000000000e+00,-3.093970599894850545e-38
1.535788967655370918e+01,5.057013320922851385e+00,8.491890132427215576e-01,2.999550116048522487e-04,0.000000000000000000e+00,-9.296395172196303943e-38,5.118067817731644098e+00,1.685103988647461470e+00,2.827641785144805464e-01,9.996502871346707886e-05,0.000000000000000000e+00,-3.090989982009294339e-38
2.047595749428535328e+01,6.742117309570312855e+00,1.131953191757202104e+00,3.999200403183193276e-04,0.000000000000000000e+00,-1.238738515420559828e-37,5.117677043697803185e+00,1.684842681884765270e+00,2.826638460159300870e-01,9.995499016253158245e-05,0.000000000000000000e+00,-3.087990082256865683e-38
2.559363453798315646e+01,8.426959991455078125e+00,1.414617037773132191e+00,4.998750304808509100e-04,0.000000000000000000e+00,-1.547537523646246397e-37,5.117288901507969001e+00,1.684581756591796875e+00,2.825633049011231357e-01,9.994504669895497122e-05,0.000000000000000000e+00,-3.084994666659524954e-38
3.071092343949112546e+01,1.011154174804687500e+01,1.697180342674255327e+00,5.998200771798058812e-04,0.000000000000000000e+00,-1.856036990312198892e-37,5.116900335391335375e+00,1.684319305419922586e+00,2.824629783630372426e-01,9.993505868506125708e-05,0.000000000000000000e+00,-3.081997457400152395e-38
3.582782377488246084e+01,1.179586105346679759e+01,1.979643321037292569e+00,6.997551358648671383e-04,0.000000000000000000e+00,-2.164236736052214131e-37,5.116514400500221882e+00,1.684058380126952414e+00,2.823626756668087268e-01,9.992507266705201192e-05,0.000000000000000000e+00,-3.079007422788911332e-38
4.094433817538268272e+01,1.347991943359375000e+01,2.262005996704101296e+00,7.996802085319191502e-04,0.000000000000000000e+00,-2.472137478331105265e-37,5.116121930256269934e+00,1.683798217773437855e+00,2.822623729705813211e-01,9.991499559590334614e-05,0.000000000000000000e+00,-3.076013800853606609e-38
4.606046010563895265e+01,1.516371765136718786e+01,2.544268369674682617e+00,8.995952041278224964e-04,0.000000000000000000e+00,-2.779738858416465925e-37,5.115732099028853952e+00,1.683535766601563566e+00,2.821621179580686700e-01,9.990510662625400919e-05,0.000000000000000000e+00,-3.073027353566437559e-38
5.117619220466780661e+01,1.684725341796875142e+01,2.826430487632751287e+00,9.995003107540765055e-04,0.000000000000000000e+00,-3.087041593773109681e-37,5.115347951247038338e+00,1.683274841308591618e+00,2.820618629455569071e-01,9.989512659297180089e-05,0.000000000000000000e+00,-3.070039112617236679e-38
5.629154015591484495e+01,1.853052825927734304e+01,3.108492350578308194e+00,1.099395437347048306e-03,0.000000000000000000e+00,-3.394045505034833349e-37,5.114951160642874584e+00,1.683012390136720882e+00,2.819614410400390625e-01,9.988514855340403092e-05,0.000000000000000000e+00,-3.067054458992099459e-38
6.140649131655771953e+01,2.021354064941406392e+01,3.390453791618347257e+00,1.199280585900452337e-03,0.000000000000000000e+00,-3.700750950934043295e-37,5.114566168134359714e+00,1.682752990722654829e+00,2.818616151809689718e-01,9.987517250695308706e-05,0.000000000000000000e+00,-3.064073392691030075e-38
6.652105748469207924e+01,2.189629364013671875e+01,3.672315406799316229e+00,1.299155758407405424e-03,0.000000000000000000e+00,-4.007158290203146303e-37,5.114174642422625539e+00,1.682490539550780539e+00,2.817610263824463779e-01,9.986519845280017980e-05,0.000000000000000000e+00,-3.061092326389969044e-38
7.163523212711470478e+01,2.357878417968749929e+01,3.954076433181762606e+00,1.399020956860205604e-03,0.000000000000000000e+00,-4.313267522842143207e-37,5.113788799271020480e+00,1.682228088378906250e+00,2.816610813140871805e-01,9.985513339833408490e-05,0.000000000000000000e+00,-3.058111260088899660e-38
7.674902092638572526e+01,2.526101226806640554e+01,4.235737514495849787e+00,1.498876090258539689e-03,0.000000000000000000e+00,-4.619078648851033173e-37,5.113396443106793754e+00,1.681968688964843750e+00,2.815611362457275391e-01,9.984534931301090703e-05,0.000000000000000000e+00,-3.055137368435974301e-38
8.186241736949251901e+01,2.694298095703124929e+01,4.517298650741577326e+00,1.598721439571550596e-03,0.000000000000000000e+00,-4.924592385694630603e-37,5.113003642557572448e+00,1.681704711914061789e+00,2.814607620239257812e-01,9.983528824037877190e-05,0.000000000000000000e+00,-3.052159889458976930e-38
8.697542101205009146e+01,2.862468566894531108e+01,4.798759412765503107e+00,1.698556727811929368e-03,0.000000000000000000e+00,-5.229808374640528296e-37,5.112616523551807290e+00,1.681445312500002842e+00,2.813609123229978692e-01,9.982513622067449785e-05,0.000000000000000000e+00,-3.049189585130115231e-38
9.208803753560189875e+01,3.030613098144531392e+01,5.080120325088500977e+00,1.798381864032603866e-03,0.000000000000000000e+00,-5.534727333153539819e-37,5.111580814794223215e+00,1.681060791015625000e+00,2.812351703643800604e-01,9.981535806883657692e-05,0.000000000000000000e+00,-3.047033603364840300e-38
9.719961835039612197e+01,3.198719177246093892e+01,5.361355495452881037e+00,1.898197222101440443e-03,0.000000000000000000e+00,-5.839430693490023849e-37,5.109143974141005629e+00,1.680401611328122158e+00,2.810022830963134766e-01,9.980539595727186408e-05,0.000000000000000000e+00,-3.043776313110493231e-38
1.023087623245371276e+02,3.366759338378906108e+01,5.642357778549194514e+00,1.998002618058712307e-03,0.000000000000000000e+00,-6.143808324801073172e-37,5.108394206851855301e+00,1.680056762695315342e+00,2.809128761291503906e-01,9.979543583449714331e-05,0.000000000000000000e+00,-3.042459765177284097e-38
1.074171565313889829e+02,3.534765014648437642e+01,5.923270654678344904e+00,2.097798053893209450e-03,0.000000000000000000e+00,-6.448054301318801582e-37,5.105827178210091688e+00,1.679281616210936079e+00,2.807362556457517755e-01,9.978547769925192115e-05,0.000000000000000000e+00,-3.042610432788174983e-38
1.125229837095990746e+02,3.702693176269531250e+01,6.204006910324096680e+00,2.197583531592461371e-03,0.000000000000000000e+00,-6.752315344597619080e-37,5.105179988435324390e+00,1.678952026367184658e+00,2.804827690124511719e-01,9.977552155116279839e-05,0.000000000000000000e+00,-3.032781164840006634e-38
1.176281636980343990e+02,3.870588378906249716e+01,6.484489679336547852e+00,2.297359053143624170e-03,0.000000000000000000e+00,-7.055593461081619744e-37,5.104471118973009425e+00,1.678625488281255684e+00,2.805173873901365411e-01,9.976556738963563223e-05,0.000000000000000000e+00,-3.037595353740170511e-38
1.227326348170074084e+02,4.038450927734375284e+01,6.765007066726684393e+00,2.397124620533259802e-03,0.000000000000000000e+00,-7.359352996455636795e-37,5.100947096922553214e+00,1.677737426757808237e+00,2.804454326629644001e-01,9.975561521385336791e-05,0.000000000000000000e+00,-3.046068613190379351e-38
1.278335819139299616e+02,4.206224670410156108e+01,7.045452499389648793e+00,2.496880235747113170e-03,0.000000000000000000e+00,-7.663959857774674730e-37,5.096528286053555235e+00,1.676638793945315342e+00,2.801718235015862035e-01,9.974566502388756278e-05,0.000000000000000000e+00,-3.046857824485478735e-38
1.329301101999835168e+02,4.373888549804687642e+01,7.325624322891234996e+00,2.596625900771000733e-03,0.000000000000000000e+00,-7.968645640223222603e-37,5.092842248621792578e+00,1.675439453125001421e+00,2.799024105072023261e-01,9.973571681847880760e-05,0.000000000000000000e+00,-3.046082962486642344e-38
1.380229524486053094e+02,4.541432495117187784e+01,7.605526733398437322e+00,2.696361617589479540e-03,0.000000000000000000e+00,-8.273253936471886838e-37,5.090219790291484969e+00,1.674560546875000000e+00,2.790616035461424005e-01,9.972577059725457049e-05,0.000000000000000000e+00,-3.013287645850840519e-38
1.431131722388967944e+02,4.708888549804687784e+01,7.884588336944579723e+00,2.796087388186734111e-03,0.000000000000000000e+00,-8.574582701056970890e-37,5.088710278068901971e+00,1.674066162109369316e+00,2.788742065429694605e-01,9.971564063366786246e-05,0.000000000000000000e+00,-3.009327240079047194e-38
1.482018825169656964e+02,4.876295166015624716e+01,8.163462543487549183e+00,2.895803028820401973e-03,0.000000000000000000e+00,-8.875515425064875609e-37,5.084714604134035199e+00,1.673083496093752842e+00,2.785320281982421875e-01,9.970588412350385454e-05,0.000000000000000000e+00,-3.005417056844178519e-38
1.532865971210997316e+02,5.043603515625000000e+01,8.441994571685791371e+00,2.995508912943905828e-03,0.000000000000000000e+00,-9.176057130749293461e-37,5.082358218801857674e+00,1.672332763671875000e+00,2.787405014038082385e-01,9.969594385104973977e-05,0.000000000000000000e+00,-3.023733933538818701e-38
1.583689553399015892e+02,5.210836791992187500e+01,8.720735073089599609e+00,3.095204856794955568e-03,0.000000000000000000e+00,-9.478430524103175331e-37,5.081360173143508518e+00,1.671844482421875000e+00,2.786179542541500354e-01,9.968619123126333526e-05,0.000000000000000000e+00,-3.021638936282717868e-38
1.634503155130450978e+02,5.378021240234375000e+01,8.999353027343749645e+00,3.194891048026218903e-03,0.000000000000000000e+00,-9.780594417731447118e-37,5.079945027164143312e+00,1.671185302734372158e+00,2.782226562499996447e-01,9.967588358123337725e-05,0.000000000000000000e+00,-3.007275290711760396e-38
1.685302605402092411e+02,5.545139770507812216e+01,9.277575683593749289e+00,3.294566931607452280e-03,0.000000000000000000e+00,-1.008132194680262316e-36,5.078051586486992619e+00,1.670410156250000000e+00,2.782084465026866127e-01,9.966632055647848751e-05,0.000000000000000000e+00,-3.013337868387815284e-38
1.736083121266962337e+02,5.712180786132812216e+01,9.555784130096435902e+00,3.394233252163930768e-03,0.000000000000000000e+00,-1.038265573364140469e-36,5.074662680644593138e+00,1.669104003906255684e+00,2.774186134338361143e-01,9.965601694112693684e-05,0.000000000000000000e+00,-2.985464360374237483e-38
1.786829748073408268e+02,5.879091186523437784e+01,9.833202743530272016e+00,3.493889269105057704e-03,0.000000000000000000e+00,-1.068120216967882843e-36,5.071284773659556322e+00,1.667895507812495737e+00,2.770743370056170107e-01,9.964608660902344803e-05,0.000000000000000000e+00,-2.979495053123954690e-38
1.837542595810003832e+02,6.045880737304687358e+01,1.011027708053588903e+01,3.593535355714081152e-03,0.000000000000000000e+00,-1.097915167499122390e-36,5.067648329581459166e+00,1.666650390625001421e+00,2.770237922668457031e-01,9.963652941138122221e-05,0.000000000000000000e+00,-2.988865143591348118e-38
1.888219079105818423e+02,6.212545776367187500e+01,1.038730087280273473e+01,3.693171885125462375e-03,0.000000000000000000e+00,-1.127803818935035871e-36,5.064218667379464023e+00,1.665515136718752842e+00,2.770840644836418676e-01,9.962623184377097235e-05,0.000000000000000000e+00,-3.002740913088946216e-38
1.938861265779613063e+02,6.379097290039062784e+01,1.066438493728637660e+01,3.792798116969233347e-03,0.000000000000000000e+00,-1.157831228065925334e-36,5.061241243160822023e+00,1.664593505859372158e+00,2.767670631408680748e-01,9.961667852832105721e-05,0.000000000000000000e+00,-2.996463095968787740e-38
1.989473678211221284e+02,6.545556640625000000e+01,1.094115200042724467e+01,3.892414795497554404e-03,0.000000000000000000e+00,-1.187795859025613211e-36,5.057331037664226869e+00,1.663385009765619316e+00,2.762186050415049721e-01,9.960638498917890465e-05,0.000000000000000000e+00,-2.981511129250554773e-38
2.040046988587863552e+02,6.711895141601561932e+01,1.121737060546874964e+01,3.992021180486733309e-03,0.000000000000000000e+00,-1.217610970318118759e-36,5.053284685300326373e+00,1.661975097656252842e+00,2.760047912597656250e-01,9.959683555314444159e-05,0.000000000000000000e+00,-2.984007906802353500e-38
2.090579835440866816e+02,6.878092651367187216e+01,1.149337539672851527e+01,4.091618016039877750e-03,0.000000000000000000e+00,-1.247451049386142294e-36,5.049199895988749631e+00,1.660540771484377842e+00,2.755247116088863635e-01,9.958654604051968978e-05,0.000000000000000000e+00,-2.972915900782014442e-38
2.141071834400754312e+02,7.044146728515625000e+01,1.176890010833740163e+01,4.191204562080397440e-03,0.000000000000000000e+00,-1.277180208393962438e-36,5.046033208001716730e+00,1.659405517578122158e+00,2.746870994567878199e-01,9.957700048201113124e-05,0.000000000000000000e+00,-2.941203956014974807e-38
2.191532166480771480e+02,7.210087280273437216e+01,1.204358720779418945e+01,4.290781562562408571e-03,0.000000000000000000e+00,-1.306592247954112186e-36,5.041320260663553654e+00,1.657775878906250000e+00,2.749949455261226916e-01,9.956671499307227780e-05,0.000000000000000000e+00,-2.970533917600419886e-38
2.241945369087407016e+02,7.375864868164062216e+01,1.231858215332031214e+01,4.390348277555480849e-03,0.000000000000000000e+00,-1.336297587130116385e-36,5.037390536850693934e+00,1.656427001953133527e+00,2.746212005615227270e-01,9.955717330953697819e-05,0.000000000000000000e+00,-2.963832796240148147e-38
2.292319274455913956e+02,7.541507568359375568e+01,1.259320335388183487e+01,4.489905450865017827e-03,0.000000000000000000e+00,-1.365935915092517867e-36,5.033557278173219629e+00,1.655059814453125000e+00,2.744313240051283742e-01,9.954689184211475139e-05,0.000000000000000000e+00,-2.965899094903689585e-38
2.342654847237646152e+02,7.707013549804688068e+01,1.286763467788696325e+01,4.589452342707132579e-03,0.000000000000000000e+00,-1.395594906041554762e-36,5.027098077261086928e+00,1.652923583984375000e+00,2.741811752319343043e-01,9.953698324480144549e-05,0.000000000000000000e+00,-2.971552717635935965e-38
2.392925828010257021e+02,7.872305908203125568e+01,1.314181585311889755e+01,4.688989325951934024e-03,0.000000000000000000e+00,-1.425310433217914122e-36,5.021716115369173394e+00,1.651037597656241473e+00,2.732414245605454539e-01,9.952744736913595597e-05,0.000000000000000000e+00,-2.940515189793783191e-38
2.443142989163948755e+02,8.037409667968749716e+01,1.341505727767944300e+01,4.788516773321069980e-03,0.000000000000000000e+00,-1.454715585115851954e-36,5.014761913625790157e+00,1.648822021484377842e+00,2.726254463195800781e-01,9.951717192973382614e-05,0.000000000000000000e+00,-2.928519178108132225e-38
2.493290608300206657e+02,8.202291870117187500e+01,1.368768272399902308e+01,4.888033945250803806e-03,0.000000000000000000e+00,-1.484000776896933276e-36,5.007265726920536508e+00,1.646490478515630684e+00,2.722457885742191053e-01,9.950763992344451025e-05,0.000000000000000000e+00,-2.929380135884613392e-38
2.543363265569412022e+02,8.366940917968750568e+01,1.395992851257324219e+01,4.987541585174248317e-03,0.000000000000000000e+00,-1.513294578255779410e-36,4.997681040522564899e+00,1.643591308593741473e+00,2.709555625915527344e-01,9.949736849937558525e-05,0.000000000000000000e+00,-2.890307002128653092e-38
2.593340075974637671e+02,8.531300048828124716e+01,1.423088407516479492e+01,5.087038953673623902e-03,0.000000000000000000e+00,-1.542197648277065941e-36,4.986841795982456915e+00,1.640240478515622158e+00,2.701258659362792969e-01,9.948784035969555906e-05,0.000000000000000000e+00,-2.874637570596702523e-38
2.643208493934462240e+02,8.695324096679686932e+01,1.450100994110107422e+01,5.186526794033319461e-03,0.000000000000000000e+00,-1.570944023983032966e-36,4.973642655218554864e+00,1.636187744140627842e+00,2.684732437133785510e-01,9.947757294902128539e-05,0.000000000000000000e+00,-2.821444729306447733e-38
2.692944920486647788e+02,8.858942871093749716e+01,1.476948318481445277e+01,5.286004366982340746e-03,0.000000000000000000e+00,-1.599158471276097444e-36,4.943453717080728893e+00,1.628094482421872158e+00,2.651018142700198865e-01,9.946804867407097600e-05,0.000000000000000000e+00,-2.721415784975597379e-38
2.742379457657455077e+02,9.021752319335936932e+01,1.503458499908447266e+01,5.385472415656411722e-03,0.000000000000000000e+00,-1.626372629125853417e-36,4.865901528228164352e+00,1.609570312500011369e+00,2.592311859130873586e-01,9.945778527396722385e-05,0.000000000000000000e+00,-2.593649650945772061e-38
2.791038472939736721e+02,9.182709350585938068e+01,1.529381618499756001e+01,5.484930200930378946e-03,0.000000000000000000e+00,-1.652309125635311138e-36,4.788129707949792646e+00,1.590740966796872158e+00,2.550327301025365756e-01,9.944826486120526138e-05,0.000000000000000000e+00,-2.525992719010660382e-38
2.838919770019234647e+02,9.341783447265625284e+01,1.554884891510009659e+01,5.584378465791584208e-03,0.000000000000000000e+00,-1.677569052825417742e-36,4.740780186431891252e+00,1.578698730468744316e+00,2.479064941406257105e-01,9.943800546951576946e-05,0.000000000000000000e+00,-2.242436275326574467e-38
2.886327571883553560e+02,9.499653320312499716e+01,1.579675540924072230e+01,5.683816471261099977e-03,0.000000000000000000e+00,-1.699993415578683487e-36,4.718978807890550797e+00,1.573040771484372158e+00,2.459011077880841611e-01,9.942811853571372621e-05,0.000000000000000000e+00,-2.170675444656855783e-38
2.933517359962459068e+02,9.656957397460936932e+01,1.604265651702880646e+01,5.783244589796813703e-03,0.000000000000000000e+00,-1.721700170025252044e-36,4.704636421577447436e+00,1.569403076171880684e+00,2.457672119140639211e-01,9.941860391166155303e-05,0.000000000000000000e+00,-2.182771901416456279e-38
2.980563724178233542e+02,9.813897705078125000e+01,1.628842372894287038e+01,5.882663193708475256e-03,0.000000000000000000e+00,-1.743527889039416607e-36,4.689920852364195980e+00,1.566101074218750000e+00,2.448257446289083816e-01,9.940835052835682306e-05,0.000000000000000000e+00,-2.156670531492748759e-38
3.027462932701875502e+02,9.970507812500000000e+01,1.653324947357177876e+01,5.982071544236832079e-03,0.000000000000000000e+00,-1.765094594354344095e-36,4.679425674097160481e+00,1.563610839843747158e+00,2.439258575439424703e-01,9.939883976092106499e-05,0.000000000000000000e+00,-2.135046142006836857e-38
3.074257189442847107e+02,1.012686889648437472e+02,1.677717533111572124e+01,6.081470383997753144e-03,0.000000000000000000e+00,-1.786445055774412463e-36,4.667109022333306712e+00,1.560632324218758527e+00,2.432878494262702418e-01,9.938859037987232692e-05,0.000000000000000000e+00,-2.121457358434682368e-38
3.120928279666180174e+02,1.028293212890625057e+02,1.702046318054199148e+01,6.180858974377625471e-03,0.000000000000000000e+00,-1.807659629358759287e-36,4.654149887541962016e+00,1.557824707031244316e+00,2.424938201904289770e-01,9.937908346629650835e-05,0.000000000000000000e+00,-2.108399498824751402e-38
3.167469778541599794e+02,1.043871459960937500e+02,1.726295700073242045e+01,6.280238057843921980e-03,0.000000000000000000e+00,-1.828743624347006801e-36,4.641677906978145529e+00,1.555102539062502842e+00,2.421237945556669047e-01,9.936920824566916610e-05,0.000000000000000000e+00,-2.118429656920743641e-38
3.213886557611381249e+02,1.059422485351562528e+02,1.750508079528808736e+01,6.379607266089591146e-03,0.000000000000000000e+00,-1.849927920916214237e-36,4.630233749037188318e+00,1.552697753906244316e+00,2.421911239623995016e-01,9.935859474057701091e-05,0.000000000000000000e+00,-2.146669071989299211e-38
3.260188895101753133e+02,1.074949462890624972e+02,1.774727191925048686e+01,6.478965860830168157e-03,0.000000000000000000e+00,-1.871394611636107230e-36,4.619425341358919468e+00,1.550659179687500000e+00,2.399377822875976562e-01,9.934946376409861668e-05,0.000000000000000000e+00,-2.057430798457039552e-38
3.306383148515342327e+02,1.090456054687499972e+02,1.798720970153808452e+01,6.578315324594266773e-03,0.000000000000000000e+00,-1.891968919620677625e-36,4.612004915958380025e+00,1.549072265625000000e+00,2.380296707153348734e-01,9.933959442865424039e-05,0.000000000000000000e+00,-1.976629911134302018e-38
3.352503197674926128e+02,1.105946777343749972e+02,1.822523937225341939e+01,6.677654919022921014e-03,0.000000000000000000e+00,-1.911735218732020645e-36,4.592980210763471405e+00,1.545764160156252842e+00,2.392702102661132812e-01,9.932972705362433374e-05,0.000000000000000000e+00,-2.085139289563471827e-38
3.398432999782560842e+02,1.121404418945312500e+02,1.846450958251953267e+01,6.776984646076545347e-03,0.000000000000000000e+00,-1.932586611627655363e-36,4.570335680392247468e+00,1.542053222656250000e+00,2.346918106079094457e-01,9.931912168674623953e-05,0.000000000000000000e+00,-1.911426708862108212e-38
3.444136356586483316e+02,1.136824951171875000e+02,1.869920139312744212e+01,6.876303767763291587e-03,0.000000000000000000e+00,-1.951700878716276446e-36,4.541489229608714595e+00,1.537817382812505684e+00,2.274490356445291184e-01,9.930999825706263162e-05,0.000000000000000000e+00,-1.623221093185037355e-38
3.489551248882570462e+02,1.152203125000000057e+02,1.892665042877197124e+01,6.975613766020354219e-03,0.000000000000000000e+00,-1.967933089648126819e-36,4.508281694793993211e+00,1.533215332031247158e+00,2.234674453735365773e-01,9.930013676086660301e-05,0.000000000000000000e+00,-1.504308474956720104e-38
3.534634065830510394e+02,1.167535278320312528e+02,1.915011787414550781e+01,7.074913902781220822e-03,0.000000000000000000e+00,-1.982976174397694020e-36,4.449416529465224812e+00,1.525952148437497158e+00,2.125659942626967336e-01,9.928953749058569422e-05,0.000000000000000000e+00,-1.097764212902319441e-38
3.579128231125162642e+02,1.182794799804687500e+02,1.936268386840820455e+01,7.174203440271806516e-03,0.000000000000000000e+00,-1.993953816526717215e-36,4.387386280047223863e+00,1.522326660156252842e+00,1.990890502929687500e-01,9.928041971579183722e-05,0.000000000000000000e+00,-5.322727960131938239e-39
3.623002093925634881e+02,1.198018066406250028e+02,1.956177291870117330e+01,7.273483859987598353e-03,0.000000000000000000e+00,-1.999276544486849153e-36,4.286378986866623109e+00,1.530908203124994316e+00,1.727476119995081660e-01,9.927056409229483708e-05,0.000000000000000000e+00,6.842174942658318569e-39
3.665865883794301112e+02,1.213327148437499972e+02,1.973452053070068146e+01,7.372754424079893190e-03,0.000000000000000000e+00,-1.992434369544190834e-36,1.067877290474200436e+00,3.825683593750000000e-01,4.331932067871235859e-02,2.481573152792165143e-05,0.000000000000000000e+00,1.578566083178354448e-39
3.676544656699043117e+02,1.217152832031249972e+02,1.977783985137939382e+01,7.397570155607814842e-03,0.000000000000000000e+00,-1.990855803461012480e-36,3.121981939740919643e+00,1.181750488281252842e+00,1.017654418945319605e-01,7.528580337170208414e-05,0.000000000000000000e+00,1.839307145785555784e-38
3.707764476096452313e+02,1.228970336914062500e+02,1.987960529327392578e+01,7.472855958979516926e-03,0.000000000000000000e+00,-1.972462732003156922e-36,5.889150480858063474e+00,2.185449218749994316e+00,2.187129974365227270e-01,1.414370248749808809e-04,0.000000000000000000e+00,2.054934020905224120e-38
3.766655980905032948e+02,1.250824829101562443e+02,2.009831829071044851e+01,7.614292983854497807e-03,0.000000000000000000e+00,-1.951913391794104681e-36,3.217348152315878451e+00,1.196569824218755684e+00,1.262636184692382812e-01,7.751637434145423194e-05,0.000000000000000000e+00,7.966585798743191199e-39
3.798829462428191732e+02,1.262790527343750000e+02,2.022458190917968679e+01,7.691809358195952039e-03,0.000000000000000000e+00,-1.943946805995361490e-36,4.109778280287855523e+00,1.531201171874997158e+00,1.676935195922837352e-01,9.922904742875292283e-05,0.000000000000000000e+00,7.020249709427307040e-39
3.839927245231070287e+02,1.278102539062499972e+02,2.039227542877197052e+01,7.791038405624704961e-03,0.000000000000000000e+00,-1.936926556285934183e-36,4.088833385014709165e+00,1.533532714843758527e+00,1.720626831054694605e-01,9.921920200206286317e-05,0.000000000000000000e+00,4.579864891991504274e-39
3.880815579081217379e+02,1.293437866210937557e+02,2.056433811187743999e+01,7.890257607626767825e-03,0.000000000000000000e+00,-1.932346691393942678e-36,3.959598458994435077e+00,1.562365722656238631e+00,1.846372604370145609e-01,9.920935852845112757e-05,0.000000000000000000e+00,-1.707135777799341687e-39
3.920411563671161730e+02,1.309061523437499943e+02,2.074897537231445455e+01,7.989466966155218952e-03,0.000000000000000000e+00,-1.934053827171742020e-36,4.007065756371218868e+00,1.543298339843744316e+00,1.932868957519495723e-01,9.919877795241602292e-05,0.000000000000000000e+00,-6.890245085178851189e-39
3.960482221234873919e+02,1.324494506835937386e+02,2.094226226806640412e+01,8.088665744107634975e-03,0.000000000000000000e+00,-1.940944072256920871e-36,3.963325148446983803e+00,1.550085449218755684e+00,2.007364273071310379e-01,9.918967751319611448e-05,0.000000000000000000e+00,-1.101308489082160232e-38
4.000115472719343757e+02,1.339995361328124943e+02,2.114299869537353516e+01,8.187855421620831090e-03,0.000000000000000000e+00,-1.951957157147742473e-36,3.064301811093912420e+00,1.235656738281250000e+00,1.678796768188455246e-01,7.806602408764150292e-05,0.000000000000000000e+00,-1.337526604356036570e-38
4.030758490830282881e+02,1.352351928710937443e+02,2.131087837219238068e+01,8.265921445708472592e-03,0.000000000000000000e+00,-1.965332423191302839e-36,4.644832796913306083e+00,1.808666992187511369e+00,3.263744354248068191e-01,1.114140548111857559e-04,0.000000000000000000e+00,-3.635509005561934397e-38
4.077206818799415942e+02,1.370438598632812557e+02,2.163725280761718750e+01,8.377335500519658348e-03,0.000000000000000000e+00,-2.001687513246922183e-36,3.533770207509178363e+00,1.419641113281244316e+00,2.368082046508774852e-01,8.882635330176649746e-05,0.000000000000000000e+00,-2.980965855992093313e-38
4.112544520874507725e+02,1.384635009765625000e+02,2.187406101226806499e+01,8.466161853821424846e-03,0.000000000000000000e+00,-2.031497171806843116e-36,3.570939845414443425e+00,1.600744628906255684e+00,3.152978897094733668e-01,9.726337568633294794e-05,0.000000000000000000e+00,-6.652419848722149868e-38
4.148253919328652159e+02,1.400642456054687557e+02,2.218935890197753835e+01,8.563425229507757794e-03,0.000000000000000000e+00,-2.098021370294064615e-36,3.876297056463556601e+00,1.577844238281244316e+00,2.513662338256850148e-01,1.008820762013976774e-04,0.000000000000000000e+00,-3.877151154827648773e-38
4.187016889893287725e+02,1.416420898437500000e+02,2.244072513580322337e+01,8.664307305709155471e-03,0.000000000000000000e+00,-2.136792881842341103e-36,3.825019920771978832e+00,1.645178222656255684e+00,2.226789474487311793e-01,1.077854991293203391e-04,0.000000000000000000e+00,-3.503696369982654273e-38
4.225267089101007514e+02,1.432872680664062557e+02,2.266340408325195455e+01,8.772092804838475810e-03,0.000000000000000000e+00,-2.171829845542167645e-36,4.126258716322354303e+00,1.785498046875005684e+00,2.071435928344698141e-01,1.179684274325021320e-04,0.000000000000000000e+00,-2.222705992948881042e-38
4.266529676264231057e+02,1.450727661132812614e+02,2.287054767608642436e+01,8.890061232270977942e-03,0.000000000000000000e+00,-2.194056905471656456e-36,2.832369845026278199e+00,1.198583984374977263e+00,1.723064422607407664e-01,7.863739531044876274e-05,0.000000000000000000e+00,-2.651018137451973878e-38
4.294853374714493839e+02,1.462713500976562386e+02,2.304285411834716513e+01,8.968698627581426705e-03,0.000000000000000000e+00,-2.220567086846176195e-36,3.534183408950013927e+00,1.491259765625017053e+00,2.028173446655294754e-01,9.828878724409302603e-05,0.000000000000000000e+00,-2.710625114177040094e-38
4.330195208803993978e+02,1.477626098632812557e+02,2.324567146301269460e+01,9.066987414825519731e-03,0.000000000000000000e+00,-2.247673337987946596e-36,5.082526819168720067e+00,2.115417480468750000e+00,2.822364807128927566e-01,1.394296650193936615e-04,0.000000000000000000e+00,-3.045595086413299674e-38
4.381020476995681179e+02,1.498780273437500057e+02,2.352790794372558736e+01,9.206417079844913393e-03,0.000000000000000000e+00,-2.278129288852079592e-36,2.009917949640168899e+00,8.439697265625056843e-01,1.211437225341782664e-01,5.507931647739244818e-05,0.000000000000000000e+00,-1.544256915785466326e-38
4.401119656492082868e+02,1.507219970703125114e+02,2.364905166625976562e+01,9.261496396322305841e-03,0.000000000000000000e+00,-2.293571858009934256e-36,3.950090161472928685e+00,1.649157714843738631e+00,2.264341354370138504e-01,1.082201157551216514e-04,0.000000000000000000e+00,-2.594783245351492310e-38
4.440620558106812155e+02,1.523711547851562500e+02,2.387548580169677948e+01,9.369716512077427492e-03,0.000000000000000000e+00,-2.319519690463449179e-36,3.139403257749052045e+00,1.323144531249994316e+00,1.748569488525362203e-01,8.678243234838331488e-05,0.000000000000000000e+00,-1.785310743903905207e-38
4.472014590684302675e+02,1.536942993164062443e+02,2.405034275054931570e+01,9.456498944425810807e-03,0.000000000000000000e+00,-2.337372797902488231e-36,4.205142462656226598e+00,1.782751464843755684e+00,2.369415283203117895e-01,1.166014587832796268e-04,0.000000000000000000e+00,-2.495643957389665815e-38
4.514066015310864941e+02,1.554770507812500000e+02,2.428728427886962749e+01,9.573100403209090434e-03,0.000000000000000000e+00,-2.362329237476384889e-36,2.809628651535092558e+00,1.235107421875000000e+00,1.848211288452148438e-01,8.031555686184403686e-05,0.000000000000000000e+00,-3.090336192197777700e-38
4.542162301826215867e+02,1.567121582031250000e+02,2.447210540771484233e+01,9.653415960070934471e-03,0.000000000000000000e+00,-2.393232599398362666e-36,3.977441105765819884e+00,1.675341796874988631e+00,2.243526458740241480e-01,1.096968840097918563e-04,0.000000000000000000e+00,-2.428116169121012948e-38
4.581936712883874065e+02,1.583874999999999886e+02,2.469645805358886648e+01,9.763112844080726327e-03,0.000000000000000000e+00,-2.417513761089572795e-36,4.188247981226311367e+00,1.742895507812505684e+00,3.250764846801743602e-01,1.161304519372088895e-04,0.000000000000000000e+00,-7.118915470612195850e-38
4.623819192696137179e+02,1.601303955078124943e+02,2.502153453826904084e+01,9.879243296017935216e-03,0.000000000000000000e+00,-2.488702915795694754e-36,2.898140297469240068e+00,1.215515136718750000e+00,2.873628616333014918e-01,8.250546984621409674e-05,0.000000000000000000e+00,-8.113953071484017264e-38
4.652800595670829580e+02,1.613459106445312443e+02,2.530889739990234233e+01,9.961748765864149313e-03,0.000000000000000000e+00,-2.569842446510534926e-36,4.063313439733235555e+00,1.716052246093767053e+00,3.586557388305706695e-01,1.175655966798930252e-04,0.000000000000000000e+00,-9.252225347769748913e-38
4.693433730068161935e+02,1.630619628906250114e+02,2.566755313873291300e+01,1.007931436254404234e-02,0.000000000000000000e+00,-2.662364699988232416e-36,3.832098937100795411e+00,1.625781249999988631e+00,3.680854797363259934e-01,1.113656124901146044e-04,0.000000000000000000e+00,-1.021480484046827040e-37
4.731754719439169889e+02,1.646877441406250000e+02,2.603563861846923899e+01,1.019067997503415694e-02,0.000000000000000000e+00,-2.764512748392915120e-36,3.730671903759059660e+00,1.605541992187511369e+00,4.391553878784151266e-01,1.113532115714910287e-04,0.000000000000000000e+00,-1.402784333954061488e-37
4.769061438476760486e+02,1.662932861328125114e+02,2.647479400634765412e+01,1.030203318660564797e-02,0.000000000000000000e+00,-2.904791181788321268e-36,1.852692446000503423e+00,7.970947265624772626e-01,2.111597061157262090e-01,5.567232499451880978e-05,0.000000000000000000e+00,-6.643178901921231957e-38
4.787588362936765520e+02,1.670903808593749886e+02,2.668595371246338033e+01,1.035770551160016678e-02,0.000000000000000000e+00,-2.971222970807533588e-36,2.995998786073300835e+00,1.291503906250000000e+00,3.373044967651352977e-01,9.071953106724699178e-05,0.000000000000000000e+00,-1.057675148970093990e-37
4.817548350797498529e+02,1.683818847656249886e+02,2.702325820922851562e+01,1.044842504266741377e-02,0.000000000000000000e+00,-3.076990485704542987e-36,4.605834781024839231e+00,1.944824218750000000e+00,4.639884948730461645e-01,1.376816810672761016e-04,0.000000000000000000e+00,-1.359443719485997506e-37
4.863606698607746921e+02,1.703267089843749886e+02,2.748724670410156179e+01,1.058610672373468987e-02,0.000000000000000000e+00,-3.212934857653142737e-36,1.984268110539460395e+00,8.345947265625000000e-01,1.580623626709005691e-01,5.930697859199939026e-05,0.000000000000000000e+00,-3.793753044879179686e-38
4.883449379713141525e+02,1.711613037109374886e+02,2.764530906677246236e+01,1.064541370232668926e-02,0.000000000000000000e+00,-3.250872388101934534e-36,4.569327900133771436e+00,1.970751953125017053e+00,3.170387268066399145e-01,1.383680446778983580e-04,0.000000000000000000e+00,-6.301780444953906310e-38
4.929142658714479239e+02,1.731320556640625057e+02,2.796234779357910227e+01,1.078378174700458762e-02,0.000000000000000000e+00,-3.313890192551473597e-36,2.064974632557323275e+00,8.713989257812500000e-01,1.371658325195319605e-01,6.273125181479460855e-05,0.000000000000000000e+00,-2.632866277664495927e-38
4.949792405040052472e+02,1.740034545898437557e+02,2.809951362609863423e+01,1.084651299881938223e-02,0.000000000000000000e+00,-3.340218855328118557e-36,4.068315178589045900e+00,1.717565917968755684e+00,2.533893585205078125e-01,1.254506992341038185e-04,0.000000000000000000e+00,-4.446646025377398455e-38
4.990475556825942931e+02,1.757210205078125114e+02,2.835290298461914205e+01,1.097196369805348605e-02,0.000000000000000000e+00,-3.384685315581892541e-36,3.046761720347831215e+00,1.285766601562500000e+00,2.216083526611321020e-01,9.407843438144838921e-05,0.000000000000000000e+00,-4.934550797309302867e-38
5.020943174029421243e+02,1.770067871093750114e+02,2.857451133728027415e+01,1.106604213243493444e-02,0.000000000000000000e+00,-3.434030823554985570e-36,2.908398713922451861e+00,1.257531738281244316e+00,5.651920318603522730e-01,9.889406951534181200e-05,0.000000000000000000e+00,-2.257594871911151555e-37
5.050027161168645762e+02,1.782643188476562557e+02,2.913970336914062642e+01,1.116493620195027625e-02,0.000000000000000000e+00,-3.659790310746100725e-36,2.694847491943789919e+00,1.185253906249982947e+00,6.734386444091775559e-01,9.888502715856006819e-05,0.000000000000000000e+00,-2.859082933434936080e-37
5.076975636088083661e+02,1.794495727539062386e+02,2.981314201354980398e+01,1.126382122910883632e-02,0.000000000000000000e+00,-3.945698604089594333e-36,1.993393833460345377e+00,8.720703125000000000e-01,4.764801025390603684e-01,7.261221191160426025e-05,0.000000000000000000e+00,-2.006249728504491747e-37
5.096909574422687115e+02,1.803216430664062386e+02,3.028962211608886435e+01,1.133643344102044058e-02,0.000000000000000000e+00,-4.146323576940043508e-36,2.878019835700172280e+00,1.286572265625011369e+00,1.175374984741210938e+00,1.147016116848417061e-04,0.000000000000000000e+00,-5.358951323647894882e-37
5.125689772779688838e+02,1.816082153320312500e+02,3.146499710083007528e+01,1.145113505270528229e-02,0.000000000000000000e+00,-4.682218709304832996e-36,3.044845068857739534e+00,1.342175292968761369e+00,1.143458938598634234e+00,1.172941566950219672e-04,0.000000000000000000e+00,-5.161094617034749735e-37
5.156138223468266233e+02,1.829503906250000114e+02,3.260845603942870952e+01,1.156842920940030425e-02,0.000000000000000000e+00,-5.198328171008307970e-36,2.268339166609962376e+00,1.021313476562482947e+00,1.167464828491212359e+00,9.884513776151591935e-05,0.000000000000000000e+00,-5.451630558426834965e-37
5.178821615134365857e+02,1.839717041015624943e+02,3.377592086791992188e+01,1.166727434716182017e-02,0.000000000000000000e+00,-5.743491226850991466e-36,2.122733257268919260e+00,9.649902343749943157e-01,1.249367141723631391e+00,9.883536836568541928e-05,0.000000000000000000e+00,-5.901790941437772915e-37
5.200048947707055049e+02,1.849366943359374886e+02,3.502528800964355327e+01,1.176610971552750559e-02,0.000000000000000000e+00,-6.333670320994768758e-36,1.977528361002100610e+00,9.186035156250227374e-01,1.290691757202154122e+00,9.882486463104293850e-05,0.000000000000000000e+00,-6.146733428846665099e-37
5.219824231317076055e+02,1.858552978515625114e+02,3.631597976684570739e+01,1.186493458015854853e-02,0.000000000000000000e+00,-6.948343663879435268e-36,1.743876195229859150e+00,8.364013671874772626e-01,1.439743041992180395e+00,9.881583543944368053e-05,0.000000000000000000e+00,-6.960332787902866633e-37
5.237262993269374647e+02,1.866916992187499886e+02,3.775572280883788778e+01,1.196375041559799221e-02,0.000000000000000000e+00,-7.644376942669721931e-36,1.558734803509992162e+00,7.742431640625113687e-01,1.521146392822267046e+00,9.880607183512281344e-05,0.000000000000000000e+00,-7.420623774083732989e-37
5.252850341304474568e+02,1.874659423828125000e+02,3.927686920166015483e+01,1.206255648743311502e-02,0.000000000000000000e+00,-8.386439320078095230e-36,1.508766786145542937e+00,7.636840820312613687e-01,1.484915161132811079e+00,9.879631015979363495e-05,0.000000000000000000e+00,-7.251778474678758945e-37
5.267938009165929998e+02,1.882296264648437614e+02,4.076178436279296591e+01,1.216135279759290866e-02,0.000000000000000000e+00,-9.111617167545971124e-36,6.446939337931780756e-01,4.197875976562386313e-01,1.063250732421877842e+00,6.791615770077551184e-05,0.000000000000000000e+00,-5.304073874974979913e-37
5.274384948503861779e+02,1.886494140625000000e+02,4.182503509521484375e+01,1.222926895529368417e-02,0.000000000000000000e+00,-9.642024555043469116e-36,-1.033497794305390016e+01,-2.586547851562500000e+00,4.561643218994134941e+00,9.877984176934716254e-05,0.000000000000000000e+00,-2.579165471286123930e-36
5.171035169073322777e+02,1.860628662109375000e+02,4.638667831420897869e+01,1.232804879706303133e-02,0.000000000000000000e+00,-1.222119002632959305e-35,-3.003050241078085492e+00,-6.505737304687500000e-01,2.449555206298839494e+00,9.722625683523770934e-05,0.000000000000000000e+00,-1.323821304498163435e-36
5.141004666662541922e+02,1.854122924804687500e+02,4.883623352050781818e+01,1.242527505389826904e-02,0.000000000000000000e+00,-1.354501133082775648e-35,-1.703676906787336520e+00,-2.805175781250000000e-01,1.978672790527333802e+00,9.606014815466065726e-05,0.000000000000000000e+00,-1.054307082148501399e-36
5.123967897594668557e+02,1.851317749023437500e+02,5.081490631103515199e+01,1.252133520205292970e-02,0.000000000000000000e+00,-1.459931841297625788e-35,-7.138742550228016626e-02,2.701293945312386313e-01,2.156866455078130684e+00,1.269328775799719727e-04,0.000000000000000000e+00,-1.107397182477433981e-36
5.123254023339645755e+02,1.854019042968749886e+02,5.297177276611328267e+01,1.264826807963290167e-02,0.000000000000000000e+00,-1.570671559545369186e-35,-1.527791051315091408e+00,-2.737548828124829470e-01,2.298638916015626421e+00,1.054399493453529041e-04,0.000000000000000000e+00,-1.209036117850293427e-36
5.107976112826494841e+02,1.851281494140625057e+02,5.527041168212890909e+01,1.275370802897825458e-02,0.000000000000000000e+00,-1.691575171330398529e-35,-2.947728195023216813e+00,-7.072387695312443157e-01,2.760183715820311079e+00,1.054273618572194871e-04,0.000000000000000000e+00,-1.479565122432502869e-36
5.078498830876262673e+02,1.844209106445312614e+02,5.803059539794922017e+01,1.285913539083547406e-02,0.000000000000000000e+00,-1.839531683573648816e-35,-3.772550830943089295e+00,-9.899169921875170530e-01,3.078654479980464487e+00,1.054177190225255578e-04,0.000000000000000000e+00,-1.663357796780893026e-36
5.040773322566831780e+02,1.834309936523437443e+02,6.110924987792968466e+01,1.296455310985799962e-02,0.000000000000000000e+00,-2.005867463251738118e-35,-2.079626336641865691e+00,-5.785888671875056843e-01,1.516461181640629263e+00,5.270469246831076260e-05,0.000000000000000000e+00,-8.224970706902019581e-37
5.019977059200413123e+02,1.828524047851562386e+02,6.262571105957031392e+01,1.301725780232631038e-02,0.000000000000000000e+00,-2.088117170320758314e-35,-4.669135033021234449e+00,-1.309436035156238631e+00,2.787869262695316763e+00,9.716515677054941846e-05,0.000000000000000000e+00,-1.531878064875198984e-36
4.973285708870200779e+02,1.815429687500000000e+02,6.541358032226563068e+01,1.311442295909685980e-02,0.000000000000000000e+00,-2.241304976808278212e-35,-1.137671774482043929e+01,-3.297998046874994316e+00,4.447544860839826697e+00,9.880421168633433948e-05,0.000000000000000000e+00,-2.550588560769162084e-36
4.859518531421996386e+02,1.782449707031250057e+02,6.986112518310545738e+01,1.321322717078319414e-02,0.000000000000000000e+00,-2.496363832885194421e-35,-5.855789177663154987e+00,-1.734130859375000000e+00,3.052180480957048303e+00,9.962376190030160228e-05,0.000000000000000000e+00,-1.693889655422321318e-36
4.800960639645364836e+02,1.765108398437500057e+02,7.291330566406250568e+01,1.331285093268349574e-02,0.000000000000000000e+00,-2.665752798427426553e-35,-4.855840100214550148e+00,-1.454785156250011369e+00,2.730023193359372158e+00,9.845674001097808048e-05,0.000000000000000000e+00,-1.499829772603460793e-36
4.752402238643219334e+02,1.750560546874999943e+02,7.564332885742187784e+01,1.341130767269447382e-02,0.000000000000000000e+00,-2.815735775687772632e-35,-4.938517949103015781e+00,-1.446606445312482947e+00,2.392001342773440342e+00,9.844557711511173204e-05,0.000000000000000000e+00,-1.332595038212363400e-36
4.703017059152189177e+02,1.736094482421875114e+02,7.803533020019531818e+01,1.350975324980958556e-02,0.000000000000000000e+00,-2.948995279509008972e-35,-4.418736794079052288e+00,-1.313842773437500000e+00,2.325958251953125000e+00,1.007804950074100286e-04,0.000000000000000000e+00,-1.283844165076885213e-36
4.658829691211398654e+02,1.722956054687500114e+02,8.036128845214844318e+01,1.361053374481699559e-02,0.000000000000000000e+00,-3.077379696016697493e-35,-5.559712324090639868e+00,-1.755810546875011369e+00,2.789950561523426131e+00,9.842743693581554321e-05,0.000000000000000000e+00,-1.534079820895590030e-36
4.603232567970492255e+02,1.705397949218750000e+02,8.315123901367186932e+01,1.370896118175281113e-02,0.000000000000000000e+00,-3.230787678106256496e-35,-8.083544072411427805e+00,-2.593029785156261369e+00,3.078631591796877842e+00,9.841628024610978021e-05,0.000000000000000000e+00,-1.735897507252389379e-36
4.522397127246377977e+02,1.679467651367187386e+02,8.622987060546874716e+01,1.380737746199892091e-02,0.000000000000000000e+00,-3.404377428831495434e-35,-7.777328121173752606e+00,-2.506433105468744316e+00,3.186904907226562500e+00,9.840806497301256284e-05,0.000000000000000000e+00,-1.782593561161321822e-36
4.444623846034640451e+02,1.654403320312499943e+02,8.941677551269530966e+01,1.390578552697193347e-02,0.000000000000000000e+00,-3.582636784947627616e-35,-6.930943607243705173e+00,-2.219836425781238631e+00,2.866131591796872158e+00,9.839691238526515615e-05,0.000000000000000000e+00,-1.598660837681291262e-36
4.375314409962203399e+02,1.632204956054687557e+02,9.228290710449218182e+01,1.400418243935719863e-02,0.000000000000000000e+00,-3.742502868715756742e-35,-7.138150487896496088e+00,-2.286352539062505684e+00,2.945605468750017053e+00,1.019016691474194936e-04,0.000000000000000000e+00,-1.636382267728186152e-36
4.303932905083238438e+02,1.609341430664062500e+02,9.522851257324219887e+01,1.410608410850461812e-02,0.000000000000000000e+00,-3.906141095488575358e-35,-8.473810537865574588e+00,-2.755187988281250000e+00,3.052859497070301131e+00,9.486458363281054240e-05,0.000000000000000000e+00,-1.709274396916190934e-36
4.219194799704582692e+02,1.581789550781250000e+02,9.828137207031250000e+01,1.420094869213742866e-02,0.000000000000000000e+00,-4.077068535180194451e-35,-1.434898609480421783e+01,-4.859753417968761369e+00,5.195977783203119316e+00,9.915817517453830165e-05,0.000000000000000000e+00,-2.901753722752894640e-36
4.075704938756540514e+02,1.533192016601562386e+02,1.034773498535156193e+02,1.430010686731196697e-02,0.000000000000000000e+00,-4.367243907455483915e-35,-1.241876547657938090e+01,-4.137414550781244316e+00,4.289611816406250000e+00,9.581266324345388830e-05,0.000000000000000000e+00,-2.395997278311604371e-36
3.951517283990746705e+02,1.491817871093749943e+02,1.077669616699218693e+02,1.439591953055542085e-02,0.000000000000000000e+00,-4.606843635286644352e-35,-2.221453956437107990e+01,-7.459448242187505684e+00,6.254550170898454553e+00,1.033832998341803477e-04,0.000000000000000000e+00,-3.558588741923694113e-36
3.729371888347035906e+02,1.417223388671874886e+02,1.140215118408203239e+02,1.449930283038960120e-02,0.000000000000000000e+00,-4.962702509479013763e-35,-3.855963323968074974e+01,-1.351688232421872726e+01,1.033199157714842897e+01,9.374792220970262768e-05,0.000000000000000000e+00,-5.888404769929050670e-36
3.343775555950228409e+02,1.282054565429687614e+02,1.243535034179687528e+02,1.459305075259930383e-02,0.000000000000000000e+00,-5.551542986471918830e-35,-2.665814633278694146e+01,-9.329760742187517053e+00,4.147851562500008527e+00,9.967288488199090024e-05,0.000000000000000000e+00,-2.567155684276060491e-36
3.077194092622358994e+02,1.188756958007812443e+02,1.285013549804687614e+02,1.469272363748129473e-02,0.000000000000000000e+00,-5.808258554899524880e-35,-1.750318561518731997e+02,-6.694105224609374716e+01,-4.628531494140625568e+01,9.966148295201433804e-05,0.000000000000000000e+00,1.977749271038083941e-35
1.326875531103626997e+02,5.193464355468749716e+01,8.221604003906250568e+01,1.479238512043330907e-02,0.000000000000000000e+00,-3.830509283861440938e-35,-1.757108223596546281e+01,-6.907736206054686079e+00,-6.918182373046875000e+00,9.909514539007367728e-05,0.000000000000000000e+00,3.125258361527411097e-36
1.151164708743972369e+02,4.502690734863281108e+01,7.529785766601563068e+01,1.489148026582338274e-02,0.000000000000000000e+00,-3.517983447708699828e-35,-6.646916074014200149e+00,-2.575866699218750000e+00,-2.626135253906255684e+00,1.026039845610452611e-04,0.000000000000000000e+00,1.184379435075573158e-36
1.084695548003830368e+02,4.245104064941406108e+01,7.267172241210937500e+01,1.499408425038442801e-02,0.000000000000000000e+00,-3.399545504201142513e-35,-4.539537812173179532e+00,-1.747064208984376421e+00,-1.869338989257812500e+00,1.117773733613491860e-04,0.000000000000000000e+00,8.459151222104843715e-37
1.039300169882098572e+02,4.070397644042968466e+01,7.080238342285156250e+01,1.510586162374577719e-02,0.000000000000000000e+00,-3.314953991980094076e-35,-3.415056085540257413e+00,-1.314541625976559658e+00,-1.408963012695309658e+00,9.128855173755855146e-05,0.000000000000000000e+00,6.376827264470514753e-37
1.005149609026695998e+02,3.938943481445312500e+01,6.939342041015625284e+01,1.519715017548333574e-02,0.000000000000000000e+00,-3.251185719335388928e-35,-3.953338548653903217e+00,-1.548281860351565342e+00,-1.734878540039062500e+00,1.026885598152098983e-04,0.000000000000000000e+00,7.891401225982177385e-37
9.656162235401569660e+01,3.784115295410155966e+01,6.765854187011719034e+01,1.529983873529854564e-02,0.000000000000000000e+00,-3.172271707075567154e-35,-3.997439034830776450e+00,-1.587496948242183237e+00,-2.006076049804690342e+00,8.214384311931201277e-05,0.000000000000000000e+00,9.226827093363574514e-37
9.256418331918492015e+01,3.625365600585937642e+01,6.565246582031250000e+01,1.538198257841785765e-02,0.000000000000000000e+00,-3.080003436141931409e-35,-5.539773777316128189e+00,-2.160742187499998579e+00,-2.717224121093750000e+00,1.386011525897345997e-04,0.000000000000000000e+00,1.247796436947472920e-36
8.702440954186879196e+01,3.409291381835937784e+01,6.293524169921875000e+01,1.552058373100759225e-02,0.000000000000000000e+00,-2.955223792447184117e-35,-2.324149615467646868e+00,-8.971496582031264211e-01,-1.132922363281252842e+00,6.929337310585328980e-05,0.000000000000000000e+00,5.200253846568381539e-37
8.470025992640114509e+01,3.319576416015625142e+01,6.180231933593749716e+01,1.558987710411344554e-02,0.000000000000000000e+00,-2.903221253981500302e-35,-4.278249716102095590e+00,-1.644705200195314632e+00,-2.225686645507806816e+00,1.385738100223576907e-04,0.000000000000000000e+00,1.026720847046341745e-36
8.042201021029904950e+01,3.155105895996093679e+01,5.957663269042969034e+01,1.572845091413580323e-02,0.000000000000000000e+00,-2.800549169276866127e-35,-2.203248863628715526e+00,-8.569763183593757105e-01,-1.193435668945312500e+00,6.927897128317095365e-05,0.000000000000000000e+00,5.519933208694327564e-37
7.821876134667033398e+01,3.069408264160156108e+01,5.838319702148437784e+01,1.579772988541897419e-02,0.000000000000000000e+00,-2.745349837189922852e-35,-5.012967374798265041e+00,-1.941339111328122868e+00,-2.958532714843755684e+00,1.385435455013087069e-04,0.000000000000000000e+00,1.377181171597062788e-36
7.320579397187206894e+01,2.875274353027343821e+01,5.542466430664062216e+01,1.593627343092028290e-02,0.000000000000000000e+00,-2.607631720030216573e-35,-2.396445754963949071e+00,-9.254974365234396316e-01,-1.529460144042964487e+00,6.926604200353791985e-05,0.000000000000000000e+00,7.153548932100786304e-37
7.080934821690811987e+01,2.782724609374999858e+01,5.389520416259765767e+01,1.600553947292382082e-02,0.000000000000000000e+00,-2.536096230709208710e-35,-1.803281248442630158e+00,-6.848236083984353684e-01,-1.136190795898436079e+00,6.925977819683196146e-05,0.000000000000000000e+00,5.309584004744459385e-37
6.900606696846548971e+01,2.714242248535156321e+01,5.275901336669922159e+01,1.607479925112065278e-02,0.000000000000000000e+00,-2.483000390661764116e-35,-2.700394290279390930e+00,-1.006893920898438211e+00,-1.663854980468755684e+00,1.385051673042127229e-04,0.000000000000000000e+00,7.761637669910893039e-37
6.630567267818609878e+01,2.613552856445312500e+01,5.109515838623046591e+01,1.621330441842486550e-02,0.000000000000000000e+00,-2.405384013962655185e-35,-1.704738657112258693e+00,-6.369674682617194605e-01,-1.103240966796875000e+00,9.838710160067071220e-05,0.000000000000000000e+00,5.159846228258865406e-37
6.460093402107384009e+01,2.549856109619140554e+01,4.999191741943359091e+01,1.631169152002553621e-02,0.000000000000000000e+00,-2.353785551680066531e-35,-1.483946955104727294e+00,-5.519668579101555395e-01,-9.947540283203153422e-01,9.837742253097567224e-05,0.000000000000000000e+00,4.658975432213159956e-37
6.311698706596911279e+01,2.494659423828125000e+01,4.899716339111327557e+01,1.641006894255651188e-02,0.000000000000000000e+00,-2.307195797357934932e-35,-1.361149369832070022e+00,-5.026519775390632105e-01,-9.069885253906164735e-01,9.836774536593761997e-05,0.000000000000000000e+00,4.246909560952269426e-37
6.175583769613704277e+01,2.444394226074218679e+01,4.809017486572265909e+01,1.650843668792244950e-02,0.000000000000000000e+00,-2.264726701748412238e-35,-1.265142797046586054e+00,-4.619934082031242895e-01,-8.263671874999971578e-01,9.835807010433531006e-05,0.000000000000000000e+00,3.864254007335943509e-37
6.049069489909045672e+01,2.398194885253906250e+01,4.726380767822266193e+01,1.660679475802678481e-02,0.000000000000000000e+00,-2.226084161675052802e-35,-1.261091865547662394e+00,-4.597579956054680395e-01,-8.232131958007897765e-01,9.834839674561016154e-05,0.000000000000000000e+00,3.849652163446828252e-37
5.922960303354279432e+01,2.352219085693359446e+01,4.644059448242187216e+01,1.670514315477239498e-02,0.000000000000000000e+00,-2.187587640040584520e-35,-1.269968726292702854e+00,-4.612213134765639211e-01,-8.252380371093721578e-01,9.833872528984544115e-05,0.000000000000000000e+00,3.858973466306885742e-37
5.795963430725009147e+01,2.306096954345703054e+01,4.561535644531250000e+01,1.680348188006224042e-02,0.000000000000000000e+00,-2.148997905377515663e-35,-1.260951840489035192e+00,-4.572097778320305395e-01,-8.178680419921846578e-01,9.832759059360401954e-05,0.000000000000000000e+00,3.823892306774522408e-37
5.669868246676105628e+01,2.260375976562500000e+01,4.479748840332031534e+01,1.690180947065584444e-02,0.000000000000000000e+00,-2.110758982309770438e-35,-1.248827971345825461e+00,-4.524215698242173289e-01,-8.106491088867215922e-01,9.831938822728661376e-05,0.000000000000000000e+00,3.790395309550889768e-37
5.544985449541523082e+01,2.215133819580078267e+01,4.398683929443359375e+01,1.700012885888313105e-02,0.000000000000000000e+00,-2.072855029214261541e-35,-1.236973723865588681e+00,-4.480407714843757105e-01,-8.044784545898409078e-01,9.830972247528921293e-05,0.000000000000000000e+00,3.761696717001517515e-37
5.421288077154964213e+01,2.170329742431640696e+01,4.318236083984375284e+01,1.709843858135842026e-02,0.000000000000000000e+00,-2.035238062044246366e-35,-1.227456845372749683e+00,-4.444168090820319605e-01,-7.984863281250014211e-01,9.830005862401791639e-05,0.000000000000000000e+00,3.733572096303132706e-37
5.298542392617689245e+01,2.125888061523437500e+01,4.238387451171875142e+01,1.719673863998243818e-02,0.000000000000000000e+00,-1.997902341081215039e-35,-1.210447835419465434e+00,-4.377746582031250000e-01,-7.876846313476590922e-01,9.829039667203637309e-05,0.000000000000000000e+00,3.683406956526830007e-37
5.177497609075742702e+01,2.082110595703125000e+01,4.159618988037109233e+01,1.729502903665447455e-02,0.000000000000000000e+00,-1.961068271515946738e-35,-1.202895594861871587e+00,-4.347076416015625000e-01,-7.824172973632812500e-01,9.828073661966030272e-05,0.000000000000000000e+00,3.658255510016549473e-37
5.057208049589555543e+01,2.038639831542968750e+01,4.081377258300781108e+01,1.739330977327413486e-02,0.000000000000000000e+00,-1.924485716415781244e-35,-1.187145359139158529e+00,-4.286590576171889211e-01,-7.704742431640667633e-01,9.827107846567192939e-05,0.000000000000000000e+00,3.602258816234235713e-37
4.938493513675639690e+01,1.995773925781249858e+01,4.004329833984374432e+01,1.749158085173980678e-02,0.000000000000000000e+00,-1.888463128253438887e-35,-1.205018196991552770e+00,-4.340942382812471578e-01,-7.891159057617187500e-01,9.825995807520929159e-05,0.000000000000000000e+00,3.691522918499787134e-37
4.817991693976484413e+01,1.952364501953125142e+01,3.925418243408202557e+01,1.758984080981501608e-02,0.000000000000000000e+00,-1.851547899068441015e-35,-1.206113196403734378e+00,-4.328918457031250000e-01,-8.118515014648366446e-01,9.825176799491130986e-05,0.000000000000000000e+00,3.805708878535224112e-37
4.697380374336110975e+01,1.909075317382812642e+01,3.844233093261718892e+01,1.768809257780992739e-02,0.000000000000000000e+00,-1.813490810283088774e-35,-1.168467072600826384e+00,-4.175842285156257105e-01,-7.996673583984446054e-01,9.824211553357414806e-05,0.000000000000000000e+00,3.751778483416465155e-37
4.580533667076028337e+01,1.867316894531250071e+01,3.764266357421874432e+01,1.778633469334350153e-02,0.000000000000000000e+00,-1.775973025448924123e-35,-1.115089233394847668e+00,-3.957733154296896316e-01,-7.787490844726505657e-01,9.823246496839729835e-05,0.000000000000000000e+00,3.657624140980463283e-37
4.469024743736543570e+01,1.827739562988281108e+01,3.686391448974609375e+01,1.788456715831189883e-02,0.000000000000000000e+00,-1.739396784039119490e-35,-1.083050924201018006e+00,-3.824554443359353684e-01,-7.618515014648465922e-01,9.822281629880830200e-05,0.000000000000000000e+00,3.579334380505802503e-37
4.360719651316441769e+01,1.789494018554687571e+01,3.610206298828124716e+01,1.798278997461070713e-02,0.000000000000000000e+00,-1.703603440234061465e-35,-1.033868693985439791e+00,-3.620941162109367895e-01,-7.201507568359346578e-01,9.821316952491124241e-05,0.000000000000000000e+00,3.382749021542575838e-37
4.257332781917897790e+01,1.753284606933593892e+01,3.538191223144531250e+01,1.808100314413561838e-02,0.000000000000000000e+00,-1.669775950018635706e-35,-9.586352338318633315e-01,-3.322280883789083816e-01,-6.534103393554744343e-01,9.820352464527323799e-05,0.000000000000000000e+00,3.064366835799840056e-37
4.161469258534711457e+01,1.720061798095703054e+01,3.472850189208983807e+01,1.817920666878089161e-02,0.000000000000000000e+00,-1.639132281660637306e-35,-8.805916898830759010e-01,-2.999023437499985789e-01,-6.310317993164034078e-01,9.819241853223359406e-05,0.000000000000000000e+00,2.968869399232559636e-37
4.073410089546403867e+01,1.690071563720703196e+01,3.409747009277343466e+01,1.827739908731312521e-02,0.000000000000000000e+00,-1.609443587668311709e-35,-8.472448704064703406e-01,-2.865112304687507105e-01,-6.197937011718721578e-01,9.818424071192724534e-05,0.000000000000000000e+00,2.919450422862540615e-37
3.988685602505756833e+01,1.661420440673828125e+01,3.347767639160156250e+01,1.837558332802505245e-02,0.000000000000000000e+00,-1.580249083439686303e-35,-7.790028649813720563e-01,-2.596084594726555395e-01,-5.842849731445340922e-01,9.817460151343229691e-05,0.000000000000000000e+00,2.756442417182106215e-37
3.910785316007619627e+01,1.635459594726562571e+01,3.289339141845702841e+01,1.847375792953848475e-02,0.000000000000000000e+00,-1.552684659267865241e-35,-6.927864430272450136e-01,-2.257766723632812500e-01,-5.236557006835909078e-01,9.816496420696207981e-05,0.000000000000000000e+00,2.471385037107706840e-37
3.841506671704895126e+01,1.612881927490234446e+01,3.236973571777343750e+01,1.857192289374544683e-02,0.000000000000000000e+00,-1.527970808896788173e-35,-6.609568042934199639e-01,-2.145050048828132105e-01,-4.976882934570312500e-01,9.815532879283578316e-05,0.000000000000000000e+00,2.348336951693029056e-37
3.775410991275553130e+01,1.591431427001953125e+01,3.187204742431640625e+01,1.867007822253828261e-02,0.000000000000000000e+00,-1.504487439379857882e-35,-6.426195265681471369e-01,-2.111938476562507105e-01,-4.873519897460916184e-01,9.814569526983910053e-05,0.000000000000000000e+00,2.299905206906692405e-37
3.711149038618738416e+01,1.570312042236328054e+01,3.138469543457031463e+01,1.876822391780812171e-02,0.000000000000000000e+00,-1.481488387310790958e-35,-5.756662783863149002e-01,-1.835952758789058947e-01,-4.267318725585980133e-01,9.813606363741345096e-05,0.000000000000000000e+00,2.012253474065819087e-37
3.653582410780106926e+01,1.551952514648437464e+01,3.095796356201171662e+01,1.886635998144553517e-02,0.000000000000000000e+00,-1.461365852570132767e-35,-5.106091562629302416e-01,-1.573913574218739342e-01,-3.906204223632805395e-01,9.812643389566638730e-05,0.000000000000000000e+00,1.844825885132781359e-37
3.602521495153813902e+01,1.536213378906250071e+01,3.056734313964843608e+01,1.896448641534120155e-02,0.000000000000000000e+00,-1.442917593718804954e-35,-4.760374802804534511e-01,-1.454620361328125000e-01,-3.730194091796867895e-01,9.811534406358596305e-05,0.000000000000000000e+00,1.763367800040659191e-37
3.554917747125768557e+01,1.521667175292968821e+01,3.019432373046874929e+01,1.906260175940478752e-02,0.000000000000000000e+00,-1.425283915718398362e-35,-4.140836051258816042e-01,-1.213073730468750000e-01,-3.251419067382812500e-01,9.810718022363121293e-05,0.000000000000000000e+00,1.538164204587193169e-37
3.513509386613180396e+01,1.509536437988281321e+01,2.986918182373046804e+01,1.916070893962841873e-02,0.000000000000000000e+00,-1.409902273672526430e-35,-3.757465529655377168e-01,-1.056213378906250000e-01,-2.935348510742166184e-01,9.809755614878512553e-05,0.000000000000000000e+00,1.389046317700681667e-37
3.475934731316626625e+01,1.498974304199218821e+01,2.957564697265625142e+01,1.925880649577720385e-02,0.000000000000000000e+00,-1.396011810495519613e-35,-3.338449695071687984e-01,-8.774719238281392109e-02,-2.550094604492230133e-01,9.808793396238676965e-05,0.000000000000000000e+00,1.205995214983754994e-37
3.442550234365909745e+01,1.490199584960937429e+01,2.932063751220702841e+01,1.935689442973959062e-02,0.000000000000000000e+00,-1.383951858345682063e-35,-3.176742195835089433e-01,-8.277740478515482891e-02,-2.399383544921853684e-01,9.807831366300673315e-05,0.000000000000000000e+00,1.134478322350746065e-37
3.410782812407558851e+01,1.481921844482421946e+01,2.908069915771484304e+01,1.945497274340259736e-02,0.000000000000000000e+00,-1.372607075122174603e-35,-2.624460016794145645e-01,-6.340637207031285527e-02,-1.887573242187521316e-01,9.806869525096420515e-05,0.000000000000000000e+00,8.913553257094413173e-38
3.384538212239617394e+01,1.475581207275390661e+01,2.889194183349609091e+01,1.955304143865356156e-02,0.000000000000000000e+00,-1.363693521865080190e-35,-2.521278760097729332e-01,-5.958099365234481581e-02,-1.796691894531221578e-01,9.805907872504834866e-05,0.000000000000000000e+00,8.483992723815730013e-38
3.359325424638640101e+01,1.469623107910156179e+01,2.871227264404296875e+01,1.965110051737860991e-02,0.000000000000000000e+00,-1.355209529141264460e-35,-2.455356750753239226e-01,-5.757598876953018419e-02,-1.736999511718764211e-01,9.804800310850639300e-05,0.000000000000000000e+00,8.201598573129907037e-38
3.334771857131107708e+01,1.463865509033203161e+01,2.853857269287109233e+01,1.974914852048711630e-02,0.000000000000000000e+00,-1.347007930568134553e-35,-1.316993355318203385e-01,-3.059387207031250000e-02,-9.280700683593678946e-02,5.347906787218567604e-05,0.000000000000000000e+00,4.382389876659180250e-38
