Sigma_1,Sigma_2,Sigma_12,Epsilon_1,Epsilon_2,Epsilon_12,dSigma_1,dSigma_2,dSigma_12,dEpsilon_1,dEpsilon_2,dEpsilon_12
-0.000000000000000000e+00,-0.000000000000000000e+00,-0.000000000000000000e+00,0.000000000000000000e+00,0.000000000000000000e+00,0.000000000000000000e+00,5.101060644527730226e+00,5.799923913238566264e+00,1.535770721435546804e+01,6.666447875155136660e-05,6.666447875155136660e-05,2.000000094994902611e-04
5.101060644527730226e+00,5.799923913238566264e+00,1.535770721435546804e+01,6.666447875155136660e-05,6.666447875155136660e-05,2.000000094994902611e-04,2.548179087386364117e+00,2.897570505542669927e+00,7.674711608886720882e+00,3.333057289245535239e-05,3.333057289245535239e-05,9.999999310821293700e-05
7.649239731914094342e+00,8.697494418781236192e+00,2.303241882324218892e+01,9.999505164400671899e-05,9.999505164400671899e-05,3.000000026077031981e-04,2.546813317387768727e+00,2.896081520529158126e+00,7.672793579101561789e+00,3.332946200261451561e-05,3.332946200261451561e-05,1.000000163912773241e-04
1.019605304930186307e+01,1.159357593931039432e+01,3.070521240234375071e+01,1.333245136466212346e-04,1.333245136466212346e-04,4.000000189989805222e-04,2.545445486181000305e+00,2.894592748858860531e+00,7.670870971679686789e+00,3.332835118637794171e-05,3.332835118637794171e-05,9.999996982514860414e-05
1.274149853548286337e+01,1.448816868816925485e+01,3.837608337402343750e+01,1.666528648329991763e-04,1.666528648329991763e-04,4.999999888241291263e-04,2.544079027425940609e+00,2.893103809036622565e+00,7.668952941894531250e+00,3.332724044440422929e-05,3.332724044440422929e-05,1.000000163912772699e-04
1.528557756290880398e+01,1.738127249720587741e+01,4.604503631591796875e+01,1.999801052774034056e-04,1.999801052774034056e-04,6.000000052154063962e-04,2.542713178001060115e+00,2.891614700826490747e+00,7.667033386230471592e+00,3.332611813782512377e-05,3.332611813782512377e-05,1.000000163912773783e-04
1.782829074090986410e+01,2.027288719803236816e+01,5.371206970214844034e+01,2.333062234152285294e-04,2.333062234152285294e-04,7.000000216066837744e-04,2.541345649409372243e+00,2.890126951458082516e+00,7.665115356445312500e+00,3.332503082141061970e-05,3.332503082141061970e-05,1.000000163912772699e-04
2.036963639031923634e+01,2.316301414949045068e+01,6.137718505859375284e+01,2.666312542366391491e-04,2.666312542366391491e-04,8.000000379979610443e-04,2.539981018945823621e+00,2.888637506742604444e+00,7.663198852539053973e+00,3.332389702479112261e-05,3.332389702479112261e-05,9.999992325901983000e-05
2.290961740926505996e+01,2.605165165623305512e+01,6.904038391113280682e+01,2.999551512614302717e-04,2.999551512614302717e-04,8.999999612569808743e-04,2.538614709751197296e+00,2.887154000570831158e+00,7.661282348632823869e+00,3.332280985485512386e-05,3.332280985485512386e-05,1.000000163912773783e-04
2.544823211901625726e+01,2.893880565680388628e+01,7.670166625976563068e+01,3.332779611162853955e-04,3.332779611162853955e-04,9.999999776482582526e-04,2.537248245927536061e+00,2.885664219823976140e+00,7.659368896484366473e+00,3.332167620780199409e-05,3.332167620780199409e-05,1.000000163912772699e-04
2.798548036494379332e+01,3.182446987662786242e+01,8.436103515624999716e+01,3.665996373240873896e-04,3.665996373240873896e-04,1.099999994039535522e-03,2.535884682822530323e+00,2.884177325317924812e+00,7.657452392578122158e+00,3.332058918431525431e-05,3.332058918431525431e-05,1.000000163912772699e-04
3.052136504776632364e+01,3.470864720194578723e+01,9.201848754882811932e+01,3.999202265084026440e-04,3.999202265084026440e-04,1.200000010430812792e-03,2.534520965157533112e+00,2.882690261416627209e+00,7.655538940429693184e+00,3.331945568657665880e-05,3.331945568657665880e-05,1.000000163912772699e-04
3.305588601292385675e+01,3.759133746336241444e+01,9.967402648925781250e+01,4.332396821949793028e-04,4.332396821949793028e-04,1.300000026822090062e-03,2.533154041763651776e+00,2.881206083591308698e+00,7.653622436523434658e+00,3.331834553766088421e-05,3.331834553766088421e-05,1.000000163912774867e-04
3.558904005468750853e+01,4.047254354695372314e+01,1.073276489257812472e+02,4.665580277326401870e-04,4.665580277326401870e-04,1.400000043213367549e-03,2.531790019924279989e+00,2.879721740242182193e+00,7.651715087890622158e+00,3.331728200531015567e-05,3.331728200531015567e-05,9.999992325901972158e-05
3.812083007461178852e+01,4.335226528719590533e+01,1.149793640136718693e+02,4.998753097379503426e-04,4.998753097379503426e-04,1.499999966472387270e-03,2.530425841455823388e+00,2.878234172064509266e+00,7.649804687500008527e+00,3.331612545952788908e-05,3.331612545952788908e-05,1.000001095235348181e-04
4.065125591606761191e+01,4.623049945926041460e+01,1.226291687011718778e+02,5.331914351974782317e-04,5.331914351974782317e-04,1.600000075995922089e-03,2.528197374584181034e+00,2.876248719519651331e+00,7.646612548828116473e+00,3.331501553251257474e-05,3.331501553251257474e-05,1.000000163912772699e-04
4.317945329065179294e+01,4.910674817878006593e+01,1.302757812499999943e+02,5.665064507299908065e-04,5.665064507299908065e-04,1.700000092387199358e-03,2.524280033505476695e+00,2.873340865546246903e+00,7.641143798828153422e+00,3.331390567922734493e-05,3.331390567922734493e-05,9.999983012676239014e-05
4.570373332415726964e+01,5.198008904432631283e+01,1.379169250488281477e+02,5.998203564092181514e-04,5.998203564092181514e-04,1.799999922513961749e-03,2.521794467234016679e+00,2.870887704270366214e+00,7.637133789062488631e+00,3.331284243627598025e-05,3.331284243627598025e-05,1.000000163912772699e-04
4.822552779139128631e+01,5.485097674859667904e+01,1.455540588378906364e+02,6.331331988454941316e-04,6.331331988454941316e-04,1.899999938905239018e-03,2.519965196741978275e+00,2.868788513649455751e+00,7.634088134765619316e+00,3.331168619293304808e-05,3.331168619293304808e-05,1.000000163912774867e-04
5.074549298813326459e+01,5.771976526224613480e+01,1.531881469726562557e+02,6.664448850384271797e-04,6.664448850384271797e-04,1.999999955296516505e-03,2.517124889863332271e+00,2.866585264168207914e+00,7.630633544921863631e+00,3.331057656145975342e-05,3.331057656145975342e-05,1.000000163912770530e-04
5.326261787799659686e+01,6.058635052641434271e+01,1.608187805175781193e+02,6.997554615998869331e-04,6.997554615998869331e-04,2.099999971687793558e-03,2.514943945472630560e+00,2.864271831581397976e+00,7.627148437500011369e+00,3.330946700368694457e-05,3.330946700368694457e-05,1.000000163912774867e-04
5.577756182346922742e+01,6.345062235799574069e+01,1.684459289550781307e+02,7.330649286035738777e-04,7.330649286035738777e-04,2.199999988079071045e-03,2.511348721973966747e+00,2.861591660136639348e+00,7.622271728515642053e+00,3.330840405068387529e-05,3.330840405068387529e-05,1.000000163912774867e-04
5.828891054544319417e+01,6.631221401813238003e+01,1.760682006835937727e+02,7.663733326542577530e-04,7.663733326542577530e-04,2.300000004470348532e-03,2.504827194338083984e+00,2.856504486803046916e+00,7.612091064453125000e+00,3.330724810899493571e-05,3.330724810899493571e-05,1.000000163912770530e-04
6.079373773978127815e+01,6.916871850493542695e+01,1.836802917480468977e+02,7.996805807632526887e-04,7.996805807632526887e-04,2.400000020861625585e-03,2.499007490179963042e+00,2.850586019220997969e+00,7.601385498046852263e+00,3.330613877294526584e-05,3.330613877294526584e-05,1.000000163912774867e-04
6.329274522996124119e+01,7.201930452415642492e+01,1.912816772460937500e+02,8.329867195361979545e-04,8.329867195361979545e-04,2.500000037252903071e-03,2.493541498587035221e+00,2.845467194786976961e+00,7.591693115234363631e+00,3.330502951123229163e-05,3.330502951123229163e-05,1.000000163912770530e-04
6.578628672854827641e+01,7.486477171894340188e+01,1.988733703613281136e+02,8.662917490474302462e-04,8.662917490474302462e-04,2.600000053644180124e-03,2.490194770300547589e+00,2.841856765128881079e+00,7.585864257812517053e+00,3.330392032296122101e-05,3.330392032296122101e-05,1.000000163912774867e-04
6.827648149884882400e+01,7.770662848407228296e+01,2.064592346191406307e+02,8.995956693703914672e-04,8.995956693703914672e-04,2.700000070035457611e-03,2.487195916159691933e+00,2.838649163840059941e+00,7.581451416015596578e+00,3.330281120901188406e-05,3.330281120901188406e-05,1.000000163912774867e-04
7.076367741500851594e+01,8.054527764791234290e+01,2.140406860351562273e+02,9.328984805794033512e-04,9.328984805794033512e-04,2.800000086426735098e-03,2.484013463385878140e+00,2.835044111175690773e+00,7.576293945312528422e+00,3.330170216871142490e-05,3.330170216871142490e-05,9.999983012676239014e-05
7.324769087839439408e+01,8.338032175908803367e+01,2.216169799804687557e+02,9.662001827481147762e-04,9.662001827481147762e-04,2.899999916553497488e-03,2.477983600664003916e+00,2.829697446047973131e+00,7.566259765625005684e+00,3.330068624140397615e-05,3.330068624140397615e-05,1.000000163912770530e-04
7.572567447905839799e+01,8.621001920513600680e+01,2.291832397460937614e+02,9.995008689895187523e-04,9.995008689895187523e-04,2.999999932944774541e-03,2.473938797527580391e+00,2.825700482955710413e+00,7.560290527343738631e+00,3.329948430637373960e-05,3.329948430637373960e-05,1.000000163912774867e-04
7.819961327658597838e+01,8.903571968809171722e+01,2.367435302734375000e+02,1.032800353295892492e-03,1.032800353295892492e-03,3.099999949336052028e-03,2.469074837183995896e+00,2.820279473461994257e+00,7.552331542968772737e+00,3.329837548786342312e-05,3.329837548786342312e-05,1.000002026557921496e-04
8.066868811376997428e+01,9.185599916155371147e+01,2.442958618164062727e+02,1.066098728783755915e-03,1.066098728783755915e-03,3.200000151991844177e-03,2.464124831307998420e+00,2.814637935403567326e+00,7.543945312499971578e+00,3.329726674275077479e-05,3.329726674275077479e-05,9.999983012676239014e-05
8.313281294507797270e+01,9.467063709695727880e+01,2.518398071289062443e+02,1.099395995526506690e-03,1.099395995526506690e-03,3.299999982118606567e-03,2.457463393342820268e+00,2.807682071986292272e+00,7.532971191406232947e+00,3.329615807191573310e-05,3.329615807191573310e-05,1.000002026557921496e-04
8.559027633842079297e+01,9.747831916894357107e+01,2.593727783203124773e+02,1.132692153598422423e-03,1.132692153598422423e-03,3.400000184774398717e-03,2.449774686700138204e+00,2.800505512157599242e+00,7.521228027343795475e+00,3.329504947468522533e-05,3.329504947468522533e-05,9.999983012676239014e-05
8.804005102512093117e+01,1.002788246811011703e+02,2.668940063476562727e+02,1.165987203073107648e-03,1.165987203073107648e-03,3.500000014901161107e-03,2.444926736284529056e+00,2.795644225157246865e+00,7.513891601562477263e+00,3.329394095105209575e-05,3.329394095105209575e-05,9.999983012676239014e-05
9.048497776140546023e+01,1.030744689062584172e+02,2.744078979492187500e+02,1.199281144024159744e-03,1.199281144024159744e-03,3.599999845027923497e-03,2.439063852193157800e+00,2.789664113082977792e+00,7.505322265625011369e+00,3.329283250167445508e-05,3.329283250167445508e-05,1.000002026557921496e-04
9.292404161359861803e+01,1.058641330193413950e+02,2.819132202148437614e+02,1.232573976525834199e-03,1.232573976525834199e-03,3.700000047683715647e-03,2.433909279787485502e+00,2.783139494308997541e+00,7.496582031250000000e+00,3.329181714022957581e-05,3.329181714022957581e-05,9.999983012676239014e-05
9.535795089338610353e+01,1.086472725136503925e+02,2.894098022460937614e+02,1.265865793666063775e-03,1.265865793666063775e-03,3.799999877810478037e-03,2.425887888718605723e+00,2.774682967152259039e+00,7.483789062499965894e+00,3.329061582056321890e-05,3.329061582056321890e-05,1.000002026557925833e-04
9.778383878210470925e+01,1.114219554808026516e+02,2.968935913085937273e+02,1.299156409486626994e-03,1.299156409486626994e-03,3.900000080466270620e-03,2.417498989813438470e+00,2.766286703342032638e+00,7.470104980468761369e+00,3.328950759257640925e-05,3.328950759257640925e-05,9.999983012676239014e-05
1.002013377719181477e+02,1.141882421841446842e+02,3.043636962890624886e+02,1.332445917079203403e-03,1.332445917079203403e-03,3.999999910593033010e-03,2.406988422612386103e+00,2.755347050044207435e+00,7.453161621093784106e+00,3.328839943815054860e-05,3.328839943815054860e-05,1.000002026557917159e-04
1.026083261945305338e+02,1.169435892341888916e+02,3.118168579101562727e+02,1.365734316517353952e-03,1.365734316517353952e-03,4.100000113248824726e-03,2.395798351016139804e+00,2.744834130144909068e+00,7.437341308593772737e+00,3.328729135727804753e-05,3.328729135727804753e-05,9.999983012676239014e-05
1.050041245455466736e+02,1.196884233643338007e+02,3.192541992187500455e+02,1.399021607874631999e-03,1.399021607874631999e-03,4.199999943375587116e-03,2.379980162147631972e+00,2.730004883745053235e+00,7.414196777343704525e+00,3.328618335061593256e-05,3.328618335061593256e-05,1.000002026557925833e-04
1.073841047076943056e+02,1.224184282480788539e+02,3.266683959960937500e+02,1.432307791225247932e-03,1.432307791225247932e-03,4.300000146031379700e-03,2.366507565321469997e+00,2.716604455705322607e+00,7.392626953124988631e+00,3.328507541727125478e-05,3.328507541727125478e-05,9.999983012676239014e-05
1.097506122730157756e+02,1.251350327037841765e+02,3.340610229492187386e+02,1.465592866642519186e-03,1.465592866642519186e-03,4.399999976158142090e-03,2.349158174058800341e+00,2.699082731275737501e+00,7.363940429687488631e+00,3.328396755812221795e-05,3.328396755812221795e-05,1.000002026557925833e-04
1.120997704470745759e+02,1.278341154350599140e+02,3.414249633789062273e+02,1.498876834200641404e-03,1.498876834200641404e-03,4.500000178813934673e-03,2.329374121397037811e+00,2.678392782489027013e+00,7.328845214843795475e+00,3.328295276208204957e-05,3.328295276208204957e-05,9.999983012676239014e-05
1.144291445684716138e+02,1.305125082175489410e+02,3.487538085937500227e+02,1.532159786962723454e-03,1.532159786962723454e-03,4.600000008940697063e-03,2.290295183150249159e+00,2.649350261654944916e+00,7.266662597656250000e+00,3.328175205751546066e-05,3.328175205751546066e-05,9.999983012676239014e-05
1.167194397516218629e+02,1.331618584792038860e+02,3.560204711914062727e+02,1.565441539020238915e-03,1.565441539020238915e-03,4.699999839067459453e-03,2.233813939639162527e+00,2.608114952405003351e+00,7.170898437500000000e+00,3.328064441913795857e-05,3.328064441913795857e-05,1.000002026557917159e-04
1.189532536912610254e+02,1.357699734316088893e+02,3.631913696289062727e+02,1.598722183439376873e-03,1.598722183439376873e-03,4.800000041723251169e-03,2.205302347842987842e+00,2.580899842547580647e+00,7.103601074218715894e+00,3.327953685492704081e-05,3.327953685492704081e-05,9.999983012676239014e-05
1.211585560391040133e+02,1.383508732741564700e+02,3.702949707031249886e+02,1.632001720294303914e-03,1.632001720294303914e-03,4.899999871850013559e-03,2.180994112169585719e+00,2.557582531358235656e+00,7.034802246093761369e+00,3.327842936398889111e-05,3.327842936398889111e-05,1.000002026557925833e-04
1.233395501512735990e+02,1.409084558055147056e+02,3.773297729492187500e+02,1.665280149658292805e-03,1.665280149658292805e-03,5.000000074505806143e-03,2.174499315231429364e+00,2.546050458215518120e+00,6.983642578125000000e+00,3.327732194720258059e-05,3.327732194720258059e-05,9.999983012676239014e-05
1.255140494665050284e+02,1.434545062637302237e+02,3.843134155273437500e+02,1.698557471605495386e-03,1.698557471605495386e-03,5.099999904632568533e-03,2.149747167610456700e+00,2.527510463924130590e+00,6.935400390624977263e+00,3.327621460389568707e-05,3.327621460389568707e-05,1.000002026557917159e-04
1.276637966341154851e+02,1.459820167276543543e+02,3.912488159179687273e+02,1.731833686209391073e-03,1.731833686209391073e-03,5.200000107288360249e-03,2.104057176546845653e+00,2.492337710015419816e+00,6.752050781249977263e+00,3.327510733406148849e-05,3.327510733406148849e-05,9.999983012676239014e-05
1.297678538106623307e+02,1.484743544376697741e+02,3.980008666992187045e+02,1.765108793543452561e-03,1.765108793543452561e-03,5.299999937415122639e-03,1.332928324698912093e-01,1.563337750992275232e-01,4.313720703125341061e-01,2.079692308190692757e-06,2.079692308190692757e-06,6.249919533730247112e-06
1.299011466431322219e+02,1.486306882127690017e+02,3.984322387695312386e+02,1.767188485851643254e-03,1.767188485851643254e-03,5.306249856948852886e-03,2.682993396252044249e+00,3.173535140724482062e+00,8.684265136718806843e+00,4.277395128645831643e-05,4.277395128645831643e-05,1.285515725612633442e-04
1.325841400393842662e+02,1.518042233534934837e+02,4.071165039062500455e+02,1.809962437138101570e-03,1.809962437138101570e-03,5.434801429510116230e-03,1.655389030973054787e+00,1.955005592744754495e+00,5.388293457031181788e+00,2.644135658193746616e-05,2.644135658193746616e-05,7.946863770484993705e-05
1.342395290703573210e+02,1.537592289462382382e+02,4.125047973632812273e+02,1.836403793720039037e-03,1.836403793720039037e-03,5.514270067214966167e-03,2.689240929031797123e+00,3.173867519798392323e+00,8.742565917968761369e+00,4.326608188307424357e-05,4.326608188307424357e-05,1.300394535064695531e-04
1.369287699993891181e+02,1.569330964660366305e+02,4.212473632812499886e+02,1.879669875603113280e-03,1.879669875603113280e-03,5.644309520721435720e-03,1.377945028904576930e+00,1.627326227613508536e+00,4.484912109374988631e+00,2.230821712314798311e-05,2.230821712314798311e-05,6.705187261104531699e-05
1.383067150282936950e+02,1.585604226936501391e+02,4.257322753906249773e+02,1.901978092726261263e-03,1.901978092726261263e-03,5.711361393332481037e-03,2.650429144635864986e+00,3.145651633450142981e+00,8.638671875000000000e+00,4.334783054553534472e-05,4.334783054553534472e-05,1.302935183048253495e-04
1.409571441729295600e+02,1.617060743271002821e+02,4.343709472656249773e+02,1.945325923271796608e-03,1.945325923271796608e-03,5.841654911637306387e-03,1.462162987707927186e+00,1.756787785043087524e+00,4.809375000000045475e+00,2.427020922861214750e-05,2.427020922861214750e-05,7.295347750186937513e-05
1.424193071606374872e+02,1.634628621121433696e+02,4.391803222656250227e+02,1.969596132500408756e-03,1.969596132500408756e-03,5.914608389139175762e-03,2.091453507462119887e+00,2.513655786643425927e+00,6.945092773437465894e+00,3.518875879343933907e-05,3.518875879343933907e-05,1.057758927345275879e-04
1.445107606680996071e+02,1.659765178987867955e+02,4.461254150390624886e+02,2.004784891293848095e-03,2.004784891293848095e-03,6.020384281873703350e-03,3.390916414651798050e+00,4.102456731677875723e+00,1.128774414062502274e+01,5.826691277228132973e-05,5.826691277228132973e-05,1.751568168401711201e-04
1.479016770827514051e+02,1.700789746304646712e+02,4.574131591796875114e+02,2.063051804066129424e-03,2.063051804066129424e-03,6.195541098713874470e-03,4.686889713543109792e-01,5.740593193744132350e-01,1.569409179687511369e+00,8.316265150245909232e-06,8.316265150245909232e-06,2.500005066394857950e-05
1.483703660541057161e+02,1.706530339498390845e+02,4.589825683593750227e+02,2.071368069216375334e-03,2.071368069216375334e-03,6.220541149377823049e-03,1.550717197203084652e+00,1.895725549569789337e+00,5.166137695312500000e+00,2.789578737938261735e-05,2.789578737938261735e-05,8.386224508285470419e-05
1.499210832513088008e+02,1.725487594994088738e+02,4.641487060546875227e+02,2.099263856595757951e-03,2.099263856595757951e-03,6.304403394460677754e-03,2.076790088845115179e+00,2.597917531602462304e+00,6.893261718749954525e+00,3.870080072341250746e-05,3.870080072341250746e-05,1.163490116596228863e-04
1.519978733401539159e+02,1.751466770310113361e+02,4.710419677734374773e+02,2.137964657319170458e-03,2.137964657319170458e-03,6.420752406120300640e-03,1.481505247730154906e+00,1.836509777887556538e+00,4.908129882812545475e+00,2.803388342425888399e-05,2.803388342425888399e-05,8.428245782852138157e-05
1.534793785878840708e+02,1.769831868088988927e+02,4.759500976562500227e+02,2.165998540743429342e-03,2.165998540743429342e-03,6.505034863948822021e-03,1.686383732856484130e+00,2.108837699105151842e+00,5.537597656250000000e+00,3.198253596795605849e-05,3.198253596795605849e-05,9.615719318389892578e-05
1.551657623207405550e+02,1.790920245080040445e+02,4.814876953125000227e+02,2.197981076711385401e-03,2.197981076711385401e-03,6.601192057132720947e-03,1.901517841374499085e+00,2.553219894202982232e+00,6.584448242187477263e+00,3.445368163842088202e-05,3.445368163842088202e-05,1.035898923873899632e-04
1.570672801621150541e+02,1.816452444022070267e+02,4.880721435546875000e+02,2.232434758349806283e-03,2.232434758349806283e-03,6.704781949520110911e-03,1.582053360835885769e+00,1.814699873622345194e+00,4.759741210937477263e+00,3.299102614941120531e-05,3.299102614941120531e-05,9.919628500938432875e-05
1.586493335229509398e+02,1.834599442758293719e+02,4.928318847656249773e+02,2.265425784499217488e-03,2.265425784499217488e-03,6.803978234529495239e-03,1.629376918200961200e+00,2.084464894781888233e+00,5.408325195312500000e+00,3.217634352799345759e-05,3.217634352799345759e-05,9.674876928329485121e-05
1.602787104411519010e+02,1.855444091706112602e+02,4.982402099609374773e+02,2.297602128027210946e-03,2.297602128027210946e-03,6.900727003812790090e-03,1.847282500743460787e+00,2.308155503533072306e+00,5.986303710937534106e+00,3.570293313251123382e-05,3.570293313251123382e-05,1.073576509952539962e-04
1.621259929418953618e+02,1.878525646741443325e+02,5.042265136718750114e+02,2.333305061159722180e-03,2.333305061159722180e-03,7.008084654808044087e-03,1.630523174343068149e+00,2.042279935933862589e+00,5.269604492187511369e+00,3.206619553016570867e-05,3.206619553016570867e-05,9.642466902732866468e-05
1.637565161162384300e+02,1.898948446100781950e+02,5.094961181640625227e+02,2.365371256689887888e-03,2.365371256689887888e-03,7.104509323835372751e-03,1.702355408906498724e+00,2.133586388748710760e+00,5.503076171875022737e+00,3.360987525690512998e-05,3.360987525690512998e-05,1.010701060295106715e-04
1.654588715251449287e+02,1.920284309988269058e+02,5.149991943359375455e+02,2.398981131946793018e-03,2.398981131946793018e-03,7.205579429864883423e-03,1.824048180203448055e+00,2.302968767682159523e+00,5.943432617187454525e+00,3.671979048516923680e-05,3.671979048516923680e-05,1.104258000850675756e-04
1.672829197053483767e+02,1.943313997665090653e+02,5.209426269531250000e+02,2.435700922431962255e-03,2.435700922431962255e-03,7.316005229949950998e-03,1.370116726247118777e+00,1.729153178786702938e+00,4.449902343749954525e+00,2.800064005217903912e-05,2.800064005217903912e-05,8.420795202255301065e-05
1.686530364315954955e+02,1.960605529452957683e+02,5.253925292968749545e+02,2.463701562484141294e-03,2.463701562484141294e-03,7.400213181972504009e-03,1.586347216904897550e+00,2.045412176581265840e+00,5.285620117187590949e+00,3.384197909610253685e-05,3.384197909610253685e-05,1.017779111862175678e-04
1.702393836485003931e+02,1.981059651218770341e+02,5.306781494140625455e+02,2.497543541580243831e-03,2.497543541580243831e-03,7.501991093158721577e-03,1.817199209926712911e+00,2.375782105435121139e+00,6.174511718749954525e+00,3.916417803162108163e-05,3.916417803162108163e-05,1.177892088890077418e-04
1.720565828584271060e+02,2.004817472273121552e+02,5.368526611328125000e+02,2.536707719611864913e-03,2.536707719611864913e-03,7.619780302047729319e-03,1.659445037621253505e+00,2.168106771101179220e+00,5.675683593750022737e+00,3.595264001805473231e-05,3.595264001805473231e-05,1.081332564353944606e-04
1.737160278960483595e+02,2.026498539984133345e+02,5.425283447265625227e+02,2.572660359629919645e-03,2.572660359629919645e-03,7.727913558483123779e-03,1.319231417872799739e+00,1.706248522534508538e+00,4.502563476562386313e+00,2.921051021596583058e-05,2.921051021596583058e-05,8.785799145698616752e-05
1.750352593139211592e+02,2.043561025209478430e+02,5.470309082031249091e+02,2.601870869845885476e-03,2.601870869845885476e-03,7.815771549940109947e-03,1.243598220710367741e+00,1.615347163000564024e+00,4.342456054687545475e+00,2.866366387157441922e-05,2.866366387157441922e-05,8.621662855148176652e-05
1.762788575346315270e+02,2.059714496839484070e+02,5.513733642578124545e+02,2.630534533717459895e-03,2.630534533717459895e-03,7.901988178491591713e-03,1.503192457581320696e+00,1.932653521361686444e+00,5.195117187500045475e+00,3.373564695690429646e-05,3.373564695690429646e-05,1.014754176139835012e-04
1.777820499922128477e+02,2.079041032053100935e+02,5.565684814453125000e+02,2.664270180674364191e-03,2.664270180674364191e-03,8.003463596105575215e-03,1.401387462318041344e+00,1.799208285731680235e+00,4.882861328125045475e+00,3.239237285682355222e-05,3.239237285682355222e-05,9.743794798851117267e-05
1.791834374545308890e+02,2.097033114910417737e+02,5.614513427734375455e+02,2.696662553531187743e-03,2.696662553531187743e-03,8.100901544094086387e-03,1.736028973284675203e+00,2.213333146414754538e+00,6.017529296874954525e+00,3.927433544334687707e-05,3.927433544334687707e-05,1.181431114673607563e-04
1.809194664278155642e+02,2.119166446374565282e+02,5.674688720703125000e+02,2.735936888974534621e-03,2.735936888974534621e-03,8.219044655561447144e-03,1.195301753490184637e+00,1.511361938112656844e+00,4.132104492187522737e+00,2.732817671834836259e-05,2.732817671834836259e-05,8.221045136451790580e-05
1.821147681813057488e+02,2.134280065755691851e+02,5.716009765625000227e+02,2.763265065692882983e-03,2.763265065692882983e-03,8.301255106925965049e-03,1.504296646541831706e+00,1.881789819992917501e+00,5.191235351562568212e+00,3.472787279076069294e-05,3.472787279076069294e-05,1.044735312461849558e-04
1.836190648278475805e+02,2.153097963955621026e+02,5.767922119140625909e+02,2.797992938483643676e-03,2.797992938483643676e-03,8.405728638172150005e-03,1.332581522194402623e+00,1.630772206610032526e+00,4.728027343749886313e+00,3.349485411068735610e-05,3.349485411068735610e-05,1.007683575153343891e-04
1.849516463500419832e+02,2.169405686021721351e+02,5.815202392578124773e+02,2.831487792594331032e-03,2.831487792594331032e-03,8.506496995687484394e-03,1.247092329340148353e+00,1.497114542682254523e+00,4.474023437500022737e+00,3.300080036407020134e-05,3.300080036407020134e-05,9.928420186042750950e-05
1.861987386793821315e+02,2.184376831448543896e+02,5.859942626953125000e+02,2.864488592958401234e-03,2.864488592958401234e-03,8.605781197547911904e-03,1.174631429137832583e+00,1.356066989498714292e+00,4.235205078125090949e+00,3.348891244967650005e-05,3.348891244967650005e-05,1.007564365863803518e-04
1.873733701085199641e+02,2.197937501343531039e+02,5.902294677734375909e+02,2.897977505408077734e-03,2.897977505408077734e-03,8.706537634134292256e-03,9.746413119472094877e-01,1.049226360252362156e+00,3.688378906249909051e+00,3.214708255194678038e-05,3.214708255194678038e-05,9.672269225120648517e-05
1.883480114204671736e+02,2.208429764946054661e+02,5.939178466796875000e+02,2.930124587960024514e-03,2.930124587960024514e-03,8.803260326385498741e-03,2.784902738502808006e-01,3.085721497458848717e-02,2.244848632812477263e+00,3.616413977968694488e-05,3.616413977968694488e-05,1.088127493858326994e-04
1.886265016943174544e+02,2.208738337095800546e+02,5.961626953124999773e+02,2.966288727739711459e-03,2.966288727739711459e-03,8.912073075771331440e-03,-5.656881404220172271e+00,-7.863089906765367232e+00,-1.100668945312497726e+01,2.963356977485169519e-05,2.963356977485169519e-05,8.916631340980495091e-05
1.829696202900972821e+02,2.130107438028146873e+02,5.851560058593750000e+02,2.995922297514563154e-03,2.995922297514563154e-03,9.001239389181136391e-03,-6.512045288114904906e-01,-1.313158947491075423e+00,4.254394531250227374e-01,3.330345265406195465e-05,3.330345265406195465e-05,1.002117991447462608e-04
1.823184157612857916e+02,2.116975848553236119e+02,5.855814453125000227e+02,3.029225750168625109e-03,3.029225750168625109e-03,9.101451188325882652e-03,-5.816354369887905307e+01,-6.220208186093191216e+01,-9.725236816406254547e+01,3.315508746714289356e-05,3.315508746714289356e-05,9.976848959922755833e-05
1.241548720624067386e+02,1.494955029943916998e+02,4.883290771484374773e+02,3.062380837635768002e-03,3.062380837635768002e-03,9.201219677925110210e-03,-4.035798396622823248e+00,-3.221869475958442308e+00,-2.554223632812522737e+00,3.285540057949192308e-05,3.285540057949192308e-05,9.886994957923785077e-05
1.201190736657839153e+02,1.462736335184332574e+02,4.857748535156249545e+02,3.095236238215259925e-03,3.095236238215259925e-03,9.300089627504348061e-03,-3.878144693408572152e+00,-3.830665147249334268e+00,-2.924536132812477263e+00,3.341619705067057355e-05,3.341619705067057355e-05,1.005604863166809082e-04
1.162409289723753432e+02,1.424429683711839232e+02,4.828503173828124773e+02,3.128652435265930499e-03,3.128652435265930499e-03,9.400650113821028969e-03,-3.996206254234792254e+00,-3.409467230047937392e+00,-2.560986328124954525e+00,3.451892641622746061e-05,3.451892641622746061e-05,1.038841903209693218e-04
1.122447227181405509e+02,1.390335011411359858e+02,4.802893310546875227e+02,3.163171361682157959e-03,3.163171361682157959e-03,9.504534304141998291e-03,-5.486599527971449675e+00,-4.625060317687399447e+00,-4.725683593750034106e+00,3.294919477653517753e-05,3.294919477653517753e-05,9.916126728057826634e-05
1.067581231901691012e+02,1.344084408234485863e+02,4.755636474609374886e+02,3.196120556458693137e-03,3.196120556458693137e-03,9.603695571422576557e-03,-4.822679918152175560e+00,-5.140527233044082323e+00,-4.626000976562465894e+00,3.294773783451025381e-05,3.294773783451025381e-05,9.916201233863865261e-05
1.019354432720169257e+02,1.292679135904045040e+02,4.709376464843750227e+02,3.229068294293203391e-03,3.229068294293203391e-03,9.702857583761215210e-03,-3.643136157721016843e+00,-3.241198114896064908e+00,-2.433178710937568212e+00,3.294702363297163233e-05,3.294702363297163233e-05,9.916201233863865261e-05
9.829230711429590883e+01,1.260267154755084391e+02,4.685044677734374545e+02,3.262015317926175023e-03,3.262015317926175023e-03,9.802019596099853863e-03,-4.117194635758195886e+00,-3.565267876934683500e+00,-3.010742187500000000e+00,3.294556685869880555e-05,3.294556685869880555e-05,9.916126728057826634e-05
9.417511247853771295e+01,1.224614475985737556e+02,4.654937255859374545e+02,3.294960884784873829e-03,3.294960884784873829e-03,9.901180863380432129e-03,-3.200773323924750002e+00,-2.709730074290149560e+00,-1.540380859374977263e+00,3.529772328545420501e-05,3.529772328545420501e-05,1.062445342540734028e-04
9.097433915461296294e+01,1.197517175242836061e+02,4.639533447265624773e+02,3.330258608070328034e-03,3.330258608070328034e-03,1.000742539763450553e-02,-2.304735253951662344e+00,-1.695735143841687886e+00,-1.357177734374772626e-01,3.706152846109879093e-05,3.706152846109879093e-05,1.115575432777404785e-04
8.866960390066130060e+01,1.180559823804419182e+02,4.638176269531250000e+02,3.367320136531426825e-03,3.367320136531426825e-03,1.011898294091224601e-02,-2.360923450650133759e+00,-1.684770917790132216e+00,-2.726806640624772626e-01,3.573660164221236640e-05,3.573660164221236640e-05,1.075722277164466167e-04
8.630868045001116684e+01,1.163712114626517860e+02,4.635449462890625227e+02,3.403056738173639191e-03,3.403056738173639191e-03,1.022655516862869263e-02,-1.817614823617020647e+00,-1.339789480987235493e+00,-2.097167968750000000e-01,2.846436337282116230e-05,2.846436337282116230e-05,8.568614721298287162e-05
8.449106562639414619e+01,1.150314219816645505e+02,4.633352294921875227e+02,3.431521101546460353e-03,3.431521101546460353e-03,1.031224131584167550e-02,-2.336318393481107591e+00,-1.771756497632352989e+00,-3.874023437500113687e-01,3.622137368641375338e-05,3.622137368641375338e-05,1.090399920940388762e-04
8.215474723291303860e+01,1.132596654840321975e+02,4.629478271484375114e+02,3.467742475232874107e-03,3.467742475232874107e-03,1.042128130793571437e-02,-2.632406525657017937e+00,-2.375396855753606928e+00,-1.689086914062556843e+00,2.630530895249240039e-05,2.630530895249240039e-05,7.919147610664471759e-05
7.952234070725602066e+01,1.108842686282785905e+02,4.612587402343749545e+02,3.494047784185366507e-03,3.494047784185366507e-03,1.050047278404235909e-02,-3.368347209151849597e+00,-2.853057343857372530e+00,-1.880859374999943157e+00,3.489720715700844050e-05,3.489720715700844050e-05,1.050591468811021278e-04
7.615399349810417107e+01,1.080312112844212180e+02,4.593778808593750114e+02,3.528944991342374948e-03,3.528944991342374948e-03,1.060553193092346122e-02,-3.539825033159488044e+00,-3.078244267346775587e+00,-2.062597656250034106e+00,3.484810409874750103e-05,3.484810409874750103e-05,1.049153506755828857e-04
7.261416846494468302e+01,1.049529670170744424e+02,4.573152832031249773e+02,3.563793095441122449e-03,3.563793095441122449e-03,1.071044728159904411e-02,-2.378936843176376215e+00,-1.969997339673014380e+00,-6.654785156249545253e-01,3.484651855955494051e-05,3.484651855955494051e-05,1.049153506755828857e-04
7.023523162176830681e+01,1.029829696774014280e+02,4.566498046875000227e+02,3.598639614000677389e-03,3.598639614000677389e-03,1.081536263227462699e-02,-2.533024079824400587e+00,-2.069867908710591564e+00,-1.020507812500000000e+00,3.484567550000655309e-05,3.484567550000655309e-05,1.049153506755828857e-04
6.770220754194390622e+01,1.009131017686908365e+02,4.556292968750000227e+02,3.633485289500683942e-03,3.633485289500683942e-03,1.092027798295020988e-02,-2.270339619148288079e+00,-1.955208254465944151e+00,-1.037963867187500000e+00,3.048883086631754349e-05,3.048883086631754349e-05,9.180083870887791042e-05
6.543186792279561814e+01,9.895789351422489233e+01,4.545913330078125227e+02,3.663974120367001486e-03,3.663974120367001486e-03,1.101207882165908779e-02,-3.704129426681383563e+00,-3.866022256658908418e+00,-2.715844726562522737e+00,3.919850653002175667e-05,3.919850653002175667e-05,1.180291175842292095e-04
6.172773849611423458e+01,9.509187125756598391e+01,4.518754882812500000e+02,3.703172626897023242e-03,3.703172626897023242e-03,1.113010793924331700e-02,-2.091689203001642738e+00,-2.208228251624078098e+00,-1.365698242187477263e+00,2.613173151722611789e-05,2.613173151722611789e-05,7.868707180023158665e-05
5.963604929311259184e+01,9.288364300594190581e+01,4.505097900390625227e+02,3.729304358414249360e-03,3.729304358414249360e-03,1.120879501104354858e-02,-2.157587359631712332e+00,-2.077576245350982731e+00,-6.674804687500000000e-01,3.919594581631427252e-05,3.919594581631427252e-05,1.180298626422878611e-04
5.747846193348087951e+01,9.080606676059092308e+01,4.498423095703125227e+02,3.768500304230563633e-03,3.768500304230563633e-03,1.132682487368583645e-02,-1.013259366525240068e+00,-8.584466564672510458e-01,1.278564453124886313e-01,2.636902449679092569e-05,2.636902449679092569e-05,7.940605282783473606e-05
5.646520256695563944e+01,8.994762010412367204e+01,4.499701660156250114e+02,3.794869328727354559e-03,3.794869328727354559e-03,1.140623092651367118e-02,-1.681443653990157827e+00,-1.354009577879125459e+00,2.338867187501136868e-02,3.888907118224831441e-05,3.888907118224831441e-05,1.171134412288679649e-04
5.478375891296548161e+01,8.859361052624454658e+01,4.499935546875000227e+02,3.833758399909602873e-03,3.833758399909602873e-03,1.152334436774253915e-02,-1.477419496188296932e+00,-1.092630670453203834e+00,-7.189941406250000000e-02,3.181717237451175614e-05,3.181717237451175614e-05,9.581968188285792942e-05
5.330633941677718468e+01,8.750097985579134274e+01,4.499216552734375227e+02,3.865575572284114629e-03,3.865575572284114629e-03,1.161916404962539708e-02,-2.097816034791499362e+00,-1.456642311608462137e+00,-3.490966796874772626e-01,3.977022746695776587e-05,3.977022746695776587e-05,1.197755336761474609e-04
5.120852338198568532e+01,8.604433754418288061e+01,4.495725585937500455e+02,3.905345799751072395e-03,3.905345799751072395e-03,1.173893958330154454e-02,-1.285611499819410142e+00,-9.052401331568376008e-01,-2.835937500000227374e-01,2.386145151375565834e-05,2.386145151375565834e-05,7.186457514762878418e-05
4.992291188216627518e+01,8.513909741102604301e+01,4.492889648437500227e+02,3.929207251264828053e-03,3.929207251264828053e-03,1.181080415844917332e-02,-2.664436992179368247e+00,-2.029073684807300992e+00,-8.440673828125113687e-01,4.772119498905498525e-05,4.772119498905498525e-05,1.437306404113766062e-04
4.725847488998690693e+01,8.311002372621874201e+01,4.484448974609375114e+02,3.976928446253883039e-03,3.976928446253883039e-03,1.195453479886054993e-02,-1.424204584910668814e+00,-1.047109368472035840e+00,-5.056396484375227374e-01,2.385974352963737138e-05,2.385974352963737138e-05,7.186532020568917045e-05
4.583427030507623812e+01,8.206291435774670617e+01,4.479392578124999886e+02,4.000788189783520410e-03,4.000788189783520410e-03,1.202640011906623910e-02,-1.938709319762651262e+00,-1.303887584181467219e+00,-7.224365234374658939e-01,2.982387887381227065e-05,2.982387887381227065e-05,8.983090519905020943e-05
4.389556098531358685e+01,8.075902677356523895e+01,4.472168212890625227e+02,4.030612068657332681e-03,4.030612068657332681e-03,1.211623102426528931e-02,-1.799739111562828953e+00,-1.242663658064500964e+00,-6.290283203125000000e-01,2.982261841703252175e-05,2.982261841703252175e-05,8.983165025711059570e-05
4.209582187375075790e+01,7.951636311550073799e+01,4.465877929687500227e+02,4.060434687074365202e-03,4.060434687074365202e-03,1.220606267452239990e-02,-2.005191969874601909e+00,-1.732466420009387775e+00,-6.608886718750000000e-01,4.175069107313720412e-05,4.175069107313720412e-05,1.257635653018947947e-04
4.009062990387615599e+01,7.778389669549135021e+01,4.459269042968750227e+02,4.102185378147502406e-03,4.102185378147502406e-03,1.233182623982429470e-02,-1.296200596238925584e+00,-1.166852511338007048e+00,-4.932128906250454747e-01,2.683880953066250519e-05,2.683880953066250519e-05,8.084848523139988308e-05
3.879442930763723041e+01,7.661704418415334317e+01,4.454336914062499773e+02,4.129024187678164912e-03,4.129024187678164912e-03,1.241267472505569458e-02,-1.978986863678578345e+00,-1.687825317294098681e+00,-7.901123046874545253e-01,4.025649276229864570e-05,4.025649276229864570e-05,1.212716102600101126e-04
3.681544244395865206e+01,7.492921886685924449e+01,4.446435791015625227e+02,4.169280680440463557e-03,4.169280680440463557e-03,1.253394633531570469e-02,-2.018410364585726313e+00,-1.574839754314979245e+00,-8.346435546875454747e-01,4.025524320612310081e-05,4.025524320612310081e-05,1.212731003761291504e-04
3.479703207937292575e+01,7.335437911254426524e+01,4.438089355468749773e+02,4.209535923646586658e-03,4.209535923646586658e-03,1.265521943569183384e-02,-9.201142372283754867e-01,-7.633851424366895344e-01,-3.875244140624545253e-01,2.012719941624999814e-05,2.012719941624999814e-05,6.063580513000418892e-05
3.387691784214455026e+01,7.259099397010757571e+01,4.434214111328125227e+02,4.229663123062836656e-03,4.229663123062836656e-03,1.271585524082183803e-02,-1.954850433537050236e+00,-1.814747039796742456e+00,-1.036181640625045475e+00,4.025244167689314562e-05,4.025244167689314562e-05,1.212731003761291504e-04
3.192206740860750003e+01,7.077624693031083325e+01,4.423852294921874773e+02,4.269915564739729802e-03,4.269915564739729802e-03,1.283712834119796718e-02,-9.515849946306893514e-01,-7.710262088939714431e-01,-2.340087890625000000e-01,2.515732421740947411e-05,2.515732421740947411e-05,7.579475641250610352e-05
3.097048241397681068e+01,7.000522072141686181e+01,4.421512207031249773e+02,4.295072888957139276e-03,4.295072888957139276e-03,1.291292309761047329e-02,-1.048684860864675272e+00,-8.359703395851454388e-01,-1.912109374999317879e-01,3.018750856346227168e-05,3.018750856346227168e-05,9.095370769500801811e-05
2.992179755311213540e+01,6.916925038183171637e+01,4.419600097656250455e+02,4.325260397520601548e-03,4.325260397520601548e-03,1.300387680530548130e-02,-1.138801102304185520e+00,-9.281510447051743995e-01,-2.726074218750227374e-01,3.207341483590659542e-05,3.207341483590659542e-05,9.663999080657993679e-05
2.878299645080794988e+01,6.824109933712654197e+01,4.416874023437500227e+02,4.357333812356508143e-03,4.357333812356508143e-03,1.310051679611206124e-02,-1.262147576651820202e+00,-9.312664689992544709e-01,-3.622070312500227374e-01,3.448952180889509889e-05,3.448952180889509889e-05,1.039221882820125925e-04
2.752084887415612968e+01,6.730983286812728750e+01,4.413251953125000000e+02,4.391823334165403242e-03,4.391823334165403242e-03,1.320443898439407383e-02,-1.362025579035805123e+00,-9.018273598970836247e-01,-5.244628906249886313e-01,3.342723336755264868e-05,3.342723336755264868e-05,1.007243990898132324e-04
2.615882329512032456e+01,6.640800550823020387e+01,4.408007324218750114e+02,4.425250567532955891e-03,4.425250567532955891e-03,1.330516338348388707e-02,-1.882660895614041152e+00,-1.056295108751157841e+00,-8.957031250000113687e-01,3.581378544148267756e-05,3.581378544148267756e-05,1.079186797142018400e-04
2.427616239950628341e+01,6.535171039947904603e+01,4.399050292968750000e+02,4.461064352974438568e-03,4.461064352974438568e-03,1.341308206319808891e-02,-2.807654678481924293e+00,-2.455360298893261017e+00,-2.358056640625022737e+00,3.581250286018890228e-05,3.581250286018890228e-05,1.079201698303226126e-04
2.146850772102435911e+01,6.289635010058578501e+01,4.375469726562499773e+02,4.496876855834627471e-03,4.496876855834627471e-03,1.352100223302841152e-02,-1.200238680565806959e+00,-1.529477496594502384e+00,-9.581054687499772626e-01,2.864870804449026753e-05,2.864870804449026753e-05,8.633583784103428249e-05
2.026826904045855215e+01,6.136687260399128263e+01,4.365888671875000000e+02,4.525525563879117738e-03,4.525525563879117738e-03,1.360733807086944580e-02,-9.672030356449603516e-01,-9.920427138072227535e-01,-3.850097656250000000e-01,3.581019445862438505e-05,3.581019445862438505e-05,1.079186797142035747e-04
1.930106600481359180e+01,6.037482989018405988e+01,4.362038574218750000e+02,4.561335758337742123e-03,4.561335758337742123e-03,1.371525675058364938e-02,-8.248900601707092051e-01,-6.916618297521637260e-01,-3.691406250000000000e-01,2.864723228909044073e-05,2.864723228909044073e-05,8.633583784103254777e-05
1.847617594464288260e+01,5.968316806043189615e+01,4.358347167968750000e+02,4.589982990626832564e-03,4.589982990626832564e-03,1.380159258842468192e-02,-1.188981321516841660e+00,-8.754133216026502851e-01,-5.723876953125000000e-01,4.296893894047137952e-05,4.296893894047137952e-05,1.295030117034919048e-04
1.728719462312604094e+01,5.880775473882924587e+01,4.352623291015625000e+02,4.632951929567303943e-03,4.632951929567303943e-03,1.393109560012817383e-02,-7.442339212746063026e-01,-5.005154599215302369e-01,-3.590087890625000000e-01,2.551231632761698231e-05,2.551231632761698231e-05,7.689297199249198189e-05
1.654296070185143464e+01,5.830723927890771563e+01,4.349033203125000000e+02,4.658464245894920926e-03,4.658464245894920926e-03,1.400798857212066581e-02,-1.063770646008618925e+00,-6.759390169903980450e-01,-5.867187499999886313e-01,3.222476316813976255e-05,3.222476316813976255e-05,9.712725877761979598e-05
1.547919005584281571e+01,5.763130026191731758e+01,4.343166015625000114e+02,4.690689009063060688e-03,4.690689009063060688e-03,1.410511583089828561e-02,-1.101575368655240084e+00,-7.000929144434095974e-01,-6.083251953124886313e-01,3.625180273875757558e-05,3.625180273875757558e-05,1.092672348022450529e-04
1.437761468718757563e+01,5.693120734747390799e+01,4.337082763671875227e+02,4.726940811801818264e-03,4.726940811801818264e-03,1.421438306570053066e-02,-8.777706674956764488e-01,-5.462359043374007683e-01,-4.833496093750113687e-01,3.020858457647782047e-05,3.020858457647782047e-05,9.105801582336495170e-05
1.349984401969189918e+01,5.638497144313650722e+01,4.332249267578125114e+02,4.757149396378296084e-03,4.757149396378296084e-03,1.430544108152389561e-02,-1.220743545212123138e+00,-7.925577727786290438e-01,-7.621093750000227374e-01,3.624939355363274163e-05,3.624939355363274163e-05,1.092672348022450529e-04
1.227910047447977604e+01,5.559241367035787817e+01,4.324628173828124886e+02,4.793398789931928826e-03,4.793398789931928826e-03,1.441470831632614066e-02,-9.142896696426046077e-01,-5.555614815216216584e-01,-5.881591796874658939e-01,3.020657707205470777e-05,3.020657707205470777e-05,9.105801582336495170e-05
1.136481080483717143e+01,5.503685218883625652e+01,4.318746582031250227e+02,4.823605367003983534e-03,4.823605367003983534e-03,1.450576633214950562e-02,-1.166058604092896189e+00,-7.463780760935989633e-01,-8.559082031250113687e-01,3.624698468870056478e-05,3.624698468870056478e-05,1.092672348022467876e-04
1.019875220074427524e+01,5.429047411274265755e+01,4.310187500000000114e+02,4.859852351692684098e-03,4.859852351692684098e-03,1.461503356695175240e-02,-9.064835487914546519e-01,-6.006082962914973677e-01,-7.920166015624658939e-01,3.020456983420828634e-05,3.020456983420828634e-05,9.105801582336321698e-05
9.292268651952820591e+00,5.368986581645116019e+01,4.302267333984375455e+02,4.890056921526892385e-03,4.890056921526892385e-03,1.470609158277511562e-02,-1.129944638757796938e+00,-9.209051954626872316e-01,-1.164526367187534106e+00,3.218616234593532632e-05,3.218616234593532632e-05,9.703189134597882404e-05
8.162324013195023653e+00,5.276896062098847295e+01,4.290622070312500114e+02,4.922243083872827711e-03,4.922243083872827711e-03,1.480312347412109444e-02,-1.390443790574816596e+00,-1.146175579515009701e+00,-1.451123046875011369e+00,3.726946909899959276e-05,3.726946909899959276e-05,1.123636960983272898e-04
6.771880222620207057e+00,5.162278504147346325e+01,4.276110839843750000e+02,4.959512552971827304e-03,4.959512552971827304e-03,1.491548717021942173e-02,-1.180910638869128171e+00,-6.147105932134593331e-01,-9.763671874999886313e-01,3.440166769872431141e-05,3.440166769872431141e-05,1.037195324897766113e-04
5.590969583751078886e+00,5.100807444826000392e+01,4.266347167968750114e+02,4.993914220670551615e-03,4.993914220670551615e-03,1.501920670270919834e-02,-8.963254966038824989e-01,-3.415551961055953711e-01,-6.914062500000000000e-01,2.795022877497953945e-05,2.795022877497953945e-05,8.427202701568638210e-05
4.694644087147196387e+00,5.066651925215440855e+01,4.259433105468750114e+02,5.021864449445531155e-03,5.021864449445531155e-03,1.510347872972488473e-02,-1.406734077713422959e+00,-8.981281815549451153e-01,-1.456518554687534106e+00,3.843070601188772889e-05,3.843070601188772889e-05,1.158744096755974506e-04
3.287910009433773428e+00,4.976839107059946343e+01,4.244867919921874773e+02,5.060295155457418884e-03,5.060295155457418884e-03,1.521935313940048218e-02,-1.470790897218761328e+00,-1.981571301871312585e+00,-2.279223632812431788e+00,2.902359470479017045e-05,2.902359470479017045e-05,8.751302957534824734e-05
1.817119112215012100e+00,4.778681976872815085e+01,4.222075683593750455e+02,5.089318750162209054e-03,5.089318750162209054e-03,1.530686616897583043e-02,-6.849454763880034047e-01,-9.784924735829463316e-01,-1.214965820312556843e+00,3.265007389820304834e-05,3.265007389820304834e-05,9.845197200775146484e-05
1.132173635827008695e+00,4.680832729514520452e+01,4.209926025390624886e+02,5.121968824060412102e-03,5.121968824060412102e-03,1.540531814098358189e-02,-3.923070485886053227e-01,-3.905049951043224610e-01,-7.176025390625113687e-01,3.264937851949617498e-05,3.264937851949617498e-05,9.845346212387050266e-05
7.398665872384033726e-01,4.641782230004088206e+01,4.202749999999999773e+02,5.154618202579908277e-03,5.154618202579908277e-03,1.550377160310745239e-02,-4.375076781086950639e-01,-3.189474660621840485e-01,-7.522949218749772626e-01,3.264831257215970034e-05,3.264831257215970034e-05,9.845197200775146484e-05
3.023589091297083087e-01,4.609887483397869801e+01,4.195227050781250000e+02,5.187266515152067978e-03,5.187266515152067978e-03,1.560222357511520386e-02,-4.436901241018867403e-01,-2.185186602502184883e-01,-7.902587890624772626e-01,3.264724669464584561e-05,3.264724669464584561e-05,9.845197200775146484e-05
-1.413312149721784317e-01,4.588035617372847952e+01,4.187324462890625227e+02,5.219913761846713823e-03,5.219913761846713823e-03,1.570067554712295532e-02,-5.076865921154245509e-01,-1.273807851372694699e-01,-9.917724609375113687e-01,4.352812787283659446e-05,4.352812787283659446e-05,1.312702894210801552e-04
-6.490178070876030381e-01,4.575297538859121005e+01,4.177406738281250114e+02,5.263441889719550418e-03,5.263441889719550418e-03,1.583194583654403548e-02,-3.450364515194325188e-01,-4.862462528227240455e-02,-8.032226562500000000e-01,3.264475991370929114e-05,3.264475991370929114e-05,9.845346212387223739e-05
-9.940542586070355568e-01,4.570435076330893764e+01,4.169374511718750114e+02,5.296086649633259709e-03,5.296086649633259709e-03,1.593039929866790771e-02,-3.441550484130078136e-01,-1.257018368285400811e-03,-8.648681640625000000e-01,3.264332371907558566e-05,3.264332371907558566e-05,9.845197200775146484e-05
-1.338209307020043370e+00,4.570309374494065224e+01,4.160725830078125114e+02,5.328729973352335295e-03,5.328729973352335295e-03,1.602885127067565918e-02,-4.009769854006985934e-01,1.126729292202170996e-01,-8.716186523437841061e-01,3.264262870425038016e-05,3.264262870425038016e-05,9.845197200775146484e-05
-1.739186292420741964e+00,4.581576667416086934e+01,4.152009643554687273e+02,5.361372602056585675e-03,5.361372602056585675e-03,1.612730324268341064e-02,-4.285006499641821343e-01,5.528831856722860039e-02,-1.036523437499965894e+00,3.264156319804367712e-05,3.264156319804367712e-05,9.845346212387223739e-05
-2.167686942384924098e+00,4.587105499272809794e+01,4.141644409179687614e+02,5.394014165254629352e-03,5.394014165254629352e-03,1.622575670480728288e-02,-3.940356095277399717e-01,3.571260172783041753e-02,-1.118640136718738631e+00,3.264049776095269417e-05,3.264049776095269417e-05,9.845197200775146484e-05
-2.561722551912664070e+00,4.590676759445592836e+01,4.130458007812500227e+02,5.426654663015582046e-03,5.426654663015582046e-03,1.632420867681503435e-02,-5.082994682761592387e-01,-1.453766937216443011e-01,-1.316943359375045475e+00,3.263943239385259931e-05,3.263943239385259931e-05,9.845197200775146484e-05
-3.070022020188823308e+00,4.576139090073428406e+01,4.117288574218749773e+02,5.459294095409434645e-03,5.459294095409434645e-03,1.642266064882278581e-02,-5.154062587888614821e-01,-1.541685114783604149e-01,-1.383642578124977263e+00,3.263836709585608148e-05,3.263836709585608148e-05,9.845346212386876794e-05
-3.585428278977684791e+00,4.560722238925592364e+01,4.103452148437500000e+02,5.491932462505290727e-03,5.491932462505290727e-03,1.652111411094665458e-02,-4.848389853554984086e-01,-9.521736005456915564e-02,-1.372424316406295475e+00,3.263730186761626406e-05,3.263730186761626406e-05,9.845197200775146484e-05
-4.070267264333183199e+00,4.551200502920135449e+01,4.089727905273437045e+02,5.524569764372906991e-03,5.524569764372906991e-03,1.661956608295440604e-02,-6.363808872086673674e-01,-2.010070455323713645e-01,-1.608569335937431788e+00,3.263623670912794289e-05,3.263623670912794289e-05,9.845346212387223739e-05
-4.706648151541850567e+00,4.531099798366898312e+01,4.073642211914062727e+02,5.557206001082034934e-03,5.557206001082034934e-03,1.671801954507827828e-02,-3.882667503765331318e-01,2.026888520904606139e-01,-1.277453613281295475e+00,3.263517161972064734e-05,3.263517161972064734e-05,9.845197200775146484e-05
-5.094914901918383698e+00,4.551368683575944374e+01,4.060867675781249773e+02,5.589841172701755581e-03,5.589841172701755581e-03,1.681647151708602975e-02,-4.147569125692447400e-01,2.483251953082046271e-01,-1.320349121093727263e+00,3.263373615981172288e-05,3.263373615981172288e-05,9.845197200775146484e-05
-5.509671814487628438e+00,4.576201203106764837e+01,4.047664184570312500e+02,5.622474908861567304e-03,5.622474908861567304e-03,1.691492348909378121e-02,-4.932077844588844684e-01,3.351866471561777416e-01,-1.421142578125000000e+00,3.263304166197921602e-05,3.263304166197921602e-05,9.845346212386876794e-05
-6.002879598946512907e+00,4.609719867822382611e+01,4.033452758789062500e+02,5.655107950523546520e-03,5.655107950523546520e-03,1.701337695121764998e-02,-3.566640432855177067e-01,5.278905964275892870e-01,-1.303088378906295475e+00,3.263197678154278192e-05,3.263197678154278192e-05,9.845197200775146484e-05
-6.359543642232030614e+00,4.662508927465141539e+01,4.020421874999999545e+02,5.687739927305089302e-03,5.687739927305089302e-03,1.711182892322540144e-02,-3.766106740207488812e-01,5.309911456800122664e-01,-1.406872558593704525e+00,3.263091197015961786e-05,3.263091197015961786e-05,9.845346212387223739e-05
-6.736154316252779495e+00,4.715608042033142766e+01,4.006353149414062500e+02,5.720370839275248920e-03,5.720370839275248920e-03,1.721028238534927368e-02,-3.318616412080519495e-01,5.771367723185036880e-01,-1.485241699218704525e+00,3.262984722870749393e-05,3.262984722870749393e-05,9.845197200775146484e-05
-7.068015957460831444e+00,4.773321719264993135e+01,3.991500732421875455e+02,5.753000686503956414e-03,5.753000686503956414e-03,1.730873435735702515e-02,-3.284508540973805069e-01,5.418908311178824988e-01,-1.585180664062534106e+00,3.262878255629736435e-05,3.262878255629736435e-05,9.845197200775146484e-05
-7.396466811558211951e+00,4.827510802376781385e+01,3.975648925781250114e+02,5.785629469060253778e-03,5.785629469060253778e-03,1.740718632936477661e-02,-3.244411657358092782e-01,5.047290969069422317e-01,-1.621069335937534106e+00,3.262771795358235249e-05,3.262771795358235249e-05,9.845346212387223739e-05
-7.720907977294021229e+00,4.877983712067475608e+01,3.959438232421874773e+02,5.818257187013836131e-03,5.818257187013836131e-03,1.750563979148864885e-02,-2.427754491077358523e-01,6.295960220844989408e-01,-1.543554687499977263e+00,3.262665342055812157e-05,3.262665342055812157e-05,9.845197200775146484e-05
-7.963683426401757082e+00,4.940943314275925502e+01,3.944002685546875000e+02,5.850883840434394252e-03,5.850883840434394252e-03,1.760409176349640031e-02,-2.118449654696172857e-01,7.067525869803077399e-01,-1.478710937500011369e+00,3.262558895655246621e-05,3.262558895655246621e-05,9.845346212386876794e-05
-8.175528391871374367e+00,5.011618572973956276e+01,3.929215576171874886e+02,5.883509429390946718e-03,5.883509429390946718e-03,1.770254522562026908e-02,-1.774716650852550259e-01,7.468633989330157874e-01,-1.405725097656215894e+00,3.262415423075249593e-05,3.262415423075249593e-05,9.845197200775146484e-05
-8.353000056956629393e+00,5.086304912867257855e+01,3.915158325195312727e+02,5.916133583621699214e-03,5.916133583621699214e-03,1.780099719762802055e-02,-3.024697329529200118e-01,7.870357107140080188e-01,-1.605859375000022737e+00,3.534234249556126445e-05,3.534234249556126445e-05,1.066565513610853722e-04
-8.655469789909549405e+00,5.165008483938658657e+01,3.899099731445312500e+02,5.951475926117260479e-03,5.951475926117260479e-03,1.790765374898910592e-02,-2.518397047194298466e-01,6.825117108583853565e-01,-1.396533203125045475e+00,3.064412835995095064e-05,3.064412835995095064e-05,9.248405694961547852e-05
-8.907309494628979252e+00,5.233259655024497192e+01,3.885134399414062045e+02,5.982120054477211429e-03,5.982120054477211429e-03,1.800013780593872140e-02,-3.348972479059320051e-01,7.429941103865544960e-01,-1.651562499999954525e+00,3.483529953555736941e-05,3.483529953555736941e-05,1.051336526870713661e-04
-9.242206742534911257e+00,5.307559066063152642e+01,3.868618774414062500e+02,6.016955354012768799e-03,6.016955354012768799e-03,1.810527145862579276e-02,-3.201608385153988934e-01,6.492783111652755679e-01,-1.610107421875000000e+00,3.241503495941561869e-05,3.241503495941561869e-05,9.783357381820678711e-05
-9.562367581050310150e+00,5.372486897179680199e+01,3.852517700195312500e+02,6.049370388972184417e-03,6.049370388972184417e-03,1.820310503244399955e-02,-2.870778865593912599e-01,6.745193112359686438e-01,-1.646325683593772737e+00,3.338187026121191420e-05,3.338187026121191420e-05,1.007542014122009277e-04
-9.849445467609701410e+00,5.439938828303277063e+01,3.836054443359374773e+02,6.082752259233396332e-03,6.082752259233396332e-03,1.830385923385620048e-02,-3.941835714451542572e-01,5.818418819357944471e-01,-1.695544433593681788e+00,3.192897505688904042e-05,3.192897505688904042e-05,9.637326002120971680e-05
-1.024362903905485567e+01,5.498123016496856508e+01,3.819098999023437955e+02,6.114681234290285372e-03,6.114681234290285372e-03,1.840023249387741019e-02,-3.951806471516796648e-01,6.234615002604542155e-01,-1.771777343750045475e+00,3.337931992503442857e-05,3.337931992503442857e-05,1.007542014122009277e-04
-1.063880968620653533e+01,5.560469166522901929e+01,3.801381225585937500e+02,6.148060554215319801e-03,6.148060554215319801e-03,1.850098669528961112e-02,-5.100166826117344954e-01,6.684946298775216178e-01,-1.779821777343727263e+00,3.337857601645993072e-05,3.337857601645993072e-05,1.007542014122009277e-04
-1.114882636881826983e+01,5.627318629510654091e+01,3.783583007812500227e+02,6.181439130231779731e-03,6.181439130231779731e-03,1.860174089670181205e-02,-5.028535536631490999e-01,7.068010669308009142e-01,-1.669372558593750000e+00,3.337709170343153980e-05,3.337709170343153980e-05,1.007542014122009277e-04
-1.165167992248141893e+01,5.697998736203734182e+01,3.766889282226562727e+02,6.214816221935211271e-03,6.214816221935211271e-03,1.870249509811401298e-02,-6.519332947090852315e-01,-2.319960227222139793e-02,-2.043994140625045475e+00,3.337634791888456631e-05,3.337634791888456631e-05,1.007542014122009277e-04
-1.230361321719050416e+01,5.695678775976512043e+01,3.746449340820312273e+02,6.248192569854095837e-03,6.248192569854095837e-03,1.880324929952621391e-02,-5.889393744560127431e-01,9.021640766362537533e-02,-1.975610351562465894e+00,3.337449358291073170e-05,3.337449358291073170e-05,1.007542014122009277e-04
-1.289255259164651690e+01,5.704700416742874580e+01,3.726693237304687614e+02,6.281567063437006569e-03,6.281567063437006569e-03,1.890400350093841483e-02,-3.574339731359732042e+00,-1.259299545683525423e+01,-1.456657714843748863e+01,3.645700725881002857e-05,3.645700725881002857e-05,1.100629568099968647e-04
-1.646689232300624894e+01,4.445400871059349157e+01,3.581027465820312727e+02,6.318024070695816598e-03,6.318024070695816598e-03,1.901406645774841170e-02,-8.892490812752740226e-02,-4.636720040853390401e-01,-8.481201171875341061e-01,2.938245805999672305e-05,2.938245805999672305e-05,8.870661258697509766e-05
-1.655581723113377635e+01,4.399033670650815253e+01,3.572546264648437386e+02,6.347406528755813321e-03,6.347406528755813321e-03,1.910277307033538680e-02,-4.488396093217161820e-02,-2.682382277335051413e-01,-9.888793945312386313e-01,3.672704363974748504e-05,3.672704363974748504e-05,1.108840107917792583e-04
-1.660070119206594796e+01,4.372209847877464739e+01,3.562657470703125000e+02,6.384133572395560806e-03,6.384133572395560806e-03,1.921365708112716605e-02,6.649627003389824154e-02,7.217235179311387583e-02,-6.629882812500227374e-01,2.938051569307577326e-05,2.938051569307577326e-05,8.870810270309587020e-05
-1.653420492203204972e+01,4.379427083056776127e+01,3.556027587890624773e+02,6.413514088088636579e-03,6.413514088088636579e-03,1.930236518383026192e-02,2.249349979070736083e-01,3.987233681289765741e-01,-6.331787109375000000e-01,3.672461582936159541e-05,3.672461582936159541e-05,1.108840107917792583e-04
-1.630926992412497611e+01,4.419299419869673784e+01,3.549695800781249773e+02,6.450238703917998175e-03,6.450238703917998175e-03,1.941324919462204118e-02,2.125475829777769832e-01,3.907254643815605277e-01,-5.623046874999886313e-01,3.305092712538922756e-05,3.305092712538922756e-05,9.979605674743582955e-05
-1.609672234114719913e+01,4.458371966307829837e+01,3.544072753906249886e+02,6.483289631043387402e-03,6.483289631043387402e-03,1.951304525136947701e-02,2.343201191245345427e-01,4.528273629963450730e-01,-6.095214843749658939e-01,3.304983479748661857e-05,3.304983479748661857e-05,9.979605674743582955e-05
-1.586240222202266459e+01,4.503654702607464344e+01,3.537977539062500227e+02,6.516339465840874021e-03,6.516339465840874021e-03,1.961284130811691284e-02,2.481956517355339287e-01,5.099560114226022733e-01,-6.825439453125454747e-01,3.304874254222555513e-05,3.304874254222555513e-05,9.979456663131852645e-05
-1.561420657028713066e+01,4.554650303749724571e+01,3.531152099609374773e+02,6.549388208383099576e-03,6.549388208383099576e-03,1.971263587474823137e-02,2.155899209763205704e-01,5.922308492833536775e-01,-8.167236328124545253e-01,3.304765035871699147e-05,3.304765035871699147e-05,9.979605674743582955e-05
-1.539861664931081009e+01,4.613873388678059939e+01,3.522984863281250227e+02,6.582435858741816567e-03,6.582435858741816567e-03,1.981243193149566720e-02,1.962827861074156743e-01,6.711069429306348866e-01,-1.086694335937522737e+00,3.304581810247009255e-05,3.304581810247009255e-05,9.979605674743582955e-05
-1.520233386320339442e+01,4.680984082971123428e+01,3.512117919921875000e+02,6.615481676844286660e-03,6.615481676844286660e-03,1.991222798824310303e-02,2.086731182421690534e-01,5.690513353815660480e-01,-1.036950683593772737e+00,2.906434771112950677e-05,2.906434771112950677e-05,8.777230978012154350e-05
