Sigma_1,Sigma_2,Sigma_12,Epsilon_1,Epsilon_2,Epsilon_12,dSigma_1,dSigma_2,dSigma_12,dEpsilon_1,dEpsilon_2,dEpsilon_12
-0.000000000000000000e+00,-0.000000000000000000e+00,-0.000000000000000000e+00,0.000000000000000000e+00,0.000000000000000000e+00,0.000000000000000000e+00,1.173959567973796325e+01,7.832984475213021547e+00,1.074867744445800710e+01,1.999800121638574792e-04,6.666447875155136660e-05,1.333329943008720821e-04
1.173959567973796325e+01,7.832984475213021547e+00,1.074867744445800710e+01,1.999800121638574792e-04,6.666447875155136660e-05,1.333329943008720821e-04,5.867337342921459253e+00,3.914605114394272611e+00,5.369836044311522727e+00,9.997499944099476950e-05,3.333057289245535239e-05,6.666650297120215135e-05
1.760693302265942251e+01,1.174758958960729416e+01,1.611851348876952983e+01,2.999550116048522487e-04,9.999505164400671899e-05,1.999994972720742334e-04,5.866206751956287491e+00,3.913490281459230502e+00,5.367438507080080967e+00,9.996502871346707886e-05,3.332946200261451561e-05,6.666649132966993071e-05
2.347313977461571000e+01,1.566107987106652466e+01,2.148595199584961080e+01,3.999200403183193276e-04,1.333245136466212346e-04,2.666659886017441641e-04,5.865072415303156816e+00,3.912372258699692296e+00,5.365041351318360796e+00,9.995499016253158245e-05,3.332835118637794171e-05,6.666651461273431778e-05
2.933821218991886681e+01,1.957345212976621696e+01,2.685099334716797159e+01,4.998750304808509100e-04,1.666528648329991763e-04,3.333325032144784819e-04,5.863935862632775553e+00,3.911257913537131259e+00,5.362643432617190342e+00,9.994504669895497122e-05,3.332724044440422929e-05,6.666649132966998492e-05
3.520214805255164237e+01,2.348471004330334821e+01,3.221363677978516193e+01,5.998200771798058812e-04,1.999801052774034056e-04,3.999989945441484668e-04,5.862804724519094179e+00,3.910141904339024421e+00,5.360247802734363631e+00,9.993505868506125708e-05,3.332611813782512377e-05,6.666649132966993071e-05
4.106495277707073654e+01,2.739485194764237264e+01,3.757388458251952557e+01,6.997551358648671383e-04,2.333062234152285294e-04,4.666654858738183975e-04,5.861666787699235215e+00,3.909025758463094746e+00,5.357852172851565342e+00,9.992507266705201192e-05,3.332503082141061970e-05,6.666649132966993071e-05
4.692661956476997176e+01,3.130387770610546738e+01,4.293173675537109091e+01,7.996802085319191502e-04,2.666312542366391491e-04,5.333319772034883282e-04,5.860537317342000563e+00,3.907912526259835317e+00,5.355456542968752842e+00,9.991499559590334614e-05,3.332389702479112261e-05,6.666653789579870485e-05
5.278715688211197232e+01,3.521179023236530270e+01,4.828719329833984375e+01,8.995952041278224964e-04,2.999551512614302717e-04,5.999985150992870331e-04,5.859401057252313194e+00,3.906799158275639172e+00,5.353062438964840908e+00,9.990510662625400919e-05,3.332280985485512386e-05,6.666649132966993071e-05
5.864655793936428552e+01,3.911858939064094187e+01,5.364025573730468466e+01,9.995003107540765055e-04,3.332779611162853955e-04,6.666650064289569638e-04,5.858261046457712951e+00,3.905682598355404878e+00,5.350671386718751421e+00,9.989512659297180089e-05,3.332167620780199409e-05,6.666649132966993071e-05
6.450481898582199847e+01,4.302427198899634675e+01,5.899092712402343608e+01,1.099395437347048306e-03,3.665996373240873896e-04,7.333314977586268945e-04,5.857132565204025809e+00,3.904568955691175347e+00,5.348278808593754263e+00,9.988514855340403092e-05,3.332058918431525431e-05,6.666649132967003913e-05
7.036195155102602428e+01,4.692884094468752210e+01,6.433920593261719034e+01,1.199280585900452337e-03,3.999202265084026440e-04,7.999979890882969336e-04,5.855997284023473526e+00,3.903455173604214679e+00,5.345889282226565342e+00,9.987517250695308706e-05,3.331945568657665880e-05,6.666649132966993071e-05
7.621794883504949780e+01,5.083229611829173678e+01,6.968509521484375568e+01,1.299155758407405424e-03,4.332396821949793028e-04,8.666644804179668643e-04,5.854861312535149409e+00,3.902341255189526237e+00,5.343493652343738631e+00,9.986519845280017980e-05,3.331834553766088421e-05,6.666649132966993071e-05
8.207281014758464721e+01,5.473463737348126301e+01,7.502858886718749432e+01,1.399020956860205604e-03,4.665580277326401870e-04,9.333309717476367950e-04,5.852667150497225634e+00,3.900873021266470175e+00,5.340118408203125000e+00,9.985513339833408490e-05,3.331728200531015567e-05,6.666649132967003913e-05
8.792547729808187285e+01,5.863551039474773319e+01,8.036870727539061932e+01,1.498876090258539689e-03,4.998753097379503426e-04,9.999974630773068342e-04,5.844896693407918065e+00,3.897719140586694664e+00,5.332403564453130684e+00,9.984534931301090703e-05,3.331612545952788908e-05,6.666649132966982229e-05
9.377037399148979091e+01,6.253322953533442785e+01,8.570111083984375000e+01,1.598721439571550596e-03,5.331914351974782317e-04,1.066663954406976656e-03,5.839465155270502805e+00,3.895096228030794805e+00,5.326147460937505684e+00,9.983528824037877190e-05,3.331501553251257474e-05,6.666658446192737057e-05
9.960983914676029372e+01,6.642832576336522266e+01,9.102725830078125568e+01,1.698556727811929368e-03,5.665064507299908065e-04,1.133330538868904027e-03,5.836410171255650425e+00,3.893279174850064805e+00,5.322033691406232947e+00,9.982513622067449785e-05,3.331390567922734493e-05,6.666649132967003913e-05
1.054462493180159441e+02,7.032160493821528746e+01,9.634929199218748863e+01,1.798381864032603866e-03,5.998203564092181514e-04,1.199997030198574066e-03,5.831794608303923155e+00,3.890930575440108896e+00,5.317355346679704553e+00,9.981535806883657692e-05,3.331284243627598025e-05,6.666649132967003913e-05
1.112780439263198673e+02,7.421253551365539636e+01,1.016666473388671932e+02,1.898197222101440443e-03,6.331331988454941316e-04,1.266663521528244105e-03,5.828161927830507238e+00,3.888612246606854228e+00,5.311886596679670447e+00,9.980539595727186408e-05,3.331168619293304808e-05,6.666649132966982229e-05
1.171062058541503745e+02,7.810114776026225059e+01,1.069785339355468636e+02,1.998002618058712307e-03,6.664448850384271797e-04,1.333330012857913928e-03,5.825494192425267670e+00,3.886599052882246497e+00,5.307690429687511369e+00,9.979543583449714331e-05,3.331057656145975342e-05,6.666649132967003913e-05
1.229317000465756422e+02,8.198774681314449708e+01,1.122862243652343750e+02,2.097798053893209450e-03,6.997554615998869331e-04,1.399996504187583967e-03,5.821406179920231239e+00,3.883913753037518291e+00,5.302239990234369316e+00,9.978547769925192115e-05,3.330946700368694457e-05,6.666649132966982229e-05
1.287531062264958734e+02,8.587166056618201537e+01,1.175884643554687443e+02,2.197583531592461371e-03,7.330649286035738777e-04,1.466662995517253789e-03,5.816974013362141704e+00,3.881356435274355476e+00,5.296838378906244316e+00,9.977552155116279839e-05,3.330840405068387529e-05,6.666649132967003913e-05
1.345700802398580151e+02,8.975301700145637085e+01,1.228853027343749886e+02,2.297359053143624170e-03,7.663733326542577530e-04,1.533329486846923828e-03,5.811022868532319308e+00,3.877766508630557496e+00,5.289459228515625000e+00,9.976556738963563223e-05,3.330724810899493571e-05,6.666649132967003913e-05
1.403811031083903345e+02,9.363078351008692835e+01,1.281747619628906136e+02,2.397124620533259802e-03,7.996805807632526887e-04,1.599995978176593867e-03,5.804775894844652839e+00,3.874090681034488171e+00,5.282330322265636369e+00,9.975561521385336791e-05,3.330613877294526584e-05,6.666649132966982229e-05
1.461858790032349873e+02,9.750487419112141652e+01,1.334570922851562500e+02,2.496880235747113170e-03,8.329867195361979545e-04,1.666662469506263690e-03,5.796176861830417693e+00,3.868355792972053564e+00,5.270288085937494316e+00,9.974566502388756278e-05,3.330502951123229163e-05,6.666649132967003913e-05
1.519820558650654050e+02,1.013732299840934701e+02,1.387273803710937443e+02,2.596625900771000733e-03,8.662917490474302462e-04,1.733328960835933729e-03,5.790439067829510122e+00,3.864147558352470924e+00,5.262225341796892053e+00,9.973571681847880760e-05,3.330392032296122101e-05,6.666649132966982229e-05
1.577724949328949151e+02,1.052373775424459410e+02,1.439896057128906364e+02,2.696361617589479540e-03,8.995956693703914672e-04,1.799995452165603551e-03,5.783364920068407855e+00,3.858955294394917246e+00,5.251770019531250000e+00,9.972577059725457049e-05,3.330281120901188406e-05,6.666649132967003913e-05
1.635558598529633230e+02,1.090963328368408582e+02,1.492413757324218864e+02,2.796087388186734111e-03,9.328984805794033512e-04,1.866661943495273590e-03,5.775296642957215454e+00,3.853347045736498444e+00,5.240270996093727263e+00,9.971564063366786246e-05,3.330170216871142490e-05,6.666649132967003913e-05
1.693311564959205384e+02,1.129496798825773567e+02,1.544816467285156136e+02,2.895803028820401973e-03,9.662001827481147762e-04,1.933328434824943629e-03,5.765438096865636908e+00,3.847945949058157566e+00,5.230487060546863631e+00,9.970588412350385454e-05,3.330068624140397615e-05,6.666649132967003913e-05
1.750965945927861753e+02,1.167976258316355143e+02,1.597121337890624773e+02,2.995508912943905828e-03,9.995008689895187523e-04,1.999994926154613668e-03,5.754670107552129821e+00,3.842678681914833305e+00,5.220770263671909106e+00,9.969594385104973977e-05,3.329948430637373960e-05,6.666649132966960545e-05
1.808512647003383051e+02,1.206403045135503476e+02,1.649329040527343864e+02,3.095204856794955568e-03,1.032800353295892492e-03,2.066661417484283274e-03,5.745747749807463833e+00,3.837154252428874202e+00,5.210906982421875000e+00,9.968619123126333526e-05,3.329837548786342312e-05,6.666649132967003913e-05
1.865970124501457690e+02,1.244774587659792218e+02,1.701438110351562614e+02,3.194891048026218903e-03,1.066098728783755915e-03,2.133327908813953313e-03,5.733772696572884797e+00,3.829441783390748810e+00,5.196441650390625000e+00,9.967588358123337725e-05,3.329726674275077479e-05,6.666667759418513570e-05
1.923307851467186538e+02,1.283069005493699706e+02,1.753402526855468864e+02,3.294566931607452280e-03,1.099395995526506690e-03,2.199994586408138449e-03,5.719589125591852508e+00,3.820396444071889164e+00,5.178582763671869316e+00,9.966632055647848751e-05,3.329615807191573310e-05,6.666649132966960545e-05
1.980503742723105063e+02,1.321272969934418597e+02,1.805188354492187557e+02,3.394233252163930768e-03,1.132692153598422423e-03,2.266661077737808054e-03,5.701444157228735321e+00,3.809773631607413336e+00,5.157849121093732947e+00,9.965601694112693684e-05,3.329504947468522533e-05,6.666649132967003913e-05
2.037518184295392416e+02,1.359370706250492731e+02,1.856766845703124886e+02,3.493889269105057704e-03,1.165987203073107648e-03,2.333327569067478093e-03,5.679605952183663931e+00,3.797866456349055397e+00,5.135827636718772737e+00,9.964608660902344803e-05,3.329394095105209575e-05,6.666649132967003913e-05
2.094314243817229055e+02,1.397349370813983285e+02,1.908125122070312614e+02,3.593535355714081152e-03,1.199281144024159744e-03,2.399994060397148132e-03,5.650409642167062430e+00,3.782584770590517564e+00,5.106451416015602263e+00,9.963652941138122221e-05,3.329283250167445508e-05,6.666649132967003913e-05
2.150818340238899680e+02,1.435175218519888460e+02,1.959189636230468636e+02,3.693171885125462375e-03,1.232573976525834199e-03,2.466660551726818171e-03,5.619476378932233729e+00,3.766091520161410244e+00,5.074975585937522737e+00,9.962623184377097235e-05,3.329181714022957581e-05,6.666649132967003913e-05
2.207013104028222017e+02,1.472836133721502563e+02,2.009939392089843864e+02,3.792798116969233347e-03,1.265865793666063775e-03,2.533327043056488211e-03,5.596327647542949535e+00,3.753825693856015278e+00,5.051092529296852263e+00,9.961667852832105721e-05,3.329061582056321890e-05,6.666649132966960545e-05
2.262976380503651512e+02,1.510374390660062716e+02,2.060450317382812386e+02,3.892414795497554404e-03,1.299156409486626994e-03,2.599993534386157816e-03,5.568612319611986550e+00,3.740971912149717582e+00,5.024487304687511369e+00,9.960638498917890465e-05,3.328950759257640925e-05,6.666649132967003913e-05
2.318662503699771378e+02,1.547784109781559891e+02,2.110695190429687500e+02,3.992021180486733309e-03,1.332445917079203403e-03,2.666660025715827855e-03,5.533191102110777138e+00,3.724144114734116329e+00,4.989904785156255684e+00,9.959683555314444159e-05,3.328839943815054860e-05,6.666649132967003913e-05
2.373994414720879149e+02,1.585025550928901055e+02,2.160594238281250057e+02,4.091618016039877750e-03,1.365734316517353952e-03,2.733326517045497894e-03,5.496459417536073033e+00,3.705517666193827608e+00,4.950329589843732947e+00,9.958654604051968978e-05,3.328729135727804753e-05,6.666649132967003913e-05
2.428959008896239880e+02,1.622080727590839331e+02,2.210097534179687386e+02,4.191204562080397440e-03,1.399021607874631999e-03,2.799993008375167933e-03,5.446795074220943889e+00,3.681119355670091409e+00,4.896203613281272737e+00,9.957700048201113124e-05,3.328618335061593256e-05,6.666649132967003913e-05
2.483426959638449318e+02,1.658891921147540245e+02,2.259059570312500114e+02,4.290781562562408571e-03,1.432307791225247932e-03,2.866659499704837973e-03,5.337503659039583681e+00,3.626657469278399049e+00,4.756494140624994316e+00,9.956671499307227780e-05,3.328507541727125478e-05,6.666649132966960545e-05
2.536801996228845155e+02,1.695158495840324235e+02,2.306624511718750057e+02,4.390348277555480849e-03,1.465592866642519186e-03,2.933325991034507578e-03,5.237694746936710999e+00,3.581469154669775889e+00,4.643896484375005684e+00,9.955717330953697819e-05,3.328396755812221795e-05,6.666649132967003913e-05
2.589178943698212265e+02,1.730973187387021994e+02,2.353063476562500114e+02,4.489905450865017827e-03,1.498876834200641404e-03,2.999992482364177617e-03,5.190881526084012876e+00,3.562280487854167177e+00,4.601721191406227263e+00,9.954689184211475139e-05,3.328295276208204957e-05,6.666649132967003913e-05
2.641087758959052394e+02,1.766595992265563666e+02,2.399080688476562386e+02,4.589452342707132579e-03,1.532159786962723454e-03,3.066658973693847656e-03,5.138486070244198345e+00,3.544899319845001173e+00,4.569567871093767053e+00,9.953698324480144549e-05,3.328175205751546066e-05,6.666667759418470202e-05
2.692472619661494377e+02,1.802044985464013678e+02,2.444776367187500057e+02,4.688989325951934024e-03,1.565441539020238915e-03,3.133325651288032358e-03,5.078764451491622367e+00,3.525291174522237725e+00,4.534130859374982947e+00,9.952744736913595597e-05,3.328064441913795857e-05,6.666630506515537624e-05
2.743260264176410601e+02,1.837297897209236055e+02,2.490117675781249886e+02,4.788516773321069980e-03,1.598722183439376873e-03,3.199991956353187735e-03,5.013332680036910460e+00,3.493160631321046594e+00,4.469067382812511369e+00,9.951717192973382614e-05,3.327953685492704081e-05,6.666667759418470202e-05
2.793393590976779706e+02,1.872229503522446521e+02,2.534808349609375000e+02,4.888033945250803806e-03,1.632001720294303914e-03,3.266658633947372437e-03,4.953549126523114410e+00,3.473046367833092063e+00,4.431896972656261369e+00,9.950763992344451025e-05,3.327842936398889111e-05,6.666630506515494256e-05
2.842929082242010850e+02,1.906959967200777442e+02,2.579127319335937614e+02,4.987541585174248317e-03,1.665280149658292805e-03,3.333324939012527379e-03,4.915218474432037965e+00,3.461037093365263217e+00,4.407592773437500000e+00,9.949736849937558525e-05,3.327732194720258059e-05,6.666667759418513570e-05
2.892081266986331229e+02,1.941570338134430074e+02,2.623203247070312614e+02,5.087038953673623902e-03,1.698557471605495386e-03,3.399991616606712515e-03,4.846641770252347214e+00,3.442044300417990144e+00,4.361401367187511369e+00,9.948784035969555906e-05,3.327621460389568707e-05,6.666630506515494256e-05
2.940547684688854702e+02,1.975990781138609975e+02,2.666817260742187727e+02,5.186526794033319461e-03,1.731833686209391073e-03,3.466657921671867457e-03,4.738013714661633458e+00,3.415345572405328767e+00,4.289794921875000000e+00,9.947757294902128539e-05,3.327510733406148849e-05,6.666667759418470202e-05
2.987927821835471036e+02,2.010144236862663263e+02,2.709715209960937727e+02,5.286004366982340746e-03,1.765108793543452561e-03,3.533324599266052159e-03,4.702745412446404316e+00,3.398305069498121611e+00,4.250830078124977263e+00,9.946804867407097600e-05,3.327400013835701137e-05,6.666630506515494256e-05
3.034955275959935079e+02,2.044127287557644479e+02,2.752223510742187500e+02,5.385472415656411722e-03,1.798382793681809573e-03,3.599990904331207102e-03,4.710229291844143518e+00,3.388490424751040564e+00,4.231860351562488631e+00,9.945778527396722385e-05,3.327289301588843944e-05,6.666667759418513570e-05
3.082057568878376514e+02,2.078012191805154885e+02,2.794542114257812386e+02,5.484930200930378946e-03,1.831655686697698012e-03,3.666657581925392238e-03,4.675144298756208627e+00,3.366811854619356836e+00,4.184069824218738631e+00,9.944826486120526138e-05,3.327178596753484381e-05,6.666630506515494256e-05
3.128809011865938601e+02,2.111680310351348453e+02,2.836382812499999773e+02,5.584378465791584208e-03,1.864927472665232856e-03,3.733323886990547180e-03,4.648764724991679032e+00,3.345901602359049321e+00,4.138049316406295475e+00,9.943800546951576946e-05,3.327067899262445283e-05,6.666667759418470202e-05
3.175296659115855391e+02,2.145139326374938946e+02,2.877763305664062727e+02,5.683816471261099977e-03,1.898198151657857309e-03,3.799990564584731882e-03,4.619233995897616296e+00,3.321050977373431579e+00,4.085107421875022737e+00,9.942811853571372621e-05,3.326957209114967708e-05,6.666630506515537624e-05
3.221488999074831554e+02,2.178349836148673262e+02,2.918614379882812955e+02,5.783244589796813703e-03,1.931467723749006986e-03,3.866656869649887258e-03,4.595465460578907368e+00,3.300258595811186524e+00,4.039514160156215894e+00,9.941860391166155303e-05,3.326865116272522890e-05,6.666667759418470202e-05
3.267443653680620628e+02,2.211352422106785127e+02,2.959009521484375114e+02,5.882663193708475256e-03,1.964736374911732215e-03,3.933323547244071960e-03,4.548012956913794369e+00,3.276088156561257847e+00,3.977551269531261369e+00,9.940835052835682306e-05,3.326735850340059586e-05,6.666630506515537624e-05
3.312923783249758571e+02,2.244113303672397706e+02,2.998785034179687727e+02,5.982071544236832079e-03,1.998003733415132811e-03,3.999989852309227337e-03,2.836713042635778947e-01,2.047321182151051744e-01,2.512573242187272626e-01,6.212994679067641857e-06,2.079022122888907198e-06,4.166737198829650879e-06
3.315760496292394350e+02,2.246160624854548757e+02,3.001297607421875000e+02,5.988284538915899721e-03,2.000082755538021718e-03,4.004156589508056988e-03,3.949504679406800278e+00,3.020068299617577168e+00,3.567370605468795475e+00,9.435071502031204538e-05,3.157703371003354326e-05,6.328113377094234104e-05
3.355255543086462353e+02,2.276361307850724529e+02,3.036971313476562955e+02,6.082635253936211767e-03,2.031659789248055261e-03,4.067437723278999329e-03,4.386611651034627357e+00,3.461737614983235289e+00,4.024291992187443157e+00,1.100644607487308302e-04,3.683848855115523513e-05,7.382780313491821289e-05
3.399121659596808627e+02,2.310978684000556882e+02,3.077214233398437386e+02,6.192699714684942597e-03,2.068498277799210496e-03,4.141265526413917542e-03,6.907845166960555616e+00,5.357319215866652939e+00,6.225976562500022737e+00,1.701199139147145656e-04,5.694427477239815544e-05,1.141276210546490061e-04
3.468200111266414183e+02,2.364551876159223411e+02,3.139473999023437614e+02,6.362819628599657162e-03,2.125442552571608652e-03,4.255393147468566548e-03,4.052211928785652617e+00,3.119824685398214115e+00,3.614172363281227263e+00,9.936100292662342071e-05,3.326201275206854685e-05,6.666630506515537624e-05
3.508722230554270709e+02,2.395750123013205553e+02,3.175615722656249886e+02,6.462180631526280583e-03,2.158704565323677198e-03,4.322059452533721924e-03,4.028730418965665194e+00,3.094047072627006401e+00,3.560717773437488631e+00,9.935113129878794108e-05,3.326090642737436487e-05,6.666667759418470202e-05
3.549009534743927361e+02,2.426690593739475617e+02,3.211222900390624773e+02,6.561531762825068524e-03,2.191965471751051563e-03,4.388726130127906626e-03,3.976707249819128265e+00,3.064792347213341372e+00,3.496325683593795475e+00,9.934052152006135616e-05,3.325980017605117967e-05,6.666630506515537624e-05
3.588776607242118644e+02,2.457338517211609030e+02,3.246186157226562727e+02,6.660872284345129880e-03,2.225225271927102743e-03,4.455392435193062002e-03,3.863612979736444686e+00,3.017525304350868964e+00,3.387597656249965894e+00,9.933139399956412291e-05,3.325869399875601776e-05,6.666667759418470202e-05
3.627412737039483090e+02,2.487513770255117720e+02,3.280062133789062386e+02,6.760203678344694003e-03,2.258483965925858761e-03,4.522059112787246704e-03,3.627377321574670077e+00,2.948401746056504180e+00,3.257104492187522737e+00,9.932152825370063609e-05,3.325758789459593023e-05,6.666630506515537624e-05
3.663686510255229791e+02,2.516997787715682762e+02,3.312633178710937614e+02,6.859525206598394639e-03,2.291741553820454691e-03,4.588725417852402080e-03,2.985450585065734685e+00,2.735798436239264220e+00,2.836120605468693157e+00,9.931166446718389662e-05,3.325648186444825349e-05,6.666667759418470202e-05
3.693541016105887138e+02,2.544355772078075404e+02,3.340994384765624545e+02,6.958836871065578536e-03,2.324998035684902944e-03,4.655392095446586782e-03,2.095642782097911549e+00,2.395407124211288874e+00,2.123254394531272737e+00,9.930106282228338965e-05,3.325537590764251691e-05,6.666630506515450888e-05
3.714497443926866254e+02,2.568309843320188293e+02,3.362226928710937273e+02,7.058137933887861926e-03,2.358253411592545461e-03,4.722058400511741291e-03,2.189762275325961127e+00,2.409588632386373774e+00,2.176403808593761369e+00,9.929194284441240220e-05,3.325427002417091424e-05,6.666667759418556938e-05
3.736395066680125865e+02,2.592405729644052030e+02,3.383990966796874886e+02,7.157429876732274328e-03,2.391507681616716376e-03,4.788725078105926861e-03,1.217040194678475018e+00,2.084473256436467636e+00,1.603466796875011369e+00,9.928208493352203706e-05,3.325316421469003830e-05,6.666630506515450888e-05
3.748565468626910615e+02,2.613250462208416707e+02,3.400025634765625000e+02,7.256711961665796365e-03,2.424760845831406414e-03,4.855391383171081369e-03,1.161986181160443721e+00,2.063367752402029964e+00,1.584863281250022737e+00,9.927148938193575134e-05,3.325205847830737388e-05,6.666667759418470202e-05
3.760185330438515052e+02,2.633884139732437006e+02,3.415874267578125227e+02,7.355983451047732116e-03,2.458012904309713788e-03,4.922058060765266072e-03,6.932234273911603850e-01,1.870348058094634780e+00,1.178918457031272737e+00,9.926237505582854309e-05,3.325113861700436033e-05,6.666630506515537624e-05
3.767117564712426656e+02,2.652587620313383354e+02,3.427663452148437955e+02,7.455245826103560659e-03,2.491264042926718148e-03,4.988724365830421448e-03,-2.488448074358302620e-01,1.445621321233716117e+00,2.722290039062045253e-01,9.925252301443577424e-05,3.324984722040055796e-05,6.666667759418470202e-05
3.764629116638068353e+02,2.667043833525720515e+02,3.430385742187500000e+02,7.554498349117996434e-03,2.524513890147118706e-03,5.055391043424606150e-03,-4.752526738895483049e+00,-2.628468686511951091e-01,-2.910192871093727263e+00,9.924267292896887804e-05,3.324874170504031265e-05,6.666630506515537624e-05
3.717103849249113523e+02,2.664415364839208564e+02,3.401283813476562727e+02,7.653741022046965312e-03,2.557762631852159019e-03,5.122057348489761526e-03,-8.001732894312794997e+00,-1.867897114883760423e+00,-5.982946777343727263e+00,9.923208549403057105e-05,3.324763626296996580e-05,6.666667759418470202e-05
3.637086520305985573e+02,2.645736393690370960e+02,3.341454345703125455e+02,7.752973107540995883e-03,2.591010268115128985e-03,5.188724026083946228e-03,-5.329681770580634748e+00,-8.485287146063456021e-01,-3.929101562500022737e+00,9.922297869507674256e-05,3.324653089418171115e-05,6.666630506515537624e-05
3.583789702600179226e+02,2.637251106544307504e+02,3.302163330078125227e+02,7.852196086236072625e-03,2.624256799009310696e-03,5.255390331149101604e-03,-6.568011343093473897e+00,-1.437991785184749460e+00,-4.992626953125011369e+00,9.921313447234028637e-05,3.324542559933430994e-05,6.666667759418470202e-05
3.518109589169244487e+02,2.622871188692460009e+02,3.252237060546875114e+02,7.951409220708412912e-03,2.657502224608645006e-03,5.322057008743286306e-03,-2.629469928139940293e+00,-7.759659345273348663e-01,-2.066882324218738631e+00,2.480137611750483917e-05,8.311137263866934938e-06,1.666657626628841038e-05
3.491814889887845084e+02,2.615111529347186661e+02,3.231568237304687727e+02,7.976210596825917751e-03,2.665813361872511941e-03,5.338723585009574717e-03,-1.099152175651562402e+01,-3.790532858069070699e+00,-9.206652832031295475e+00,9.300079112369193102e-05,3.116628887713142337e-05,6.249994039535505114e-05
3.381899672322688843e+02,2.577206200766495954e+02,3.139501708984374773e+02,8.069211387949609682e-03,2.696979650749643364e-03,5.401223525404929768e-03,-9.216237081595352265e+00,-3.267601248001994918e+00,-8.181457519531250000e+00,9.919160710779827139e-05,3.324300802504858224e-05,6.666630506515537624e-05
3.289737301506735321e+02,2.544530188286476005e+02,3.057687133789062273e+02,8.168402995057407953e-03,2.730222658774691946e-03,5.467889830470085144e-03,-1.203447619691115733e+01,-4.582981569850687720e+00,-1.047086181640622726e+01,1.022808099791130271e-04,3.428080491585426895e-05,6.874985992908443089e-05
3.169392539537623747e+02,2.498700372587969127e+02,2.952978515625000000e+02,8.270683805036520980e-03,2.764503463690546215e-03,5.536639690399169575e-03,-1.688478793069180028e+01,-7.191685164835149635e+00,-1.502082519531245453e+01,1.022703496851191940e-04,3.427944403857881642e-05,6.874985992908529825e-05
3.000544660230705745e+02,2.426783520939617631e+02,2.802770263671875455e+02,8.372954154721640174e-03,2.798782907729125032e-03,5.605389550328254873e-03,-1.682349091408076447e+01,-7.485609820252960844e+00,-1.506523437500004547e+01,9.296390269183767152e-05,3.116233078811645948e-05,6.249994039535505114e-05
2.832309751089898100e+02,2.351927422737088023e+02,2.652117919921875000e+02,8.465918057413477846e-03,2.829945238517241491e-03,5.667889490723609924e-03,-1.462444813725039694e+01,-6.154069411405032497e+00,-1.266566162109373295e+01,1.022503859794861303e-04,3.427720084276785623e-05,6.874985992908443089e-05
2.686065269717394131e+02,2.290386728623037698e+02,2.525461303710937671e+02,8.568168443392963976e-03,2.864222439360009347e-03,5.736639350652694355e-03,-1.460673359437618046e+01,-6.263621133800540974e+00,-1.286572265625002842e+01,1.022399319067588547e-04,3.427621168199503424e-05,6.874985992908529825e-05
2.539997933773632326e+02,2.227750517285032288e+02,2.396804077148437386e+02,8.670408375299722831e-03,2.898498651042004381e-03,5.805389210581779653e-03,-1.448395387419779468e+01,-6.241194947805581705e+00,-1.247877197265623295e+01,9.293625558383887542e-05,3.115903789680310454e-05,6.249994039535505114e-05
2.395158395031654379e+02,2.165338567806976471e+02,2.272016357421875057e+02,8.763344630883561706e-03,2.929657688938807486e-03,5.867889150977134705e-03,-1.420867436937280104e+01,-5.846387496954292828e+00,-1.187326660156250568e+01,9.757417969237514033e-05,3.271601919476157388e-05,6.562471389770507812e-05
2.253071651337926369e+02,2.106874692837433543e+02,2.153283691406250000e+02,8.860918810575936846e-03,2.962373708133569060e-03,5.933513864874839783e-03,-1.349521506074518129e+01,-5.357041254391788243e+00,-1.099913940429686932e+01,1.156386383565667642e-04,3.877567954295750227e-05,7.778294384479505358e-05
2.118119500730474556e+02,2.053304280293515660e+02,2.043292297363281307e+02,8.976557448932503611e-03,3.001149387676526562e-03,6.011296808719634836e-03,-6.069854750600342186e+00,-1.963547502309381798e+00,-4.809777832031244316e+00,8.819059890845942773e-05,2.957385529439582328e-05,5.932599306106550036e-05
2.057420953224471134e+02,2.033668805270421842e+02,1.995194519042968864e+02,9.064748047840963038e-03,3.030723242970922385e-03,6.070622801780700337e-03,-6.903112421552350497e+00,-1.964738056300660674e+00,-5.186517333984397737e+00,1.058177150514878762e-04,3.548736048659961728e-05,7.119141519069688978e-05
1.988389829008947629e+02,2.014021424707415235e+02,1.943329345703124886e+02,9.170565762892450914e-03,3.066210603457522003e-03,6.141814216971397226e-03,-8.048751084017169433e+00,-2.218934410169651983e+00,-6.031542968749988631e+00,1.190316388595315938e-04,3.992179849595517416e-05,8.009001612663269043e-05
1.907902318168775935e+02,1.991832080605718716e+02,1.883013916015625000e+02,9.289597401751982508e-03,3.106132401953477177e-03,6.221904233098029917e-03,-5.037803310223722519e+00,-1.276540381567571103e+00,-3.805914306640602263e+00,7.934630919207048827e-05,2.661358504733261215e-05,5.339346826076490221e-05
1.857524285066538710e+02,1.979066676790043005e+02,1.844954772949218977e+02,9.368943710944052997e-03,3.132745987000809789e-03,6.275297701358794819e-03,-5.897931685568465809e+00,-1.084647250519907402e+00,-4.402307128906272737e+00,1.190087673765393567e-04,3.991932809969999177e-05,8.009001612663269043e-05
1.798544968210854051e+02,1.968220204284843931e+02,1.800931701660156250e+02,9.487952478320592353e-03,3.172665315100509781e-03,6.355387717485427510e-03,-4.639787029635357385e+00,-9.616934870729210161e-01,-3.562518310546863631e+00,7.933057263386639191e-05,2.661162878107425217e-05,5.339309573173557644e-05
1.752147097914500478e+02,1.958603269414114720e+02,1.765306518554687614e+02,9.567283050954458745e-03,3.199276943881584033e-03,6.408780813217163086e-03,-6.707509975990888051e+00,-1.255691711523752474e+00,-5.281109619140636369e+00,1.189844291246515418e-04,3.991667236973332408e-05,8.009076118469220934e-05
1.685071998154591597e+02,1.946046352298877196e+02,1.712495422363281250e+02,9.686267480079110287e-03,3.239193616251317357e-03,6.488871574401855295e-03,-6.937043034786427143e+00,-1.153516909585590611e+00,-5.641027832031255684e+00,1.189702735147762924e-04,3.991470778326369068e-05,8.009001612663269043e-05
1.615701567806727326e+02,1.934511183203021290e+02,1.656085144042968693e+02,9.805237753593886579e-03,3.279108324034581048e-03,6.568961590528487986e-03,-2.709746877135359000e+00,-2.232789842973659233e-01,-2.253521728515607947e+00,5.948019832815662489e-05,1.995694211464043438e-05,4.004463553428701944e-05
1.588604099035373736e+02,1.932278393360047630e+02,1.633549926757812614e+02,9.864717951922043204e-03,3.299065266149221482e-03,6.609006226062775005e-03,-3.996911133805866712e+00,1.718826185798150163e-01,-3.319329833984397737e+00,1.189490463699999917e-04,3.991231814308004305e-05,8.009076118469220934e-05
1.548634987697315069e+02,1.933997219545845780e+02,1.600356628417968636e+02,9.983666998292043196e-03,3.338977584292301525e-03,6.689096987247467214e-03,-2.824901806150450057e+00,2.459646558249914960e-01,-2.364514160156261369e+00,8.920231610028833691e-05,2.993347169738015678e-05,6.006732583045942125e-05
1.520385969635810568e+02,1.936456866104095695e+02,1.576711486816406023e+02,1.007286931439233153e-02,3.368911055989681682e-03,6.749164313077926636e-03,-2.532026965489393433e+00,4.923854062140264887e-01,-2.135217285156215894e+00,9.899306986167928646e-05,3.322086450980189093e-05,6.666630506515537624e-05
1.495065699980916634e+02,1.941380720166235960e+02,1.555359313964843864e+02,1.017186238425401082e-02,3.402131920499483573e-03,6.815830618143082012e-03,-2.168644472761656061e+00,6.410107106681266487e-01,-1.856549072265636369e+00,9.898327120357215680e-05,3.321938966885807504e-05,6.666630506515450888e-05
1.473379255253300073e+02,1.947790827272917227e+02,1.536793823242187500e+02,1.027084565545758298e-02,3.435351310168341648e-03,6.882496923208236521e-03,-2.042231020614735826e+00,6.919371394760105431e-01,-1.795587158203119316e+00,9.897347448551557791e-05,3.321865741710014822e-05,6.666705012321489515e-05
1.452956945047152715e+02,1.954710198667677332e+02,1.518837951660156307e+02,1.036981912994309855e-02,3.468569967585441796e-03,6.949163973331451416e-03,-1.851105011337551787e+00,7.488096727118715989e-01,-1.655773925781232947e+00,9.896294240720887592e-05,3.321718274767234552e-05,6.666630506515537624e-05
1.434445894933777197e+02,1.962198295394796048e+02,1.502280212402343977e+02,1.046878207235030743e-02,3.501787150333114142e-03,7.015830278396606792e-03,-1.696265892842745870e+00,8.237081459494106639e-01,-1.470782470703170475e+00,9.895388693846075834e-05,3.321645061742269089e-05,6.666630506515450888e-05
1.417483236005349738e+02,1.970435376854290155e+02,1.487572387695312273e+02,1.056773595928876819e-02,3.535003600950536833e-03,7.082496583461761301e-03,-1.488882887868271609e+00,8.870370519261712161e-01,-1.326904296874971578e+00,9.894409603555982813e-05,3.321497611947837533e-05,6.666630506515537624e-05
1.402594407126667022e+02,1.979305747373551867e+02,1.474303344726562557e+02,1.066668005532432802e-02,3.568218577070015208e-03,7.149162888526916677e-03,-1.504271172791533218e+00,8.968474701620436917e-01,-1.356634521484380684e+00,9.893356998972452354e-05,3.321424411115376021e-05,6.666705012321489515e-05
1.387551695398751690e+02,1.988274222075172304e+02,1.460736999511718750e+02,1.076561362531405254e-02,3.601432821181168968e-03,7.215829938650131573e-03,-1.373800462009228340e+00,9.600384120824116962e-01,-1.244567871093750000e+00,9.892452011403367329e-05,3.321276978443836111e-05,6.666630506515450888e-05
1.373813690778659407e+02,1.997874606195996421e+02,1.448291320800781250e+02,1.086453814542808621e-02,3.634645590965607329e-03,7.282496243715286081e-03,-1.344109567572417063e+00,9.715205767461725372e-01,-1.224511718749994316e+00,9.891473502111197691e-05,3.321203789801363201e-05,6.666630506515537624e-05
1.360372595102935236e+02,2.007589811963458146e+02,1.436046203613281307e+02,1.096345288044919819e-02,3.667857628863620961e-03,7.349162548780441458e-03,-1.339798961190439286e+00,9.702735969517846115e-01,-1.227307128906232947e+00,9.890495186421800755e-05,3.321056374249505699e-05,6.666705012321489515e-05
1.346974605491030843e+02,2.017292547932975992e+02,1.423773132324218977e+02,1.106235783231341620e-02,3.701068192606116018e-03,7.415829598903656353e-03,-1.063128191924164412e+00,1.046267662510274477e+00,-1.001690673828136369e+00,9.889443385342928938e-05,3.320983197816450294e-05,6.666630506515450888e-05
1.336343323571789199e+02,2.027755224558078737e+02,1.413756225585937614e+02,1.116125226616684549e-02,3.734278024584280521e-03,7.482495903968810862e-03,-8.793842610588740172e-01,1.108043284448314125e+00,-8.473693847656420530e-01,9.888539142731064824e-05,3.320835799336830513e-05,6.666630506515537624e-05
1.327549480961200459e+02,2.038835657402561878e+02,1.405282531738281193e+02,1.126013765759415614e-02,3.767486382577648826e-03,7.549162209033966238e-03,-7.971109783566703300e-01,1.128837198048870505e+00,-7.730407714843750000e-01,9.887561407328528118e-05,3.320762635110633895e-05,6.666630506515450888e-05
1.319578371177633755e+02,2.050124029383050583e+02,1.397552124023437443e+02,1.135901327166744142e-02,3.800694008928755165e-03,7.615828514099120747e-03,-7.977033655468233064e-01,1.136398788756991962e+00,-7.870300292968579470e-01,9.886583865298739782e-05,3.320615253766309033e-05,6.666705012321489515e-05
1.311601337522165522e+02,2.061488017270620503e+02,1.389681823730468864e+02,1.145787911032042881e-02,3.833900161466418256e-03,7.682495564222335642e-03,-7.953816310961769886e-01,1.130395736228734904e+00,-8.020141601562613687e-01,9.885532866783265649e-05,3.320542101678059313e-05,6.666630506515537624e-05
1.303647521211203753e+02,2.072791974632907852e+02,1.381661682128906250e+02,1.155673443898826147e-02,3.867105582483198849e-03,7.749161869287491018e-03,-8.236379237347364324e-01,1.126524326108949481e+00,-8.195983886718636313e-01,9.884629368233678604e-05,3.320431845340622579e-05,6.666630506515450888e-05
1.295411141973856388e+02,2.084057217893997347e+02,1.373465698242187614e+02,1.165558073267059826e-02,3.900309900936605075e-03,7.815828174352645527e-03,-9.270236425966800198e-01,1.073607365591868756e+00,-9.055480957031250000e-01,9.883652405824616682e-05,3.320284489682218121e-05,6.666630506515537624e-05
1.286140905547889588e+02,2.094793291549916034e+02,1.364410217285156364e+02,1.175441725672884442e-02,3.933512745833427256e-03,7.882494479417800903e-03,-1.017877480659649336e+00,9.988458930868091556e-01,-1.009454345703147737e+00,9.882602008614085887e-05,3.320211355884415683e-05,6.666705012321402779e-05
1.275962130741293095e+02,2.104781750480784126e+02,1.354315673828124886e+02,1.185324327681498528e-02,3.966714859392271413e-03,7.949161529541014931e-03,-9.680728694330156259e-01,1.026487580539964029e+00,-9.747985839843522626e-01,9.881699067524479796e-05,3.320064017286843139e-05,6.666630506515537624e-05
1.266281402046962938e+02,2.115046626286183766e+02,1.344567687988281364e+02,1.195206026749023008e-02,3.999915499565139844e-03,8.015827834606170307e-03,-9.730357162112710512e-01,1.037806695601631191e+00,-9.620239257812386313e-01,9.880722684220584473e-05,3.319990895686835558e-05,6.666630506515537624e-05
1.256551044884850228e+02,2.125424693242200078e+02,1.334947448730468977e+02,1.205086749433243593e-02,4.033115408522008200e-03,8.082494139671325684e-03,-9.906157049744308551e-01,1.030937727356729283e+00,-9.434570312500341061e-01,9.879746493888542924e-05,3.319843574213325599e-05,6.666630506515537624e-05
1.246644887835105919e+02,2.135734070515767371e+02,1.325512878417968636e+02,1.214966495927132135e-02,4.066313844264141455e-03,8.149160444736481060e-03,-7.373870280362950780e-01,1.124307418419931537e+00,-7.219482421874943157e-01,9.878696897597238902e-05,3.319770464742070881e-05,6.666705012321402779e-05
1.239271017554742969e+02,2.146977144699966686e+02,1.318293395996093693e+02,1.224845192824729374e-02,4.099511548911562164e-03,8.215827494859695088e-03,-5.905284506942649614e-01,1.130167094731206134e+00,-6.496032714843806843e-01,9.877794699007270973e-05,3.319623160389240796e-05,6.666630506515537624e-05
1.233365733047800319e+02,2.158278815647278748e+02,1.311797363281249886e+02,1.234722987523736645e-02,4.132707780515454572e-03,8.282493799924850464e-03,-4.832275537077066474e-01,1.206314825234017007e+00,-5.364807128906363687e-01,9.876819087072108427e-05,3.319550063088545777e-05,6.666630506515537624e-05
1.228533457510723252e+02,2.170341963899618918e+02,1.306432556152343523e+02,1.244599806610808754e-02,4.165903281146340030e-03,8.349160104990005840e-03,-5.187524090161446111e-01,1.211542882697983714e+00,-5.542236328124658939e-01,9.875843667881030463e-05,3.319402775830981867e-05,6.666630506515537624e-05
1.223345933420561806e+02,2.182457392726598755e+02,1.300890319824218864e+02,1.254475650278689784e-02,4.199097308904649849e-03,8.415826410055161216e-03,-5.078918576421500575e-01,1.220964125452951521e+00,-5.457458496093750000e-01,9.874868441310524769e-05,3.319329690698331198e-05,6.666705012321402779e-05
1.218267014844140306e+02,2.194667033981128270e+02,1.295432861328125114e+02,1.264350518720000309e-02,4.232290605811633161e-03,8.482493460178375244e-03,-4.993896786184421899e-01,1.230508728120895512e+00,-5.455078125000056843e-01,9.873746282396990426e-05,3.319182420532910960e-05,6.666630506515537624e-05
1.213273118057955884e+02,2.206972121262337225e+02,1.289977783203125057e+02,1.274224265002397299e-02,4.265482430016962270e-03,8.549159765243530620e-03,-4.945445714862444220e-01,1.237872224405776933e+00,-5.414733886718750000e-01,9.872918580372362640e-05,3.319109347587473335e-05,6.666630506515537624e-05
1.208327672343093440e+02,2.219350843506394995e+02,1.284563049316406307e+02,1.284097183582769662e-02,4.298673523492837004e-03,8.615826070308685997e-03,-4.976742570402024057e-01,1.231627653696051539e+00,-5.496398925781278422e-01,9.871943931406834682e-05,3.318962094466838819e-05,6.666630506515364152e-05
1.203350929772691416e+02,2.231667120043355510e+02,1.279066650390625028e+02,1.293969127514176497e-02,4.331863144437505392e-03,8.682492375373839638e-03,-4.677595917955272853e-01,1.268833589353050684e+00,-5.193969726562528422e-01,9.870969474834109803e-05,3.318889033706359099e-05,6.666705012321576251e-05
1.198673333854736143e+02,2.244355455936886017e+02,1.273872680664062500e+02,1.303840096989010607e-02,4.365052034774568983e-03,8.749159425497055401e-03,-4.587016209047050097e-01,1.270977139618253204e+00,-5.694396972656221578e-01,9.869995210596942126e-05,3.318778887095689967e-05,6.666630506515537624e-05
1.194086317645689093e+02,2.257065227333068549e+02,1.268178283691406278e+02,1.313710092199607549e-02,4.398239823645525882e-03,8.815825730562210777e-03,-4.509273862423128776e-01,1.274543115298030216e+00,-5.602050781250085265e-01,9.869021138704352214e-05,3.318631659646447546e-05,6.666630506515364152e-05
1.189577043783265964e+02,2.269810658486048851e+02,1.262576232910156193e+02,1.323579113338311901e-02,4.431426140241990358e-03,8.882492035627364418e-03,-4.446600717436979266e-01,1.278060558943508340e+00,-5.557556152343750000e-01,9.868047259011664130e-05,3.318558617080961948e-05,6.666705012321576251e-05
1.185130443065828985e+02,2.282591264075483934e+02,1.257018676757812443e+02,1.333447160597323565e-02,4.464611726412799977e-03,8.949159085750580181e-03,-4.345802630775921216e-01,1.280842451969135709e+00,-5.429443359374914735e-01,9.867073571549582478e-05,3.318411406712674233e-05,6.666630506515537624e-05
1.180784640435053063e+02,2.295399688595175292e+02,1.251589233398437528e+02,1.343314234168873147e-02,4.497795840479926720e-03,9.015825390815735557e-03,-4.302512188410787530e-01,1.300645086899862690e+00,-5.369934082031306843e-01,9.865953067384955477e-05,3.318338376325467853e-05,6.666630506515364152e-05
1.176482128246642276e+02,2.308406139464173918e+02,1.246219299316406222e+02,1.353180187236258103e-02,4.530979224243181398e-03,9.082491695880889199e-03,-3.973352922656516739e-01,1.347035423618422101e+00,-5.033569335937500000e-01,9.865126787416897414e-05,3.318191182990516686e-05,6.666630506515537624e-05
1.172508775323985759e+02,2.321876493700358139e+02,1.241185729980468722e+02,1.363045314023675000e-02,4.564161136073086565e-03,9.149158000946044575e-03,-3.763523986418988443e-01,1.357719869049702766e+00,-4.964477539062528422e-01,9.864153676127258852e-05,3.318118164779160911e-05,6.666705012321576251e-05
1.168745251337566771e+02,2.335453692390855167e+02,1.236221252441406193e+02,1.372909467699802259e-02,4.597342317720878174e-03,9.215825051069260337e-03,-3.600665317784006447e-01,1.361439422102961316e+00,-4.912902832031136313e-01,9.863180756841324892e-05,3.317970988540516752e-05,6.666630506515364152e-05
1.165144586019782764e+02,2.349068086611884780e+02,1.231308349609375057e+02,1.382772648456643584e-02,4.630522027606283342e-03,9.282491356134413979e-03,-3.662794273231071429e-01,1.360401041662527177e+00,-5.025756835937613687e-01,9.862208029436103640e-05,3.317897982436056326e-05,6.666630506515537624e-05
1.161481791746551693e+02,2.362672097028510052e+02,1.226282592773437443e+02,1.392634856486079688e-02,4.663701007430643905e-03,9.349157661199569355e-03,-3.687679276640238868e-01,1.360098244268499457e+00,-4.994628906249829470e-01,9.861235493854522693e-05,3.317750823290683410e-05,6.666630506515537624e-05
1.157794112469911454e+02,2.376273079471195047e+02,1.221287963867187614e+02,1.402496091979934210e-02,4.696878515663550739e-03,9.415823966264724731e-03,-3.779303185491045269e-01,1.359452166104262005e+00,-5.041748046875085265e-01,9.860263150106123031e-05,3.317677829334751693e-05,6.666705012321402779e-05
1.154014809284420409e+02,2.389867601132237667e+02,1.216246215820312528e+02,1.412356355130040333e-02,4.730055293956898256e-03,9.482491016387938759e-03,-3.375928022756227165e-01,1.381741976756813983e+00,-4.801208496093778422e-01,9.859144090710453279e-05,3.317530687257149585e-05,6.666630506515537624e-05
1.150638881261664181e+02,2.403685020899805806e+02,1.211445007324218750e+02,1.422215499220750787e-02,4.763230600829469752e-03,9.549157321453094135e-03,-3.203250977126828047e-01,1.393853625556175757e+00,-4.764160156250056843e-01,9.858319052187883291e-05,3.317457705447231231e-05,6.666630506515537624e-05
1.147435630284537353e+02,2.417623557155367564e+02,1.206680847167968693e+02,1.432073818272938670e-02,4.796405177883942064e-03,9.615823626518249512e-03,-3.177030902964759207e-01,1.414012872289617917e+00,-4.616394042968750000e-01,9.857347283419998218e-05,3.317310580434190692e-05,6.666630506515537624e-05
1.144258599381572594e+02,2.431763685878263743e+02,1.202064453124999943e+02,1.441931165556358668e-02,4.829578283688283971e-03,9.682489931583404888e-03,-2.867421633297766448e-01,1.420264044559530703e+00,-4.378540039062386313e-01,9.856375706258045655e-05,3.317237610789714602e-05,6.666705012321402779e-05
1.141391177748274828e+02,2.445966326323859050e+02,1.197685913085937557e+02,1.451787541262616714e-02,4.862750659796181117e-03,9.749156981706618916e-03,-2.832582938353453983e-01,1.426589250444862955e+00,-4.343933105468806843e-01,9.855404320558217024e-05,3.317090502793877682e-05,6.666630506515537624e-05
1.138558594809921374e+02,2.460232218828307680e+02,1.193341979980468750e+02,1.461642945583174931e-02,4.895921564824119894e-03,9.815823286771774292e-03,-2.905880883154168259e-01,1.433037931822894961e+00,-4.371948242187500000e-01,9.854433126351216932e-05,3.317017545312241772e-05,6.666630506515537624e-05
1.135652713926767206e+02,2.474562598146536629e+02,1.188970031738281250e+02,1.471497378709526148e-02,4.929091740277242312e-03,9.882489591836929668e-03,-3.164542849389420098e-01,1.457079117335297269e+00,-4.458312988281250000e-01,9.853462123514920845e-05,3.316907522885655796e-05,6.666630506515537624e-05
1.132488171077377785e+02,2.489133389319889602e+02,1.184511718750000000e+02,1.481350840833041069e-02,4.962260815506098870e-03,9.949155896902085044e-03,-3.210167412524214114e-01,1.445324092747625855e+00,-4.687622070312613687e-01,9.852344505969709565e-05,3.316760440520098024e-05,6.666705012321402779e-05
1.129278003664853571e+02,2.503586630247365861e+02,1.179824096679687386e+02,1.491203185339010778e-02,4.995428419911299850e-03,1.001582294702529907e-02,-3.189134884433144634e-01,1.447578781044654761e+00,-4.734191894531107891e-01,9.851520706233296565e-05,3.316687501200583227e-05,6.666630506515537624e-05
1.126088868780420427e+02,2.518062418057812408e+02,1.175089904785156278e+02,1.501054706045244075e-02,5.028595294923305682e-03,1.008248925209045445e-02,-3.114312561929608592e-01,1.451943762087466894e+00,-5.049987792968835265e-01,9.850550277254281617e-05,3.316540435888311322e-05,6.666630506515537624e-05
1.122974556218490818e+02,2.532581855678687077e+02,1.170039916992187443e+02,1.510905256322498356e-02,5.061760699282188795e-03,1.014915555715560982e-02,-3.802076233798032945e-01,1.456358432675585846e+00,-5.643432617187329470e-01,9.849580039419589261e-05,3.316467508725391700e-05,6.666705012321402779e-05
1.119172479984692785e+02,2.547145440005442936e+02,1.164396484375000114e+02,1.520754836361917946e-02,5.094925374369442712e-03,1.021582260727882385e-02,-4.296676101889573829e-01,1.467521729596882096e+00,-6.138061523437556843e-01,9.848609992673014457e-05,3.316320460418874239e-05,6.666630506515537624e-05
1.114875803882803211e+02,2.561820657301411757e+02,1.158258422851562557e+02,1.530603446354590960e-02,5.128088578973631455e-03,1.028248891234397923e-02,-4.629399216134544304e-01,1.475962333065183429e+00,-6.499633789062500000e-01,9.847640137023404294e-05,3.316247545409774233e-05,6.666630506515537624e-05
1.110246404666668667e+02,2.576580280632063591e+02,1.151758789062500057e+02,1.540451086491614364e-02,5.161251054427729197e-03,1.034915521740913461e-02,-4.889941476189250125e-01,1.490391631202271583e+00,-6.921386718750000000e-01,9.846670472327123669e-05,3.316100514172241887e-05,6.666630506515364152e-05
1.105356463190479417e+02,2.591484196944086307e+02,1.144837402343750057e+02,1.550297756963941488e-02,5.194412059569451616e-03,1.041582152247428825e-02,-4.855340901686986399e-01,1.495398409842835008e+00,-7.023376464843806843e-01,9.845700998615224131e-05,3.316027611248006240e-05,6.666705012321576251e-05
1.100501122288792430e+02,2.606438181042514657e+02,1.137814025878906250e+02,1.560143457962556712e-02,5.227572335681931678e-03,1.048248857259750401e-02,-4.784274858165815658e-01,1.495914145008214291e+00,-7.004028320312443157e-01,9.844585025336333173e-05,3.315880597076336506e-05,6.666630506515537624e-05
1.095716847430626615e+02,2.621397322492596800e+02,1.130809997558593807e+02,1.569988042987893045e-02,5.260731141652695043e-03,1.054915487766265939e-02,-4.696070365802853530e-01,1.496871901120812254e+00,-6.992553710937556843e-01,9.843762638182818048e-05,3.315807706278685318e-05,6.666630506515364152e-05
1.091020777064823761e+02,2.636366041503804922e+02,1.123817443847656250e+02,1.579831805626075864e-02,5.293889218715481897e-03,1.061582118272781303e-02,-4.787555322940448832e-01,1.497878636775283212e+00,-7.156982421875000000e-01,9.842793736907981539e-05,3.315660709147291024e-05,6.666630506515537624e-05
1.086233221741883312e+02,2.651344827871557754e+02,1.116660461425781250e+02,1.589674599362983845e-02,5.327045825806954807e-03,1.068248748779296840e-02,-4.818288125820657797e-01,1.508212864400491071e+00,-7.239379882812500000e-01,9.841825026391665121e-05,3.315587830473795683e-05,6.666705012321576251e-05
1.081414933616062655e+02,2.666426956515562665e+02,1.109421081542968750e+02,1.599516424389375510e-02,5.360201704111692764e-03,1.074915453791618417e-02,-4.763062545673761861e-01,1.522917117411850541e+00,-7.259643554687471578e-01,9.840856506512438151e-05,3.315440850379554327e-05,6.666630506515364152e-05
1.076651871070388893e+02,2.681656127689681171e+02,1.102161437988281278e+02,1.609357280895887948e-02,5.393356112615488307e-03,1.081582084298133781e-02,-4.649138595841435517e-01,1.495917828338235722e+00,-7.401245117187471578e-01,9.839888177213748643e-05,3.315367983849470263e-05,6.666630506515537624e-05
1.072002732474547457e+02,2.696615305973063528e+02,1.094760192871093807e+02,1.619197169073101697e-02,5.426509792453983010e-03,1.088248714804649318e-02,-4.732708401489418293e-01,1.524319847725053023e+00,-7.628051757812528422e-01,9.838920038505311050e-05,3.315221020745023894e-05,6.666630506515537624e-05
1.067270024073058039e+02,2.711858504450314058e+02,1.087132141113281278e+02,1.629036089111607008e-02,5.459662002661433249e-03,1.094915345311164856e-02,-4.713683895660949474e-01,1.517767770934483451e+00,-7.610168457031392109e-01,9.837805500849741702e-05,3.315148166355922493e-05,6.666705012321402779e-05
1.062556340177397090e+02,2.727036182159658892e+02,1.079521972656249886e+02,1.638873894612456750e-02,5.492813484324992473e-03,1.101582050323486259e-02,-4.634462074599809966e-01,1.517524114829200244e+00,-7.617309570312329470e-01,9.836984346877492014e-05,3.315038267903518132e-05,6.666630506515537624e-05
1.057921878102797280e+02,2.742211423307950895e+02,1.071904663085937557e+02,1.648710878959334242e-02,5.525963867004027655e-03,1.108248680830001796e-02,-4.655624597819638666e-01,1.514628905008123638e+00,-7.813568115234375000e-01,9.836016779424250345e-05,3.314891330388064494e-05,6.666630506515537624e-05
1.053266253504977641e+02,2.757357712358032131e+02,1.064091094970703182e+02,1.658546895738758492e-02,5.559112780307908300e-03,1.114915311336517334e-02,-4.641790123542364199e-01,1.516250980436211648e+00,-7.907684326171988687e-01,9.835049402335746538e-05,3.314818494128471404e-05,6.666630506515537624e-05
1.048624463381435277e+02,2.772520222162394248e+02,1.056183410644531193e+02,1.668381945141094239e-02,5.592260965249193014e-03,1.121581941843032872e-02,-4.561786695354470567e-01,1.521629426024617260e+00,-7.899658203124886313e-01,9.834082215468692434e-05,3.314671573638808266e-05,6.666705012321402779e-05
1.044062676686080806e+02,2.787736516422640420e+02,1.048283752441406307e+02,1.678216027356562931e-02,5.625407680985581096e-03,1.128248646855354274e-02,-4.520493693981109118e-01,1.522490923655482220e+00,-7.948699951171960265e-01,9.833115218855006945e-05,3.314598749513692627e-05,6.666630506515537624e-05
1.039542182992099697e+02,2.802961425659195243e+02,1.040335052490234347e+02,1.688049142575417938e-02,5.658553668480718023e-03,1.134915277361869812e-02,-4.437656515116543687e-01,1.523180415958449885e+00,-7.926483154296875000e-01,9.832148412372218593e-05,3.314451846002548774e-05,6.666630506515537624e-05
1.035104526476983153e+02,2.818193229818779741e+02,1.032408569335937472e+02,1.697881290987790157e-02,5.691698186940743510e-03,1.141581907868385350e-02,-4.365163066060233632e-01,1.523894729304743123e+00,-7.929565429687528422e-01,9.831181795964816228e-05,3.314379034009395236e-05,6.666630506515537624e-05
1.030739363410922920e+02,2.833432177111827173e+02,1.024479003906249943e+02,1.707712472783754973e-02,5.724841977280837463e-03,1.148248538374900887e-02,-4.311153046939466549e-01,1.523700357724976584e+00,-7.923339843749914735e-01,9.830068895501364867e-05,3.314232147539741130e-05,6.666705012321402779e-05
1.026428210363983453e+02,2.848669180689076939e+02,1.016555664062500028e+02,1.717542541679256338e-02,5.757984298756234874e-03,1.154915243387222290e-02,-4.644246617918810216e-01,1.525937197212556384e+00,-8.210144042968892109e-01,9.829249147678964516e-05,3.314159347609767908e-05,6.666630506515537624e-05
1.021783963746064643e+02,2.863928552661202502e+02,1.008345520019531136e+02,1.727371790826935302e-02,5.791125892232332553e-03,1.161581873893737828e-02,-4.654867732379699419e-01,1.527903914131513829e+00,-8.298919677734204470e-01,9.828283101244797426e-05,3.314012478178394311e-05,6.666630506515537624e-05
1.017129096013684944e+02,2.879207591802517641e+02,1.000046600341796932e+02,1.737200073928180100e-02,5.824266017014116496e-03,1.168248504400253365e-02,-4.562077178150190093e-01,1.529772799366298841e+00,-8.246887207031363687e-01,9.827317244662583939e-05,3.313939690353061296e-05,6.666705012321402779e-05
1.012567018835534753e+02,2.894505319796180629e+02,9.917997131347655682e+01,1.747027391172842684e-02,5.857405413917647109e-03,1.174915209412574768e-02,-4.519014653729556130e-01,1.532231045723108309e+00,-8.261413574218750000e-01,9.826351577940303783e-05,3.313792837934727981e-05,6.666630506515537624e-05
1.008048004181805197e+02,2.909827630253411712e+02,9.835382995605468182e+01,1.756853742750782987e-02,5.890543342296994389e-03,1.181581839919090306e-02,-4.568440361504002567e-01,1.529728800631687591e+00,-8.219055175781306843e-01,9.825386100935362688e-05,3.313720062211606560e-05,6.666630506515537624e-05
1.003479563820301195e+02,2.925124918259728588e+02,9.753192443847655113e+01,1.766679128851718350e-02,5.923680542919110455e-03,1.188248470425605843e-02,-4.812530954482809875e-01,1.539309564548489107e+00,-8.373535156249829470e-01,9.824420813679332620e-05,3.313573226803017552e-05,6.666630506515364152e-05
9.986670328658183848e+01,2.940518013905213479e+02,9.669457092285156818e+01,1.776503549665397683e-02,5.956816275187140630e-03,1.194915100932121207e-02,-5.313623886588629830e-01,1.547835376230807469e+00,-9.004730224609431843e-01,9.823309342626637686e-05,3.313500463201536628e-05,6.666705012321576251e-05
9.933534089792297550e+01,2.955996367667521554e+02,9.579409790039062500e+01,1.786326859008024320e-02,5.989951279819155996e-03,1.201581805944442784e-02,-5.281315708972158518e-01,1.550295103072244274e+00,-9.172088623046761313e-01,9.822490822392060394e-05,3.313353644755420713e-05,6.666630506515537624e-05
9.880720932702575965e+01,2.971499318698243997e+02,9.487688903808594887e+01,1.796149349830416381e-02,6.023084816266710204e-03,1.208248436450958321e-02,-5.373294054475081793e-01,1.548849867270121194e+00,-9.269195556640852374e-01,9.821526103869285262e-05,3.313280893272978200e-05,6.666630506515364152e-05
9.826987992157825147e+01,2.986987817370945208e+02,9.394996948242186363e+01,1.805970875934285666e-02,6.056217625199439986e-03,1.214915066957473685e-02,-5.947983661670264155e-01,1.543179500924509284e+00,-9.583770751953011313e-01,9.820561574871641830e-05,3.313171118585200858e-05,6.666630506515537624e-05
9.767508155541122505e+01,3.002419612380190301e+02,9.299159240722656250e+01,1.815791437509157308e-02,6.089349336385291994e-03,1.221581697463989223e-02,-5.881292467855843142e-01,1.542961656135787507e+00,-9.585449218750028422e-01,9.819597235277699454e-05,3.313024325687051463e-05,6.666705012321576251e-05
9.708695230862564074e+01,3.017849228941548176e+02,9.203304748535155966e+01,1.825611034744435007e-02,6.122479579642162509e-03,1.228248402476310799e-02,-5.871960273123306706e-01,1.541761410139031341e+00,-9.580718994140653422e-01,9.818633085032293928e-05,3.312951592301330989e-05,6.666630506515364152e-05
9.649975628131331007e+01,3.033266843042938490e+02,9.107497558593749432e+01,1.835429667829467301e-02,6.155609095565175819e-03,1.234915032982826164e-02,-6.300066198601541601e-01,1.529555411505157281e+00,-9.650207519531193157e-01,9.817669124144792758e-05,3.312804816401563462e-05,6.666630506515537624e-05
9.586974966145315591e+01,3.048562397157990063e+02,9.010995483398437500e+01,1.845247336953612094e-02,6.188737143729191453e-03,1.241581663489341701e-02,-6.530573328104622988e-01,1.546484209205402749e+00,-1.012048339843744316e+00,9.816559079647499408e-05,3.312732095128462922e-05,6.666630506515537624e-05
9.521669232864269361e+01,3.064027239250044090e+02,8.909790649414063068e+01,1.855063896033259593e-02,6.221864464680476083e-03,1.248248293995857239e-02,-6.637087957392253657e-01,1.549067178483596763e+00,-1.029443359375008527e+00,9.815741784402129411e-05,3.312585336179892787e-05,6.666705012321402779e-05
9.455298353290346824e+01,3.079517911034880058e+02,8.806846313476562216e+01,1.864879637817661723e-02,6.254990318042275010e-03,1.254914999008178642e-02,-6.646618302954578894e-01,1.543616750079422673e+00,-1.028701782226562500e+00,9.814778391075903996e-05,3.312475607620667811e-05,6.666630506515537624e-05
9.388832170260801036e+01,3.094954078535674284e+02,8.703976135253905966e+01,1.874694416208737627e-02,6.288115074118481689e-03,1.261581629514694179e-02,-6.306297017957547268e-01,1.546519418865955231e+00,-1.007312011718752842e+00,9.813815186884497499e-05,3.312439922626645578e-05,6.666630506515537624e-05
9.325769200081225563e+01,3.110419272724333837e+02,8.603244934082030682e+01,1.884508231395622124e-02,6.321239473344748144e-03,1.268248260021209717e-02,-5.551234096848389754e-01,1.551510330382427583e+00,-9.171356201171789735e-01,9.812852171685315650e-05,3.312256169812986123e-05,6.666630506515537624e-05
9.270256859112741665e+01,3.125934376028158113e+02,8.511531372070312784e+01,1.894321083567307440e-02,6.354362035042878006e-03,1.274914890527725254e-02,-5.364036396589142441e-01,1.551735278713010757e+00,-8.813079833984289735e-01,9.811889345509583471e-05,3.312146463037290989e-05,6.666630506515537624e-05
9.216616495146850241e+01,3.141451728815288220e+02,8.423400573730469887e+01,1.904132972912817023e-02,6.387483499673250915e-03,1.281581521034240792e-02,-5.348308882981314127e-01,1.555031654228912430e+00,-8.694458007812642109e-01,9.810926708236564209e-05,3.312036763528786176e-05,6.666630506515364152e-05
9.163133406317037100e+01,3.157002045357577344e+02,8.336455993652343466e+01,1.913943899621053588e-02,6.420603867308538777e-03,1.288248151540756156e-02,-5.483461596906238356e-01,1.557124547432806594e+00,-9.112457275390539735e-01,9.809964259810052822e-05,3.312001097796613003e-05,6.666779518127441406e-05
9.108298790347974716e+01,3.172573290831905410e+02,8.245331420898438068e+01,1.923753863880863640e-02,6.453723878286504907e-03,1.294914931058883598e-02,-5.469870831904160013e-01,1.561649891623517306e+00,-9.275115966796931843e-01,9.808855842172517492e-05,3.311817383836422601e-05,6.666630506515537624e-05
9.053600082028933116e+01,3.188189789748140583e+02,8.152580261230468750e+01,1.933562719723036158e-02,6.486842052124869133e-03,1.301581561565399135e-02,-5.260799564029241537e-01,1.572442218090543520e+00,-9.219512939453125000e-01,9.808039943741755917e-05,3.311707706146922725e-05,6.666630506515537624e-05
9.000992086388640701e+01,3.203914211929046019e+02,8.060385131835937500e+01,1.943370759666777914e-02,6.519959129186338360e-03,1.308248192071914673e-02,-4.972375307042682380e-01,1.572226196947156041e+00,-8.847808837890625000e-01,9.807078061607396591e-05,3.311598035699546416e-05,6.666630506515537624e-05
8.951268333318213877e+01,3.219636473898517579e+02,7.971907043457031250e+01,1.953177837728385310e-02,6.553075109543333825e-03,1.314914822578430210e-02,-4.798085652001873314e-01,1.563777628270656805e+00,-8.535614013671875000e-01,9.806116368097500535e-05,3.311562389220201741e-05,6.666630506515537624e-05
8.903287476798195144e+01,3.235274250181224147e+02,7.886550903320312500e+01,1.962983954096482811e-02,6.586190733435535842e-03,1.321581453084945748e-02,-4.485297750472625467e-01,1.559259924628008775e+00,-8.325378417968636313e-01,9.805154863222823036e-05,3.311378714143577845e-05,6.666630506515364152e-05
8.858434499293468889e+01,3.250866849427504235e+02,7.803297119140626137e+01,1.972789108959705634e-02,6.619304520576971620e-03,1.328248083591461112e-02,-3.374674036741822647e-01,1.188335667127887518e+00,-6.293914794921988687e-01,7.473649876224564004e-05,2.524150397844454607e-05,5.081892013549839382e-05
