Sigma_1,Sigma_2,Sigma_12,Epsilon_1,Epsilon_2,Epsilon_12,dSigma_1,dSigma_2,dSigma_12,dEpsilon_1,dEpsilon_2,dEpsilon_12
-0.000000000000000000e+00,-0.000000000000000000e+00,-0.000000000000000000e+00,0.000000000000000000e+00,0.000000000000000000e+00,0.000000000000000000e+00,5.641209125518799050e-01,6.451418399810791016e-01,1.495645370483398295e+01,0.000000000000000000e+00,0.000000000000000000e+00,2.000000094994902611e-04
5.641209125518799050e-01,6.451418399810791016e-01,1.495645370483398295e+01,0.000000000000000000e+00,0.000000000000000000e+00,2.000000094994902611e-04,2.801861286163329634e-01,3.205883502960205078e-01,7.476576232910154829e+00,0.000000000000000000e+00,0.000000000000000000e+00,9.999999310821293700e-05
8.443070411682128684e-01,9.657301902770996094e-01,2.243302993774413778e+01,0.000000000000000000e+00,0.000000000000000000e+00,3.000000026077031981e-04,2.790147781372070979e-01,3.193335533142089844e-01,7.476311492919926138e+00,0.000000000000000000e+00,0.000000000000000000e+00,1.000000163912773241e-04
1.123321819305419966e+00,1.285063743591308594e+00,2.990934143066406392e+01,0.000000000000000000e+00,0.000000000000000000e+00,4.000000189989805222e-04,2.778429985046386719e-01,3.180786132812500888e-01,7.476051330566399145e+00,0.000000000000000000e+00,0.000000000000000000e+00,9.999996982514860414e-05
1.401164817810058638e+00,1.603142356872558683e+00,3.738539276123046307e+01,0.000000000000000000e+00,0.000000000000000000e+00,4.999999888241291263e-04,2.766714096069335938e-01,3.168235778808592418e-01,7.475787353515627842e+00,0.000000000000000000e+00,0.000000000000000000e+00,1.000000163912772699e-04
1.677836227416992232e+00,1.919965934753417924e+00,4.486118011474609091e+01,0.000000000000000000e+00,0.000000000000000000e+00,6.000000052154063962e-04,2.754997253417967862e-01,3.155687332153320757e-01,7.475523376464849434e+00,0.000000000000000000e+00,0.000000000000000000e+00,1.000000163912773783e-04
1.953335952758789018e+00,2.235534667968750000e+00,5.233670349121094034e+01,0.000000000000000000e+00,0.000000000000000000e+00,7.000000216066837744e-04,2.743284225463866743e-01,3.143140792846681464e-01,7.475262451171872158e+00,0.000000000000000000e+00,0.000000000000000000e+00,1.000000163912772699e-04
2.227664375305175692e+00,2.549848747253418146e+00,5.981196594238281250e+01,0.000000000000000000e+00,0.000000000000000000e+00,8.000000379979610443e-04,2.731569290161135477e-01,3.130594253540035510e-01,7.474999999999994316e+00,0.000000000000000000e+00,0.000000000000000000e+00,9.999992325901983000e-05
2.500821304321289240e+00,2.862908172607421697e+00,6.728696594238280682e+01,0.000000000000000000e+00,0.000000000000000000e+00,8.999999612569808743e-04,2.719856262207027697e-01,3.118047714233398438e-01,7.474740600585931816e+00,0.000000000000000000e+00,0.000000000000000000e+00,1.000000163912773783e-04
2.772806930541992010e+00,3.174712944030761541e+00,7.476170654296873863e+01,0.000000000000000000e+00,0.000000000000000000e+00,9.999999776482582526e-04,2.708143234252933240e-01,3.105501174926761365e-01,7.474481201171897737e+00,0.000000000000000000e+00,0.000000000000000000e+00,1.000000163912772699e-04
3.043621253967285334e+00,3.485263061523437678e+00,8.223618774414063637e+01,0.000000000000000000e+00,0.000000000000000000e+00,1.099999994039535522e-03,2.696432113647460049e-01,3.092960357666014737e-01,7.474218749999977263e+00,0.000000000000000000e+00,0.000000000000000000e+00,1.000000163912772699e-04
3.313264465332031339e+00,3.794559097290039151e+00,8.971040649414061363e+01,0.000000000000000000e+00,0.000000000000000000e+00,1.200000010430812792e-03,2.684719085693356710e-01,3.080413818359377665e-01,7.473962402343758527e+00,0.000000000000000000e+00,0.000000000000000000e+00,1.000000163912772699e-04
3.581736373901367010e+00,4.102600479125976918e+00,9.718436889648437216e+01,0.000000000000000000e+00,0.000000000000000000e+00,1.300000026822090062e-03,2.673011779785157138e-01,3.067871093749996447e-01,7.473699951171866473e+00,0.000000000000000000e+00,0.000000000000000000e+00,1.000000163912774867e-04
3.849037551879882724e+00,4.409387588500976562e+00,1.046580688476562386e+02,0.000000000000000000e+00,0.000000000000000000e+00,1.400000043213367549e-03,2.661300659179688388e-01,3.055332183837888849e-01,7.473443603515647737e+00,0.000000000000000000e+00,0.000000000000000000e+00,9.999992325901972158e-05
4.115167617797851562e+00,4.714920806884765447e+00,1.121315124511718864e+02,0.000000000000000000e+00,0.000000000000000000e+00,1.499999966472387270e-03,2.649589538574215197e-01,3.042785644531251776e-01,7.473187255859357947e+00,0.000000000000000000e+00,0.000000000000000000e+00,1.000001095235348181e-04
4.380126571655273082e+00,5.019199371337890625e+00,1.196046997070312443e+02,0.000000000000000000e+00,0.000000000000000000e+00,1.600000075995922089e-03,2.637886047363284803e-01,3.030246734619144178e-01,7.472918701171892053e+00,0.000000000000000000e+00,0.000000000000000000e+00,1.000000163912772699e-04
4.643915176391601562e+00,5.322224044799805043e+00,1.270776184082031364e+02,0.000000000000000000e+00,0.000000000000000000e+00,1.700000092387199358e-03,2.626174926757816053e-01,3.017711639404296875e-01,7.472668457031232947e+00,0.000000000000000000e+00,0.000000000000000000e+00,9.999983012676239014e-05
4.906532669067383168e+00,5.623995208740234730e+00,1.345502868652343693e+02,0.000000000000000000e+00,0.000000000000000000e+00,1.799999922513961749e-03,2.614471435546867895e-01,3.005168914794920099e-01,7.472412109375000000e+00,0.000000000000000000e+00,0.000000000000000000e+00,1.000000163912772699e-04
5.167979812622069957e+00,5.924512100219726740e+00,1.420226989746093693e+02,0.000000000000000000e+00,0.000000000000000000e+00,1.899999938905239018e-03,2.602764129638677204e-01,2.992630004882812500e-01,7.472155761718767053e+00,0.000000000000000000e+00,0.000000000000000000e+00,1.000000163912774867e-04
5.428256225585937678e+00,6.223775100708007990e+00,1.494948547363281364e+02,0.000000000000000000e+00,0.000000000000000000e+00,1.999999955296516505e-03,2.591060638427729046e-01,2.980091094970704901e-01,7.471899414062477263e+00,0.000000000000000000e+00,0.000000000000000000e+00,1.000000163912770530e-04
5.687362289428710582e+00,6.521784210205078480e+00,1.569667541503906136e+02,0.000000000000000000e+00,0.000000000000000000e+00,2.099999971687793558e-03,2.579345703125000000e-01,2.967552185058588421e-01,7.471643066406272737e+00,0.000000000000000000e+00,0.000000000000000000e+00,1.000000163912774867e-04
5.945296859741210582e+00,6.818539428710937322e+00,1.644383972167968864e+02,0.000000000000000000e+00,0.000000000000000000e+00,2.199999988079071045e-03,2.557552337646491480e-01,2.948287963867191053e-01,7.469720458984369316e+00,0.000000000000000000e+00,0.000000000000000000e+00,1.000000163912774867e-04
6.201052093505859730e+00,7.113368225097656428e+00,1.719081176757812557e+02,0.000000000000000000e+00,0.000000000000000000e+00,2.300000004470348532e-03,2.535842895507807171e-01,2.927383422851557171e-01,7.467578124999988631e+00,0.000000000000000000e+00,0.000000000000000000e+00,1.000000163912770530e-04
6.454636383056640447e+00,7.406106567382812145e+00,1.793756958007812443e+02,0.000000000000000000e+00,0.000000000000000000e+00,2.400000020861625585e-03,2.515762329101560724e-01,2.908821105957031250e-01,7.465966796874994316e+00,0.000000000000000000e+00,0.000000000000000000e+00,1.000000163912774867e-04
6.706212615966796520e+00,7.696988677978515270e+00,1.868416625976562386e+02,0.000000000000000000e+00,0.000000000000000000e+00,2.500000037252903071e-03,2.497512817382814276e-01,2.890655517578126776e-01,7.464538574218750000e+00,0.000000000000000000e+00,0.000000000000000000e+00,1.000000163912770530e-04
6.955963897705077947e+00,7.986054229736327947e+00,1.943062011718749886e+02,0.000000000000000000e+00,0.000000000000000000e+00,2.600000053644180124e-03,2.484428405761720526e-01,2.875862121582040132e-01,7.463879394531261369e+00,0.000000000000000000e+00,0.000000000000000000e+00,1.000000163912774867e-04
7.204406738281250000e+00,8.273640441894531961e+00,2.017700805664062500e+02,0.000000000000000000e+00,0.000000000000000000e+00,2.700000070035457611e-03,2.471313476562500000e-01,2.860069274902343750e-01,7.463110351562477263e+00,0.000000000000000000e+00,0.000000000000000000e+00,1.000000163912774867e-04
7.451538085937500000e+00,8.559647369384766336e+00,2.092331909179687273e+02,0.000000000000000000e+00,0.000000000000000000e+00,2.800000086426735098e-03,2.457977294921871447e-01,2.843681335449215197e-01,7.462243652343772737e+00,0.000000000000000000e+00,0.000000000000000000e+00,9.999983012676239014e-05
7.697335815429687145e+00,8.844015502929687855e+00,2.166954345703125000e+02,0.000000000000000000e+00,0.000000000000000000e+00,2.899999916553497488e-03,2.444595336914066053e-01,2.829063415527333092e-01,7.461572265624994316e+00,0.000000000000000000e+00,0.000000000000000000e+00,1.000000163912770530e-04
7.941795349121093750e+00,9.126921844482421164e+00,2.241570068359374943e+02,0.000000000000000000e+00,0.000000000000000000e+00,2.999999932944774541e-03,2.416023254394534803e-01,2.800895690917979408e-01,7.457995605468767053e+00,0.000000000000000000e+00,0.000000000000000000e+00,1.000000163912774867e-04
8.183397674560547230e+00,9.407011413574219105e+00,2.316150024414062614e+02,0.000000000000000000e+00,0.000000000000000000e+00,3.099999949336052028e-03,2.387969970703114342e-01,2.770866394042972303e-01,7.454125976562494316e+00,0.000000000000000000e+00,0.000000000000000000e+00,1.000002026557921496e-04
8.422194671630858664e+00,9.684098052978516336e+00,2.390691284179687557e+02,0.000000000000000000e+00,0.000000000000000000e+00,3.200000151991844177e-03,2.349761962890628553e-01,2.733451843261711645e-01,7.448583984375005684e+00,0.000000000000000000e+00,0.000000000000000000e+00,9.999983012676239014e-05
8.657170867919921520e+00,9.957443237304687500e+00,2.465177124023437614e+02,0.000000000000000000e+00,0.000000000000000000e+00,3.299999982118606567e-03,2.313667297363277697e-01,2.705596923828128553e-01,7.444543457031215894e+00,0.000000000000000000e+00,0.000000000000000000e+00,1.000002026557921496e-04
8.888537597656249289e+00,1.022800292968750036e+01,2.539622558593749773e+02,0.000000000000000000e+00,0.000000000000000000e+00,3.400000184774398717e-03,2.280654907226562500e-01,2.675567626953121447e-01,7.440563964843818212e+00,0.000000000000000000e+00,0.000000000000000000e+00,9.999983012676239014e-05
9.116603088378905539e+00,1.049555969238281250e+01,2.614028198242187955e+02,0.000000000000000000e+00,0.000000000000000000e+00,3.500000014901161107e-03,2.251235961914073158e-01,2.645042419433600855e-01,7.436889648437500000e+00,0.000000000000000000e+00,0.000000000000000000e+00,9.999983012676239014e-05
9.341726684570312855e+00,1.076006393432617259e+01,2.688397094726562955e+02,0.000000000000000000e+00,0.000000000000000000e+00,3.599999845027923497e-03,2.234619140624989342e-01,2.625938415527340197e-01,7.435559082031204525e+00,0.000000000000000000e+00,0.000000000000000000e+00,1.000002026557921496e-04
9.565188598632811789e+00,1.102265777587890661e+01,2.762752685546875000e+02,0.000000000000000000e+00,0.000000000000000000e+00,3.700000047683715647e-03,2.217460632324232961e-01,2.602760314941399145e-01,7.433764648437488631e+00,0.000000000000000000e+00,0.000000000000000000e+00,9.999983012676239014e-05
9.786934661865235086e+00,1.128293380737304652e+01,2.837090332031249886e+02,0.000000000000000000e+00,0.000000000000000000e+00,3.799999877810478037e-03,2.191818237304676842e-01,2.580169677734378553e-01,7.430920410156261369e+00,0.000000000000000000e+00,0.000000000000000000e+00,1.000002026557925833e-04
1.000611648559570277e+01,1.154095077514648438e+01,2.911399536132812500e+02,0.000000000000000000e+00,0.000000000000000000e+00,3.900000080466270620e-03,2.165863037109385658e-01,2.552650451660163355e-01,7.427600097656238631e+00,0.000000000000000000e+00,0.000000000000000000e+00,9.999983012676239014e-05
1.022270278930664134e+01,1.179621582031250071e+01,2.985675537109374886e+02,0.000000000000000000e+00,0.000000000000000000e+00,3.999999910593033010e-03,2.147171020507805395e-01,2.534576416015621447e-01,7.426184082031284106e+00,0.000000000000000000e+00,0.000000000000000000e+00,1.000002026557917159e-04
1.043741989135742188e+01,1.204967346191406286e+01,3.059937377929687727e+02,0.000000000000000000e+00,0.000000000000000000e+00,4.100000113248824726e-03,2.124443054199218750e-01,2.512405395507801842e-01,7.424121093749988631e+00,0.000000000000000000e+00,0.000000000000000000e+00,9.999983012676239014e-05
1.064986419677734375e+01,1.230091400146484304e+01,3.134178588867187614e+02,0.000000000000000000e+00,0.000000000000000000e+00,4.199999943375587116e-03,2.108459472656250000e-01,2.485092163085944605e-01,7.418261718749988631e+00,0.000000000000000000e+00,0.000000000000000000e+00,1.000002026557925833e-04
1.086071014404296875e+01,1.254942321777343750e+01,3.208361206054687500e+02,0.000000000000000000e+00,0.000000000000000000e+00,4.300000146031379700e-03,2.362586975097649145e-01,2.642303466796871447e-01,7.371716308593761369e+00,0.000000000000000000e+00,0.000000000000000000e+00,9.999983012676239014e-05
1.109696884155273366e+01,1.281365356445312464e+01,3.282078369140625114e+02,0.000000000000000000e+00,0.000000000000000000e+00,4.399999976158142090e-03,2.396049499511718750e-01,2.649688720703125000e-01,7.359655761718784106e+00,0.000000000000000000e+00,0.000000000000000000e+00,1.000002026557925833e-04
1.133657379150390554e+01,1.307862243652343714e+01,3.355674926757812955e+02,0.000000000000000000e+00,0.000000000000000000e+00,4.500000178813934673e-03,2.482910156250000000e-01,2.690200805664062500e-01,7.334411621093693157e+00,0.000000000000000000e+00,0.000000000000000000e+00,9.999983012676239014e-05
1.158486480712890554e+01,1.334764251708984339e+01,3.429019042968749886e+02,0.000000000000000000e+00,0.000000000000000000e+00,4.600000008940697063e-03,2.525695800781253553e-01,2.716674804687500000e-01,7.320043945312534106e+00,0.000000000000000000e+00,0.000000000000000000e+00,9.999983012676239014e-05
1.183743438720703089e+01,1.361930999755859339e+01,3.502219482421875227e+02,0.000000000000000000e+00,0.000000000000000000e+00,4.699999839067459453e-03,2.554267883300784803e-01,2.737106323242191053e-01,7.306445312499988631e+00,0.000000000000000000e+00,0.000000000000000000e+00,1.000002026557917159e-04
1.209286117553710938e+01,1.389302062988281250e+01,3.575283935546875114e+02,0.000000000000000000e+00,0.000000000000000000e+00,4.800000041723251169e-03,2.540344238281253553e-01,2.722305297851566053e-01,7.299987792968750000e+00,0.000000000000000000e+00,0.000000000000000000e+00,9.999983012676239014e-05
1.234689559936523473e+01,1.416525115966796911e+01,3.648283813476562614e+02,0.000000000000000000e+00,0.000000000000000000e+00,4.899999871850013559e-03,2.533859252929691053e-01,2.710067749023430395e-01,7.291992187500000000e+00,0.000000000000000000e+00,0.000000000000000000e+00,1.000002026557925833e-04
1.260028152465820384e+01,1.443625793457031214e+01,3.721203735351562614e+02,0.000000000000000000e+00,0.000000000000000000e+00,5.000000074505806143e-03,2.551124572753895592e-01,2.700805664062500000e-01,7.281689453125011369e+00,0.000000000000000000e+00,0.000000000000000000e+00,9.999983012676239014e-05
1.285539398193359339e+01,1.470633850097656214e+01,3.794020629882812727e+02,0.000000000000000000e+00,0.000000000000000000e+00,5.099999904632568533e-03,2.525863647460937500e-01,2.666946411132808947e-01,7.273632812499954525e+00,0.000000000000000000e+00,0.000000000000000000e+00,1.000002026557917159e-04
1.310798034667968714e+01,1.497303314208984304e+01,3.866756958007812273e+02,0.000000000000000000e+00,0.000000000000000000e+00,5.200000107288360249e-03,2.504852294921882105e-01,2.652053833007812500e-01,7.256518554687545475e+00,0.000000000000000000e+00,0.000000000000000000e+00,9.999983012676239014e-05
1.335846557617187536e+01,1.523823852539062429e+01,3.939322143554687727e+02,0.000000000000000000e+00,0.000000000000000000e+00,5.299999937415122639e-03,2.481613159179687500e-01,2.620727539062510658e-01,7.245629882812465894e+00,0.000000000000000000e+00,0.000000000000000000e+00,1.000002026557925833e-04
1.360662689208984411e+01,1.550031127929687536e+01,4.011778442382812386e+02,0.000000000000000000e+00,0.000000000000000000e+00,5.400000140070915222e-03,6.186065673828089473e-02,6.508941650390553946e-02,1.809973144531284106e+00,0.000000000000000000e+00,0.000000000000000000e+00,2.499967813491838636e-05
1.366848754882812500e+01,1.556540069580078089e+01,4.029878173828125227e+02,0.000000000000000000e+00,0.000000000000000000e+00,5.424999818205833609e-03,2.025207519531253553e-01,2.097366333007819605e-01,5.911669921874931788e+00,0.000000000000000000e+00,0.000000000000000000e+00,8.204467594623548327e-05
1.387100830078125036e+01,1.577513732910156286e+01,4.088994873046874545e+02,0.000000000000000000e+00,0.000000000000000000e+00,5.507044494152069092e-03,2.500457763671875000e-01,2.588104248046878553e-01,7.335205078125056843e+00,0.000000000000000000e+00,0.000000000000000000e+00,1.024283468723293650e-04
1.412105407714843786e+01,1.603394775390625071e+01,4.162346923828125114e+02,0.000000000000000000e+00,0.000000000000000000e+00,5.609472841024398457e-03,2.387374877929691053e-01,2.474777221679680395e-01,7.066552734374965894e+00,0.000000000000000000e+00,0.000000000000000000e+00,9.905323386192373819e-05
1.435979156494140696e+01,1.628142547607421875e+01,4.233012451171874773e+02,0.000000000000000000e+00,0.000000000000000000e+00,5.708526074886322195e-03,4.229385375976555395e-01,4.354949951171889211e-01,1.215588378906250000e+01,0.000000000000000000e+00,0.000000000000000000e+00,1.703802496194834273e-04
1.478273010253906250e+01,1.671692047119140767e+01,4.354571289062499773e+02,0.000000000000000000e+00,0.000000000000000000e+00,5.878906324505805622e-03,2.586730957031253553e-01,2.541870117187485789e-01,7.084472656250000000e+00,0.000000000000000000e+00,0.000000000000000000e+00,9.999983012676239014e-05
1.504140319824218786e+01,1.697110748291015625e+01,4.425416015624999773e+02,0.000000000000000000e+00,0.000000000000000000e+00,5.978906154632568012e-03,2.614410400390614342e-01,2.590057373046867895e-01,7.082666015625022737e+00,0.000000000000000000e+00,0.000000000000000000e+00,1.000002026557925833e-04
1.530284423828124929e+01,1.723011322021484304e+01,4.496242675781250000e+02,0.000000000000000000e+00,0.000000000000000000e+00,6.078906357288360596e-03,2.655609130859382105e-01,2.647445678710944605e-01,7.048437499999977263e+00,0.000000000000000000e+00,0.000000000000000000e+00,9.999983012676239014e-05
1.556840515136718750e+01,1.749485778808593750e+01,4.566727050781249773e+02,0.000000000000000000e+00,0.000000000000000000e+00,6.178906187415122986e-03,2.391677856445308947e-01,2.416992187500000000e-01,6.954394531250045475e+00,0.000000000000000000e+00,0.000000000000000000e+00,9.999983012676239014e-05
1.580757293701171839e+01,1.773655700683593750e+01,4.636270996093750227e+02,0.000000000000000000e+00,0.000000000000000000e+00,6.278906017541885376e-03,2.176635742187489342e-01,2.303833007812485789e-01,6.898706054687522737e+00,0.000000000000000000e+00,0.000000000000000000e+00,1.000002026557925833e-04
1.602523651123046733e+01,1.796694030761718608e+01,4.705258056640625455e+02,0.000000000000000000e+00,0.000000000000000000e+00,6.378906220197677959e-03,1.968780517578139211e-01,2.132843017578132105e-01,6.831762695312477263e+00,0.000000000000000000e+00,0.000000000000000000e+00,1.000002026557917159e-04
1.622211456298828125e+01,1.818022460937499929e+01,4.773575683593750227e+02,0.000000000000000000e+00,0.000000000000000000e+00,6.478906422853469675e-03,1.982498168945312500e-01,2.172622680664062500e-01,6.789575195312522737e+00,0.000000000000000000e+00,0.000000000000000000e+00,9.999945759773306436e-05
1.642036437988281250e+01,1.839748687744140554e+01,4.841471435546875455e+02,0.000000000000000000e+00,0.000000000000000000e+00,6.578905880451202740e-03,2.150268554687500000e-01,2.451034545898451711e-01,6.723120117187477263e+00,0.000000000000000000e+00,0.000000000000000000e+00,1.000002026557917159e-04
1.663539123535156250e+01,1.864259033203125071e+01,4.908702636718750227e+02,0.000000000000000000e+00,0.000000000000000000e+00,6.678906083106994455e-03,2.127700805664076711e-01,2.412628173828110789e-01,6.687158203124965894e+00,0.000000000000000000e+00,0.000000000000000000e+00,1.000002026557925833e-04
1.684816131591797017e+01,1.888385314941406179e+01,4.975574218749999886e+02,0.000000000000000000e+00,0.000000000000000000e+00,6.778906285762787039e-03,2.036712646484346578e-01,2.299087524414069605e-01,6.608520507812500000e+00,0.000000000000000000e+00,0.000000000000000000e+00,1.000002026557917159e-04
1.705183258056640483e+01,1.911376190185546875e+01,5.041659423828124886e+02,0.000000000000000000e+00,0.000000000000000000e+00,6.878906488418578755e-03,5.003967285156463163e-02,5.587158203125142109e-02,1.639965820312511369e+00,0.000000000000000000e+00,0.000000000000000000e+00,2.499967813491838636e-05
1.710187225341796946e+01,1.916963348388672017e+01,5.058059082031250000e+02,0.000000000000000000e+00,0.000000000000000000e+00,6.903906166553497141e-03,2.478958129882791184e-01,2.643600463867166184e-01,7.939013671875045475e+00,0.000000000000000000e+00,0.000000000000000000e+00,1.225866377353671682e-04
1.734976806640624858e+01,1.943399353027343679e+01,5.137449218750000455e+02,0.000000000000000000e+00,0.000000000000000000e+00,7.026492804288864309e-03,2.321533203125021316e-01,2.546020507812514211e-01,6.726953124999909051e+00,0.000000000000000000e+00,0.000000000000000000e+00,1.069076359272004909e-04
1.758192138671875071e+01,1.968859558105468821e+01,5.204718749999999545e+02,0.000000000000000000e+00,0.000000000000000000e+00,7.133400440216064800e-03,1.629135131835930395e-01,1.775329589843757105e-01,4.551538085937636424e+00,0.000000000000000000e+00,0.000000000000000000e+00,7.366612553596444540e-05
1.774483489990234375e+01,1.986612854003906392e+01,5.250234130859375909e+02,0.000000000000000000e+00,0.000000000000000000e+00,7.207066565752029245e-03,2.659530639648437500e-01,2.752975463867173289e-01,6.674804687500000000e+00,0.000000000000000000e+00,0.000000000000000000e+00,1.100383698940275365e-04
1.801078796386718750e+01,2.014142608642578125e+01,5.316982177734375909e+02,0.000000000000000000e+00,0.000000000000000000e+00,7.317104935646056782e-03,3.678482055664069605e-01,3.715270996093735789e-01,8.186376953124863576e+00,0.000000000000000000e+00,0.000000000000000000e+00,1.371510326862342144e-04
1.837863616943359446e+01,2.051295318603515483e+01,5.398845947265624545e+02,0.000000000000000000e+00,0.000000000000000000e+00,7.454255968332290996e-03,2.839187622070298289e-01,2.829940795898444605e-01,5.808374023437522737e+00,0.000000000000000000e+00,0.000000000000000000e+00,9.999945759773219700e-05
1.866255493164062429e+01,2.079594726562499929e+01,5.456929687499999773e+02,0.000000000000000000e+00,0.000000000000000000e+00,7.554255425930023193e-03,3.012039184570305395e-01,3.006454467773451711e-01,5.570190429687500000e+00,0.000000000000000000e+00,0.000000000000000000e+00,1.000002026557925833e-04
1.896375885009765483e+01,2.109659271240234446e+01,5.512631591796874773e+02,0.000000000000000000e+00,0.000000000000000000e+00,7.654255628585815777e-03,3.277572631835958816e-01,3.193527221679666184e-01,5.409521484374977263e+00,0.000000000000000000e+00,0.000000000000000000e+00,1.000002026557917159e-04
1.929151611328125071e+01,2.141594543457031108e+01,5.566726806640624545e+02,0.000000000000000000e+00,0.000000000000000000e+00,7.754255831241607493e-03,3.494644165039062500e-01,3.500396728515653422e-01,5.276464843750090949e+00,0.000000000000000000e+00,0.000000000000000000e+00,9.999945759773306436e-05
1.964098052978515696e+01,2.176598510742187642e+01,5.619491455078125455e+02,0.000000000000000000e+00,0.000000000000000000e+00,7.854255288839340557e-03,1.893280029296882105e-01,1.809020996093728684e-01,2.619091796874954525e+00,0.000000000000000000e+00,0.000000000000000000e+00,5.000010132789542427e-05
1.983030853271484517e+01,2.194688720703124929e+01,5.645682373046875000e+02,0.000000000000000000e+00,0.000000000000000000e+00,7.904255390167235981e-03,4.972900390624985789e-01,4.743988037109367895e-01,6.411474609374977263e+00,0.000000000000000000e+00,0.000000000000000000e+00,1.236326992511745798e-04
2.032759857177734375e+01,2.242128601074218608e+01,5.709797119140624773e+02,0.000000000000000000e+00,0.000000000000000000e+00,8.027888089418410561e-03,8.087432861328132105e-01,7.556838989257812500e-01,8.439355468750022737e+00,0.000000000000000000e+00,0.000000000000000000e+00,1.711919903755187988e-04
2.113634185791015696e+01,2.317696990966796733e+01,5.794190673828125000e+02,0.000000000000000000e+00,0.000000000000000000e+00,8.199080079793929360e-03,1.186187744140632105e-01,1.189453125000028422e-01,1.316064453125022737e+00,0.000000000000000000e+00,0.000000000000000000e+00,2.499967813491925372e-05
2.125496063232422017e+01,2.329591522216797017e+01,5.807351318359375227e+02,0.000000000000000000e+00,0.000000000000000000e+00,8.224079757928848614e-03,3.535552978515603684e-01,3.567596435546853684e-01,3.858374023437477263e+00,0.000000000000000000e+00,0.000000000000000000e+00,7.837340235710039960e-05
2.160851593017578054e+01,2.365267486572265554e+01,5.845935058593750000e+02,0.000000000000000000e+00,0.000000000000000000e+00,8.302453160285949013e-03,5.369552612304708816e-01,5.238174438476583816e-01,5.443432617187454525e+00,0.000000000000000000e+00,0.000000000000000000e+00,1.113951206207289268e-04
2.214547119140625142e+01,2.417649230957031392e+01,5.900369384765624545e+02,0.000000000000000000e+00,0.000000000000000000e+00,8.413848280906677940e-03,6.539688110351562500e-01,6.153411865234375000e-01,6.132421875000090949e+00,0.000000000000000000e+00,0.000000000000000000e+00,1.282893121242519724e-04
2.279944000244140767e+01,2.479183349609375142e+01,5.961693603515625455e+02,0.000000000000000000e+00,0.000000000000000000e+00,8.542137593030929912e-03,3.154556274414055395e-01,2.973526000976534078e-01,3.033911132812363576e+00,0.000000000000000000e+00,0.000000000000000000e+00,6.414428353309666042e-05
2.311489562988281321e+01,2.508918609619140483e+01,5.992032714843749091e+02,0.000000000000000000e+00,0.000000000000000000e+00,8.606281876564026573e-03,5.865249633789062500e-01,5.402481079101590922e-01,5.268945312500136424e+00,0.000000000000000000e+00,0.000000000000000000e+00,1.149423420429215859e-04
2.370142059326171946e+01,2.562943420410156392e+01,6.044722167968750455e+02,0.000000000000000000e+00,0.000000000000000000e+00,8.721224218606948159e-03,6.004669189453117895e-01,5.109527587890596578e-01,4.611596679687409051e+00,0.000000000000000000e+00,0.000000000000000000e+00,1.028634607791907574e-04
2.430188751220703125e+01,2.614038696289062358e+01,6.090838134765624545e+02,0.000000000000000000e+00,0.000000000000000000e+00,8.824087679386138916e-03,5.854248046874985789e-01,4.897399902343764211e-01,4.061181640625136424e+00,0.000000000000000000e+00,0.000000000000000000e+00,9.257718920707702637e-05
2.488731231689452983e+01,2.663012695312500000e+01,6.131449951171875909e+02,0.000000000000000000e+00,0.000000000000000000e+00,8.916664868593215942e-03,6.426864624023451711e-01,5.374145507812500000e-01,4.415869140624863576e+00,0.000000000000000000e+00,0.000000000000000000e+00,1.000002026557925833e-04
2.552999877929687500e+01,2.716754150390625000e+01,6.175608642578124545e+02,0.000000000000000000e+00,0.000000000000000000e+00,9.016665071249008526e-03,6.423461914062507105e-01,5.342132568359367895e-01,4.409130859374954525e+00,0.000000000000000000e+00,0.000000000000000000e+00,9.999945759773219700e-05
2.617234497070312571e+01,2.770175476074218679e+01,6.219699951171874091e+02,0.000000000000000000e+00,0.000000000000000000e+00,9.116664528846740723e-03,6.389923095703125000e-01,5.344848632812500000e-01,4.351098632812636424e+00,0.000000000000000000e+00,0.000000000000000000e+00,1.000002026557925833e-04
2.681133728027343821e+01,2.823623962402343679e+01,6.263210937500000455e+02,0.000000000000000000e+00,0.000000000000000000e+00,9.216664731502533306e-03,6.382965087890610789e-01,5.343719482421889211e-01,4.282275390624931788e+00,0.000000000000000000e+00,0.000000000000000000e+00,1.000002026557925833e-04
2.744963378906249929e+01,2.877061157226562571e+01,6.306033691406249773e+02,0.000000000000000000e+00,0.000000000000000000e+00,9.316664934158325889e-03,6.335388183593764211e-01,5.487548828124992895e-01,4.206152343749977263e+00,0.000000000000000000e+00,0.000000000000000000e+00,9.999945759773219700e-05
2.808317260742187571e+01,2.931936645507812500e+01,6.348095214843749545e+02,0.000000000000000000e+00,0.000000000000000000e+00,9.416664391756058086e-03,6.413269042968750000e-01,5.679840087890610789e-01,4.135058593750045475e+00,0.000000000000000000e+00,0.000000000000000000e+00,1.000002026557925833e-04
2.872449951171875071e+01,2.988735046386718608e+01,6.389445800781250000e+02,0.000000000000000000e+00,0.000000000000000000e+00,9.516664594411850669e-03,6.468719482421860789e-01,5.544433593750000000e-01,4.074560546875090949e+00,0.000000000000000000e+00,0.000000000000000000e+00,1.000002026557908485e-04
2.937137145996093679e+01,3.044179382324218608e+01,6.430191406250000909e+02,0.000000000000000000e+00,0.000000000000000000e+00,9.616664797067641518e-03,5.554473876953132105e-01,4.920318603515632105e-01,3.466430664062386313e+00,0.000000000000000000e+00,0.000000000000000000e+00,8.666962385177681694e-05
2.992681884765625000e+01,3.093382568359374929e+01,6.464855712890624773e+02,0.000000000000000000e+00,0.000000000000000000e+00,9.703334420919418335e-03,6.397979736328132105e-01,5.593231201171882105e-01,3.869555664062545475e+00,0.000000000000000000e+00,0.000000000000000000e+00,9.923875331878731498e-05
3.056661682128906321e+01,3.149314880371093750e+01,6.503551269531250227e+02,0.000000000000000000e+00,0.000000000000000000e+00,9.802573174238205650e-03,6.690826416015625000e-01,5.903656005859403422e-01,3.869140624999886313e+00,0.000000000000000000e+00,0.000000000000000000e+00,1.017078757286071777e-04
3.123569946289062571e+01,3.208351440429687784e+01,6.542242675781249091e+02,0.000000000000000000e+00,0.000000000000000000e+00,9.904281049966812828e-03,6.748199462890625000e-01,5.771942138671875000e-01,3.775805664062545475e+00,0.000000000000000000e+00,0.000000000000000000e+00,1.025214791297909128e-04
3.191051940917968821e+01,3.266070861816406534e+01,6.580000732421874545e+02,0.000000000000000000e+00,0.000000000000000000e+00,1.000680252909660374e-02,7.024322509765603684e-01,5.759063720703068157e-01,3.731665039062590949e+00,0.000000000000000000e+00,0.000000000000000000e+00,1.043528318405151367e-04
3.261295166015624858e+01,3.323661499023437216e+01,6.617317382812500455e+02,0.000000000000000000e+00,0.000000000000000000e+00,1.011115536093711888e-02,6.680725097656292633e-01,5.226684570312514211e-01,3.239233398437477263e+00,0.000000000000000000e+00,0.000000000000000000e+00,9.886026382446323757e-05
3.328102416992187784e+01,3.375928344726562358e+01,6.649709716796875227e+02,0.000000000000000000e+00,0.000000000000000000e+00,1.021001562476158211e-02,6.463867187499943157e-01,4.767303466796875000e-01,3.100805664062477263e+00,0.000000000000000000e+00,0.000000000000000000e+00,9.886026382446150285e-05
3.392741088867187216e+01,3.423601379394531108e+01,6.680717773437500000e+02,0.000000000000000000e+00,0.000000000000000000e+00,1.030887588858604362e-02,6.149658203125056843e-01,4.390472412109360789e-01,2.838476562499977263e+00,0.000000000000000000e+00,0.000000000000000000e+00,9.886026382446323757e-05
3.454237670898437784e+01,3.467506103515624716e+01,6.709102539062499773e+02,0.000000000000000000e+00,0.000000000000000000e+00,1.040773615241050686e-02,5.926177978515596578e-01,4.163848876953153422e-01,2.679516601562568212e+00,0.000000000000000000e+00,0.000000000000000000e+00,9.886026382446323757e-05
3.513499450683593750e+01,3.509144592285156250e+01,6.735897705078125455e+02,0.000000000000000000e+00,0.000000000000000000e+00,1.050659641623497009e-02,6.133178710937485789e-01,4.181976318359375000e-01,2.522631835937431788e+00,0.000000000000000000e+00,0.000000000000000000e+00,1.153364777564998972e-04
3.574831237792968608e+01,3.550964355468750000e+01,6.761124023437499773e+02,0.000000000000000000e+00,0.000000000000000000e+00,1.062193289399146999e-02,3.524261474609389211e-01,2.287658691406235789e-01,1.351806640625000000e+00,0.000000000000000000e+00,0.000000000000000000e+00,7.868334650993312473e-05
3.610073852539062500e+01,3.573840942382812358e+01,6.774642089843749773e+02,0.000000000000000000e+00,0.000000000000000000e+00,1.070061624050140311e-02,4.371429443359389211e-01,2.497467041015610789e-01,1.412841796875000000e+00,0.000000000000000000e+00,0.000000000000000000e+00,1.038543879985816265e-04
3.653788146972656392e+01,3.598815612792968466e+01,6.788770507812499773e+02,0.000000000000000000e+00,0.000000000000000000e+00,1.080447062849998474e-02,3.852661132812471578e-01,-3.020538330078110789e-01,-1.223095703125000000e+01,0.000000000000000000e+00,0.000000000000000000e+00,9.972378611564601536e-05
3.692314758300781108e+01,3.568610229492187358e+01,6.666460937499999773e+02,0.000000000000000000e+00,0.000000000000000000e+00,1.090419441461563076e-02,2.391082763671903422e-01,-4.824218750000000000e-01,-1.640847167968752274e+01,0.000000000000000000e+00,0.000000000000000000e+00,1.067757606506344187e-04
3.716225585937500142e+01,3.520368041992187358e+01,6.502376220703124545e+02,0.000000000000000000e+00,0.000000000000000000e+00,1.101097017526626518e-02,3.688079833984332367e-01,-2.384704589843735789e-01,-1.274362792968747726e+01,0.000000000000000000e+00,0.000000000000000000e+00,9.152144193649326687e-05
3.753106384277343466e+01,3.496520996093750000e+01,6.374939941406249773e+02,0.000000000000000000e+00,0.000000000000000000e+00,1.110249161720275844e-02,6.144134521484403422e-01,-4.322479248046846578e-01,-2.170581054687500000e+01,0.000000000000000000e+00,0.000000000000000000e+00,1.067757606506344187e-04
3.814547729492187500e+01,3.453296203613281534e+01,6.157881835937499773e+02,0.000000000000000000e+00,0.000000000000000000e+00,1.120926737785339286e-02,8.532623291015610789e-01,-4.212036132812500000e-01,-2.196264648437500000e+01,0.000000000000000000e+00,0.000000000000000000e+00,1.067750155925757671e-04
3.899873962402343608e+01,3.411175842285156534e+01,5.938255371093749773e+02,0.000000000000000000e+00,0.000000000000000000e+00,1.131604239344596863e-02,1.158831787109377842e+00,-2.927917480468806843e-01,-2.070700683593747726e+01,0.000000000000000000e+00,0.000000000000000000e+00,9.152218699455191842e-05
4.015757141113281392e+01,3.381896667480468466e+01,5.731185302734375000e+02,0.000000000000000000e+00,0.000000000000000000e+00,1.140756458044052055e-02,2.936483764648436079e+00,-3.471313476562443157e-01,-3.887944335937504547e+01,0.000000000000000000e+00,0.000000000000000000e+00,1.144021749496463430e-04
4.309405517578125000e+01,3.347183532714844034e+01,5.342390869140624545e+02,0.000000000000000000e+00,0.000000000000000000e+00,1.152196675539016689e-02,3.706613159179688921e+00,8.129882812497157829e-03,-3.685981445312495453e+01,0.000000000000000000e+00,0.000000000000000000e+00,9.152218699455365314e-05
4.680066833496093892e+01,3.347996520996093750e+01,4.973792724609375000e+02,0.000000000000000000e+00,0.000000000000000000e+00,1.161348894238472054e-02,4.445846557617187500e+00,2.754089355468778422e-01,-3.478859863281252274e+01,0.000000000000000000e+00,0.000000000000000000e+00,9.152144193649153214e-05
5.124651489257812642e+01,3.375537414550781534e+01,4.625906738281249773e+02,0.000000000000000000e+00,0.000000000000000000e+00,1.170501038432121207e-02,5.982043457031245737e+00,5.537994384765596578e-01,-3.708056640625000000e+01,0.000000000000000000e+00,0.000000000000000000e+00,1.144021749496463430e-04
5.722855834960937216e+01,3.430917358398437500e+01,4.255101074218749773e+02,0.000000000000000000e+00,0.000000000000000000e+00,1.181941255927085842e-02,4.621423339843751421e+00,5.182373046875028422e-01,-2.383796386718745453e+01,0.000000000000000000e+00,0.000000000000000000e+00,9.152218699455365314e-05
6.184998168945312358e+01,3.482741088867187784e+01,4.016721435546875227e+02,0.000000000000000000e+00,0.000000000000000000e+00,1.191093474626541207e-02,4.713647460937501421e+00,5.482604980468721578e-01,-2.198800048828127274e+01,0.000000000000000000e+00,0.000000000000000000e+00,9.152144193649153214e-05
6.656362915039062500e+01,3.537567138671875000e+01,3.796841430664062500e+02,0.000000000000000000e+00,0.000000000000000000e+00,1.200245618820190360e-02,6.028125000000002842e+00,7.390167236328153422e-01,-2.550507812500001137e+01,0.000000000000000000e+00,0.000000000000000000e+00,1.144021749496463430e-04
7.259175415039062784e+01,3.611468811035156534e+01,3.541790649414062386e+02,0.000000000000000000e+00,0.000000000000000000e+00,1.211685836315154995e-02,4.392767333984366473e+00,6.603942871093693157e-01,-1.598488769531246589e+01,0.000000000000000000e+00,0.000000000000000000e+00,9.152218699455365314e-05
7.698452148437499432e+01,3.677508239746093466e+01,3.381941772460937727e+02,0.000000000000000000e+00,0.000000000000000000e+00,1.220838055014610360e-02,4.358679199218755684e+00,8.488616943359375000e-01,-1.224245605468752274e+01,0.000000000000000000e+00,0.000000000000000000e+00,1.144021749496446083e-04
8.134320068359375000e+01,3.762394409179687216e+01,3.259517211914062500e+02,0.000000000000000000e+00,0.000000000000000000e+00,1.232278272509574821e-02,2.904223632812502842e+00,6.959411621093778422e-01,-6.029626464843772737e+00,0.000000000000000000e+00,0.000000000000000000e+00,9.152144193649326687e-05
8.424742431640625284e+01,3.831988525390625000e+01,3.199220947265624773e+02,0.000000000000000000e+00,0.000000000000000000e+00,1.241430416703224147e-02,2.694281005859366473e+00,6.978546142578139211e-01,-4.654040527343738631e+00,0.000000000000000000e+00,0.000000000000000000e+00,9.152218699455365314e-05
8.694170532226561932e+01,3.901773986816406392e+01,3.152680541992187386e+02,0.000000000000000000e+00,0.000000000000000000e+00,1.250582635402679513e-02,3.209771728515633527e+00,8.698974609375014211e-01,-4.671105957031215894e+00,0.000000000000000000e+00,0.000000000000000000e+00,1.144021749496446083e-04
9.015147705078125284e+01,3.988763732910156534e+01,3.105969482421875227e+02,0.000000000000000000e+00,0.000000000000000000e+00,1.262022852897643974e-02,2.487115478515619316e+00,6.930175781249943157e-01,-3.040087890625045475e+00,0.000000000000000000e+00,0.000000000000000000e+00,9.152144193649326687e-05
9.263859252929687216e+01,4.058065490722655966e+01,3.075568603515624773e+02,0.000000000000000000e+00,0.000000000000000000e+00,1.271174997091293300e-02,2.436718749999997158e+00,6.902221679687556843e-01,-2.623425292968704525e+00,0.000000000000000000e+00,0.000000000000000000e+00,9.152293205261230469e-05
9.507531127929686932e+01,4.127087707519531534e+01,3.049334350585937727e+02,0.000000000000000000e+00,0.000000000000000000e+00,1.280327290296554531e-02,3.024481201171880684e+00,8.735839843749957367e-01,-2.906848144531295475e+00,0.000000000000000000e+00,0.000000000000000000e+00,1.144021749496463430e-04
9.809979248046875000e+01,4.214446105957031108e+01,3.020265869140624773e+02,0.000000000000000000e+00,0.000000000000000000e+00,1.291767507791519165e-02,2.353826904296880684e+00,6.886566162109417633e-01,-1.900585937499954525e+00,0.000000000000000000e+00,0.000000000000000000e+00,9.152144193649326687e-05
1.004536193847656307e+02,4.283311767578125284e+01,3.001260009765625227e+02,0.000000000000000000e+00,0.000000000000000000e+00,1.300919651985168492e-02,2.309588623046863631e+00,6.812133789062500000e-01,-1.652368164062522737e+00,0.000000000000000000e+00,0.000000000000000000e+00,9.152144193649326687e-05
1.027632080078124943e+02,4.351433105468750284e+01,2.984736328125000000e+02,0.000000000000000000e+00,0.000000000000000000e+00,1.310071796178817818e-02,2.855163574218750000e+00,8.502197265625000000e-01,-1.743237304687454525e+00,0.000000000000000000e+00,0.000000000000000000e+00,1.144021749496446083e-04
1.056183715820312443e+02,4.436455078125000284e+01,2.967303955078125455e+02,0.000000000000000000e+00,0.000000000000000000e+00,1.321512013673782279e-02,2.252307128906252842e+00,6.756408691406221578e-01,-1.157507324218784106e+00,0.000000000000000000e+00,0.000000000000000000e+00,9.152144193649326687e-05
1.078706787109374972e+02,4.504019165039062500e+01,2.955728881835937614e+02,0.000000000000000000e+00,0.000000000000000000e+00,1.330664157867431606e-02,2.795520019531252842e+00,8.434906005859375000e-01,-1.265185546874988631e+00,0.000000000000000000e+00,0.000000000000000000e+00,1.144021749496463430e-04
1.106661987304687500e+02,4.588368225097656250e+01,2.943077026367187727e+02,0.000000000000000000e+00,0.000000000000000000e+00,1.342104375362396240e-02,2.207751464843752842e+00,6.689880371093721578e-01,-8.435668945312500000e-01,0.000000000000000000e+00,0.000000000000000000e+00,9.152293205261230469e-05
1.128739501953125028e+02,4.655267028808593466e+01,2.934641357421875227e+02,0.000000000000000000e+00,0.000000000000000000e+00,1.351256668567657471e-02,2.163989257812502842e+00,6.583312988281306843e-01,-6.284057617187954747e-01,0.000000000000000000e+00,0.000000000000000000e+00,9.152144193649326687e-05
1.150379394531250057e+02,4.721100158691406534e+01,2.928357299804687273e+02,0.000000000000000000e+00,0.000000000000000000e+00,1.360408812761306797e-02,2.867285156249991473e+00,8.791107177734360789e-01,-4.297607421874545253e-01,0.000000000000000000e+00,0.000000000000000000e+00,1.258417963981624949e-04
1.179052246093749972e+02,4.809011230468750142e+01,2.924059692382812727e+02,0.000000000000000000e+00,0.000000000000000000e+00,1.372992992401123047e-02,2.295507812500005684e+00,7.105041503906264211e-01,-1.181030273437500000e-01,0.000000000000000000e+00,0.000000000000000000e+00,1.029625535011284565e-04
1.202007324218750028e+02,4.880061645507812784e+01,2.922878662109375227e+02,0.000000000000000000e+00,0.000000000000000000e+00,1.383289247751235893e-02,2.274951171875002842e+00,7.070861816406193157e-01,-6.933593750000000000e-02,0.000000000000000000e+00,0.000000000000000000e+00,1.029625535011301912e-04
1.224756835937500057e+02,4.950770263671874716e+01,2.922185302734375227e+02,0.000000000000000000e+00,0.000000000000000000e+00,1.393585503101348912e-02,2.262792968749991473e+00,7.066040039062500000e-01,-4.863281250004547474e-02,0.000000000000000000e+00,0.000000000000000000e+00,1.029610633850094187e-04
1.247384765624999972e+02,5.021430664062499716e+01,2.921698974609374773e+02,0.000000000000000000e+00,0.000000000000000000e+00,1.403881609439849854e-02,1.698229980468752842e+00,5.309295654296875000e-01,-8.120117187496589395e-02,0.000000000000000000e+00,0.000000000000000000e+00,7.722228765487740287e-05
1.264367065429687500e+02,5.074523620605468466e+01,2.920886962890625114e+02,0.000000000000000000e+00,0.000000000000000000e+00,1.411603838205337594e-02,3.337707519531250000e+00,1.047714233398437500e+00,6.158447265619315658e-02,0.000000000000000000e+00,0.000000000000000000e+00,1.544430851936340332e-04
1.297744140625000000e+02,5.179295043945312216e+01,2.921502807617187045e+02,0.000000000000000000e+00,0.000000000000000000e+00,1.427048146724700997e-02,1.650817871093750000e+00,5.192932128906306843e-01,1.931518554688409495e-01,0.000000000000000000e+00,0.000000000000000000e+00,7.722079753875663033e-05
1.314252319335937500e+02,5.231224365234375284e+01,2.923434326171875455e+02,0.000000000000000000e+00,0.000000000000000000e+00,1.434770226478576660e-02,1.643920898437500000e+00,5.174987792968721578e-01,2.542358398437158939e-01,0.000000000000000000e+00,0.000000000000000000e+00,7.722228765487740287e-05
1.330691528320312500e+02,5.282974243164062500e+01,2.925976684570312614e+02,0.000000000000000000e+00,0.000000000000000000e+00,1.442492455244064400e-02,1.637292480468744316e+00,5.149230957031250000e-01,2.888793945312500000e-01,0.000000000000000000e+00,0.000000000000000000e+00,7.722079753875663033e-05
1.347064453124999943e+02,5.334466552734375000e+01,2.928865478515625114e+02,0.000000000000000000e+00,0.000000000000000000e+00,1.450214534997940063e-02,3.264526367187500000e+00,1.032379150390625000e+00,6.910766601562841061e-01,0.000000000000000000e+00,0.000000000000000000e+00,1.544430851936340332e-04
1.379709716796874943e+02,5.437704467773437500e+01,2.935776245117187955e+02,0.000000000000000000e+00,0.000000000000000000e+00,1.465658843517303467e-02,1.635009765625000000e+00,5.215637207031278422e-01,3.565185546874545253e-01,0.000000000000000000e+00,0.000000000000000000e+00,7.722228765487740287e-05
1.396059814453124943e+02,5.489860839843750284e+01,2.939341430664062500e+02,0.000000000000000000e+00,0.000000000000000000e+00,1.473381072282791207e-02,2.078173828125017053e+00,6.758361816406193157e-01,3.842041015624886313e-01,0.000000000000000000e+00,0.000000000000000000e+00,1.000002026557908485e-04
1.416841552734375114e+02,5.557444458007812216e+01,2.943183471679687386e+02,0.000000000000000000e+00,0.000000000000000000e+00,1.483381092548370292e-02,2.057861328125000000e+00,6.719055175781250000e-01,4.258789062500341061e-01,0.000000000000000000e+00,0.000000000000000000e+00,1.000002026557925833e-04
1.437420166015625114e+02,5.624635009765624716e+01,2.947442260742187727e+02,0.000000000000000000e+00,0.000000000000000000e+00,1.493381112813949550e-02,2.000964355468738631e+00,6.591979980468778422e-01,4.547241210937045253e-01,0.000000000000000000e+00,0.000000000000000000e+00,9.999871253967354545e-05
1.457429809570312500e+02,5.690554809570312500e+01,2.951989501953124773e+02,0.000000000000000000e+00,0.000000000000000000e+00,1.503380984067916905e-02,1.986523437500011369e+00,6.551879882812485789e-01,4.834838867187727374e-01,0.000000000000000000e+00,0.000000000000000000e+00,1.000002026557925833e-04
1.477295043945312614e+02,5.756073608398437358e+01,2.956824340820312500e+02,0.000000000000000000e+00,0.000000000000000000e+00,1.513381004333496163e-02,1.983825683593750000e+00,6.544494628906250000e-01,5.111938476562727374e-01,0.000000000000000000e+00,0.000000000000000000e+00,1.000002026557908485e-04
1.497133300781250114e+02,5.821518554687499858e+01,2.961936279296875227e+02,0.000000000000000000e+00,0.000000000000000000e+00,1.523381024599075248e-02,1.960827636718732947e+00,6.486999511718778422e-01,5.119140624999545253e-01,0.000000000000000000e+00,0.000000000000000000e+00,1.000002026557925833e-04
1.516741577148437443e+02,5.886388549804687642e+01,2.967055419921874773e+02,0.000000000000000000e+00,0.000000000000000000e+00,1.533381044864654506e-02,1.931408691406261369e+00,6.395996093749971578e-01,6.279296875000000000e-01,0.000000000000000000e+00,0.000000000000000000e+00,1.000002026557925833e-04
1.536055664062500057e+02,5.950348510742187358e+01,2.973334716796874773e+02,0.000000000000000000e+00,0.000000000000000000e+00,1.543381065130233765e-02,1.918737792968755684e+00,6.360229492187485789e-01,7.095092773437841061e-01,0.000000000000000000e+00,0.000000000000000000e+00,1.000002026557925833e-04
1.555243041992187614e+02,6.013950805664062216e+01,2.980429809570312614e+02,0.000000000000000000e+00,0.000000000000000000e+00,1.553381085395813023e-02,1.913598632812494316e+00,6.367736816406264211e-01,7.795166015625341061e-01,0.000000000000000000e+00,0.000000000000000000e+00,1.000002026557925833e-04
1.574379028320312557e+02,6.077628173828124858e+01,2.988224975585937955e+02,0.000000000000000000e+00,0.000000000000000000e+00,1.563381105661392281e-02,1.896948242187505684e+00,6.372558593750028422e-01,8.640869140624545253e-01,0.000000000000000000e+00,0.000000000000000000e+00,9.999871253967354545e-05
1.593348510742187614e+02,6.141353759765625142e+01,2.996865844726562500e+02,0.000000000000000000e+00,0.000000000000000000e+00,1.573380976915359636e-02,1.862622070312482947e+00,6.290466308593707367e-01,9.093627929687500000e-01,0.000000000000000000e+00,0.000000000000000000e+00,1.000002026557908485e-04
1.611974731445312443e+02,6.204258422851562216e+01,3.005959472656250000e+02,0.000000000000000000e+00,0.000000000000000000e+00,1.583380997180938721e-02,1.849121093750000000e+00,6.257690429687556843e-01,9.643066406250113687e-01,0.000000000000000000e+00,0.000000000000000000e+00,1.000002026557908485e-04
1.630465942382812443e+02,6.266835327148437784e+01,3.015602539062500114e+02,0.000000000000000000e+00,0.000000000000000000e+00,1.593381017446517806e-02,1.830664062500005684e+00,6.220458984374985789e-01,9.788696289062386313e-01,0.000000000000000000e+00,0.000000000000000000e+00,1.000002026557943180e-04
1.648772583007812500e+02,6.329039916992187642e+01,3.025391235351562500e+02,0.000000000000000000e+00,0.000000000000000000e+00,1.603381037712097237e-02,1.812475585937505684e+00,6.181335449218750000e-01,9.688354492187727374e-01,0.000000000000000000e+00,0.000000000000000000e+00,1.000002026557908485e-04
1.666897338867187557e+02,6.390853271484375142e+01,3.035079589843750227e+02,0.000000000000000000e+00,0.000000000000000000e+00,1.613381057977676322e-02,1.801245117187505684e+00,6.143005371093792633e-01,1.010156249999965894e+00,0.000000000000000000e+00,0.000000000000000000e+00,1.000002026557943180e-04
1.684909790039062614e+02,6.452283325195313068e+01,3.045181152343749886e+02,0.000000000000000000e+00,0.000000000000000000e+00,1.623381078243255754e-02,1.768591308593727263e+00,6.056884765624914735e-01,1.063391113281284106e+00,0.000000000000000000e+00,0.000000000000000000e+00,1.000002026557908485e-04
1.702595703124999886e+02,6.512852172851562216e+01,3.055815063476562727e+02,0.000000000000000000e+00,0.000000000000000000e+00,1.633381098508834839e-02,1.728247070312505684e+00,5.950744628906221578e-01,1.098315429687431788e+00,0.000000000000000000e+00,0.000000000000000000e+00,1.000002026557908485e-04
1.719878173828124943e+02,6.572359619140624432e+01,3.066798217773437045e+02,0.000000000000000000e+00,0.000000000000000000e+00,1.643381118774413924e-02,1.182678222656250000e+00,4.219116210937556843e-01,7.232910156250227374e-01,0.000000000000000000e+00,0.000000000000000000e+00,7.499903440475602645e-05
1.731704956054687443e+02,6.614550781250000000e+01,3.074031127929687273e+02,0.000000000000000000e+00,0.000000000000000000e+00,1.650881022214889526e-02,1.931713867187511369e+00,6.969909667968750000e-01,1.086437988281261369e+00,0.000000000000000000e+00,0.000000000000000000e+00,1.249998807907118370e-04
1.751022094726562557e+02,6.684249877929687500e+01,3.084895507812499886e+02,0.000000000000000000e+00,0.000000000000000000e+00,1.663381010293960710e-02,1.154052734375000000e+00,4.173217773437443157e-01,6.283203125000227374e-01,0.000000000000000000e+00,0.000000000000000000e+00,7.500052452087332955e-05
1.762562622070312557e+02,6.725982055664061932e+01,3.091178710937500114e+02,0.000000000000000000e+00,0.000000000000000000e+00,1.670881062746048043e-02,1.603723144531244316e+00,5.963378906250085265e-01,8.839965820312158939e-01,0.000000000000000000e+00,0.000000000000000000e+00,1.124992966651909565e-04
1.778599853515625000e+02,6.785615844726562784e+01,3.100018676757812273e+02,0.000000000000000000e+00,0.000000000000000000e+00,1.682130992412567139e-02,1.596716308593755684e+00,5.911987304687471578e-01,9.533813476562613687e-01,0.000000000000000000e+00,0.000000000000000000e+00,1.125007867813117290e-04
1.794567016601562557e+02,6.844735717773437500e+01,3.109552490234374886e+02,0.000000000000000000e+00,0.000000000000000000e+00,1.693381071090698312e-02,1.069104003906232947e+00,3.935852050781250000e-01,6.360961914062386313e-01,0.000000000000000000e+00,0.000000000000000000e+00,7.499903440475255700e-05
1.805258056640624886e+02,6.884094238281250000e+01,3.115913452148437273e+02,0.000000000000000000e+00,0.000000000000000000e+00,1.700880974531173567e-02,1.566564941406255684e+00,5.787902832031193157e-01,9.208618164062727374e-01,0.000000000000000000e+00,0.000000000000000000e+00,1.125007867813117290e-04
1.820923706054687443e+02,6.941973266601561932e+01,3.125122070312500000e+02,0.000000000000000000e+00,0.000000000000000000e+00,1.712131053209304740e-02,1.539794921875000000e+00,5.736999511718750000e-01,9.942382812499772626e-01,0.000000000000000000e+00,0.000000000000000000e+00,1.124992966651909565e-04
1.836321655273437443e+02,6.999343261718749432e+01,3.135064453124999773e+02,0.000000000000000000e+00,0.000000000000000000e+00,1.723380982875823836e-02,1.015026855468761369e+00,3.793823242187528422e-01,7.077026367187500000e-01,0.000000000000000000e+00,0.000000000000000000e+00,7.500052452087679900e-05
1.846471923828125057e+02,7.037281494140624716e+01,3.142141479492187273e+02,0.000000000000000000e+00,0.000000000000000000e+00,1.730881035327911516e-02,1.433911132812482947e+00,5.489318847656221578e-01,9.711547851562727374e-01,0.000000000000000000e+00,0.000000000000000000e+00,1.125007867813082596e-04
1.860811035156249886e+02,7.092174682617186932e+01,3.151853027343750000e+02,0.000000000000000000e+00,0.000000000000000000e+00,1.742131114006042342e-02,1.355432128906272737e+00,5.315246582031250000e-01,8.938842773437727374e-01,0.000000000000000000e+00,0.000000000000000000e+00,1.124992966651944259e-04
1.874365356445312614e+02,7.145327148437499432e+01,3.160791870117187727e+02,0.000000000000000000e+00,0.000000000000000000e+00,1.753381043672561784e-02,8.801513671874943157e-01,3.496154785156306843e-01,5.901245117187272626e-01,0.000000000000000000e+00,0.000000000000000000e+00,7.500052452087332955e-05
1.883166870117187557e+02,7.180288696289062500e+01,3.166693115234375000e+02,0.000000000000000000e+00,0.000000000000000000e+00,1.760881096124649117e-02,1.272302246093744316e+00,5.131652832031221578e-01,9.053344726562500000e-01,0.000000000000000000e+00,0.000000000000000000e+00,1.124992966651909565e-04
1.895889892578125000e+02,7.231605224609374716e+01,3.175746459960937500e+02,0.000000000000000000e+00,0.000000000000000000e+00,1.772131025791168213e-02,9.062133789062443157e-01,4.232910156249971578e-01,6.088867187500000000e-01,0.000000000000000000e+00,0.000000000000000000e+00,1.125007867813117290e-04
1.904952026367187443e+02,7.273934326171874432e+01,3.181835327148437500e+02,0.000000000000000000e+00,0.000000000000000000e+00,1.783381104469299386e-02,6.987182617187670530e-01,3.014465332031335265e-01,5.209960937500000000e-01,0.000000000000000000e+00,0.000000000000000000e+00,7.499903440475255700e-05
1.911939208984375114e+02,7.304078979492187784e+01,3.187045288085937500e+02,0.000000000000000000e+00,0.000000000000000000e+00,1.790881007909774641e-02,9.349487304687329470e-01,4.219604492187443157e-01,7.562500000000227374e-01,0.000000000000000000e+00,0.000000000000000000e+00,1.125007867813117290e-04
1.921288696289062443e+02,7.346275024414062216e+01,3.194607788085937727e+02,0.000000000000000000e+00,0.000000000000000000e+00,1.802131086587905814e-02,7.027343750000056843e-01,3.269165039062471578e-01,5.991943359374545253e-01,0.000000000000000000e+00,0.000000000000000000e+00,9.167492389678885689e-05
1.928316040039062500e+02,7.378966674804686932e+01,3.200599731445312273e+02,0.000000000000000000e+00,0.000000000000000000e+00,1.811298578977584700e-02,7.710693359375113687e-01,3.596069335937528422e-01,6.648071289063182121e-01,0.000000000000000000e+00,0.000000000000000000e+00,1.014783978462233116e-04
1.936026733398437614e+02,7.414927368164062216e+01,3.207247802734375455e+02,0.000000000000000000e+00,0.000000000000000000e+00,1.821446418762207031e-02,7.156005859374943157e-01,3.443725585937471578e-01,6.717895507812272626e-01,0.000000000000000000e+00,0.000000000000000000e+00,1.014798879623406147e-04
1.943182739257812557e+02,7.449364624023436932e+01,3.213965698242187727e+02,0.000000000000000000e+00,0.000000000000000000e+00,1.831594407558441093e-02,7.260498046875056843e-01,3.471313476562585265e-01,6.604370117187272626e-01,0.000000000000000000e+00,0.000000000000000000e+00,1.014783978462233116e-04
1.950443237304687614e+02,7.484077758789062784e+01,3.220570068359375000e+02,0.000000000000000000e+00,0.000000000000000000e+00,1.841742247343063424e-02,7.460571289062443157e-01,3.529235839843778422e-01,6.866333007812954747e-01,0.000000000000000000e+00,0.000000000000000000e+00,1.014783978462198422e-04
1.957903808593750057e+02,7.519370117187500568e+01,3.227436401367187955e+02,0.000000000000000000e+00,0.000000000000000000e+00,1.851890087127685408e-02,6.218872070312500000e-01,2.886291503906193157e-01,5.893920898437272626e-01,0.000000000000000000e+00,0.000000000000000000e+00,8.118301630020280379e-05
1.964122680664062557e+02,7.548233032226562500e+01,3.233330322265625227e+02,0.000000000000000000e+00,0.000000000000000000e+00,1.860008388757705688e-02,5.759887695312500000e-01,3.125793457031278422e-01,5.324462890624772626e-01,0.000000000000000000e+00,0.000000000000000000e+00,1.014783978462233116e-04
1.969882568359375057e+02,7.579490966796875284e+01,3.238654785156250000e+02,0.000000000000000000e+00,0.000000000000000000e+00,1.870156228542328020e-02,4.004394531249886313e-01,2.776489257812500000e-01,3.211059570312500000e-01,0.000000000000000000e+00,0.000000000000000000e+00,1.014798879623406147e-04
1.973886962890624943e+02,7.607255859375000284e+01,3.241865844726562500e+02,0.000000000000000000e+00,0.000000000000000000e+00,1.880304217338562081e-02,3.109008789062670530e-01,2.574523925781164735e-01,1.672241210937954747e-01,0.000000000000000000e+00,0.000000000000000000e+00,1.014783978462198422e-04
1.976995971679687614e+02,7.633001098632811932e+01,3.243538085937500455e+02,0.000000000000000000e+00,0.000000000000000000e+00,1.890452057123184065e-02,2.959472656249886313e-01,2.554382324218806843e-01,1.481323242186931566e-01,0.000000000000000000e+00,0.000000000000000000e+00,1.014783978462233116e-04
1.979955444335937500e+02,7.658544921875000000e+01,3.245019409179687386e+02,0.000000000000000000e+00,0.000000000000000000e+00,1.900599896907806396e-02,3.822753906250113687e-01,2.776123046874943157e-01,2.571655273437727374e-01,0.000000000000000000e+00,0.000000000000000000e+00,1.014783978462233116e-04
1.983778198242187614e+02,7.686306152343749432e+01,3.247591064453125114e+02,0.000000000000000000e+00,0.000000000000000000e+00,1.910747736692428728e-02,6.258789062499943157e-01,3.492980957031335265e-01,5.945068359374658939e-01,0.000000000000000000e+00,0.000000000000000000e+00,1.116275787353508686e-04
1.990036987304687557e+02,7.721235961914062784e+01,3.253536132812499773e+02,0.000000000000000000e+00,0.000000000000000000e+00,1.921910494565963815e-02,4.968627929687556843e-01,2.882446289062414735e-01,4.958251953124772626e-01,0.000000000000000000e+00,0.000000000000000000e+00,9.133070707320958825e-05
1.995005615234375114e+02,7.750060424804686932e+01,3.258494384765624545e+02,0.000000000000000000e+00,0.000000000000000000e+00,1.931043565273284773e-02,4.631347656250000000e-01,2.766784667968806843e-01,4.951049804687954747e-01,0.000000000000000000e+00,0.000000000000000000e+00,9.133070707321305770e-05
1.999636962890625114e+02,7.777728271484375000e+01,3.263445434570312500e+02,0.000000000000000000e+00,0.000000000000000000e+00,1.940176635980606079e-02,6.688232421875000000e-01,4.097229003906193157e-01,7.201171875000227374e-01,0.000000000000000000e+00,0.000000000000000000e+00,1.369968056678765034e-04
2.006325195312500114e+02,7.818700561523436932e+01,3.270646606445312727e+02,0.000000000000000000e+00,0.000000000000000000e+00,1.953876316547393729e-02,4.820678710937329470e-01,2.869934082031306843e-01,4.840820312499545253e-01,0.000000000000000000e+00,0.000000000000000000e+00,9.133070707321305770e-05
2.011145874023437443e+02,7.847399902343750000e+01,3.275487426757812273e+02,0.000000000000000000e+00,0.000000000000000000e+00,1.963009387254715035e-02,4.880493164062613687e-01,2.822326660156306843e-01,4.792358398437954747e-01,0.000000000000000000e+00,0.000000000000000000e+00,9.133070707320958825e-05
2.016026367187500057e+02,7.875623168945313068e+01,3.280279785156250227e+02,0.000000000000000000e+00,0.000000000000000000e+00,1.972142457962035994e-02,4.539184570312500000e-01,2.709350585937500000e-01,3.944702148437500000e-01,0.000000000000000000e+00,0.000000000000000000e+00,9.133070707321305770e-05
2.020565551757812557e+02,7.902716674804688068e+01,3.284224487304687727e+02,0.000000000000000000e+00,0.000000000000000000e+00,1.981275528669357300e-02,-1.637451171875170530e-01,1.391113281249971578e-01,-4.072875976562500000e-01,0.000000000000000000e+00,0.000000000000000000e+00,9.133070707321305770e-05
2.018928100585937386e+02,7.916627807617187784e+01,3.280151611328125227e+02,0.000000000000000000e+00,0.000000000000000000e+00,1.990408599376678606e-02,-5.435546874999772626e-01,5.994873046874715783e-02,-8.310424804687954747e-01,0.000000000000000000e+00,0.000000000000000000e+00,9.591430425643851509e-05
