Sigma_1,Sigma_2,Sigma_12,Epsilon_1,Epsilon_2,Epsilon_12,dSigma_1,dSigma_2,dSigma_12,dEpsilon_1,dEpsilon_2,dEpsilon_12
-0.000000000000000000e+00,-0.000000000000000000e+00,-0.000000000000000000e+00,0.000000000000000000e+00,0.000000000000000000e+00,0.000000000000000000e+00,2.571994573046892540e+01,2.372091127623767548e+01,2.191276321411132955e+01,3.999200403183193276e-04,2.666304395466368403e-04,2.666659886017441641e-04
2.571994573046892540e+01,2.372091127623767548e+01,2.191276321411132955e+01,3.999200403183193276e-04,2.666304395466368403e-04,2.666659886017441641e-04,1.927458077532435610e+01,1.777481760667208377e+01,1.640100631713867330e+01,2.998350955465478107e-04,1.999261918537624332e-04,1.999994972720742334e-04
4.499452650579328150e+01,4.149572888290975925e+01,3.831376953125000284e+01,6.997551358648671383e-04,4.665566314003992735e-04,4.666654858738183975e-04,1.284307012221695032e+01,1.184260250277935711e+01,1.091880645751952983e+01,1.998400682629553581e-04,1.332619565569083593e-04,1.333330292254686356e-04
5.783759662801023183e+01,5.333833138568911636e+01,4.923257598876953267e+01,8.995952041278224964e-04,5.998185879573076328e-04,5.999985150992870331e-04,2.567016944905581965e+01,2.366776577764515821e+01,2.180119171142577983e+01,3.995605542795829281e-04,2.664705556450082911e-04,2.666659653186798313e-04
8.350776607706605148e+01,7.700609716333427457e+01,7.103376770019531250e+01,1.299155758407405424e-03,8.662891436023159239e-04,8.666644804179668643e-04,1.281859934329317241e+01,1.182225403976283928e+01,1.087464904785156250e+01,1.997203318511342647e-04,1.332086550928203786e-04,1.333329826593399698e-04
9.632636542035922389e+01,8.882835120309711385e+01,8.190841674804687500e+01,1.498876090258539689e-03,9.994977986951363025e-04,9.999974630773068342e-04,1.918344916543301792e+01,1.770997356389224819e+01,1.625878601074218466e+01,2.995057737740641768e-04,1.997798105450208309e-04,1.999995671212672320e-04
1.155098145857922418e+02,1.065383247669893620e+02,9.816720275878905966e+01,1.798381864032603866e-03,1.199277609240157133e-03,1.199997030198574066e-03,2.551257099358500113e+01,2.356847836934990426e+01,2.158568420410156818e+01,3.992016675598575055e-04,2.663108865969469712e-04,2.666659653186797228e-04
1.410223855793772429e+02,1.301068031363392663e+02,1.197528869628906278e+02,2.197583531592461371e-03,1.465588495837104105e-03,1.466662995517253789e-03,1.905063935943240949e+01,1.761536960486751013e+01,1.607035522460937216e+01,2.992967041546517985e-04,1.996866330473668315e-04,1.999994739890099005e-04
1.600730249388096524e+02,1.477221727412067764e+02,1.358232421875000000e+02,2.496880235747113170e-03,1.665275128884470936e-03,1.666662469506263690e-03,1.265770502076480852e+01,1.170980849059219508e+01,1.065097045898437500e+01,1.994813818423663704e-04,1.331022728319778900e-04,1.333329826593398614e-04
1.727307299595744610e+02,1.594319812317989715e+02,1.464742126464843750e+02,2.696361617589479540e-03,1.798377401716448826e-03,1.799995452165603551e-03,1.888808577468526551e+01,1.749493249631649405e+01,1.586040039062498863e+01,2.991472953544262875e-04,1.996201972386880182e-04,1.999994739890101174e-04
1.916188157342597265e+02,1.769269137281154656e+02,1.623346130371093636e+02,2.995508912943905828e-03,1.997997598955136844e-03,1.999994926154613668e-03,1.870331108572227663e+01,1.736096943870668952e+01,1.564089965820312500e+01,2.990580186635464523e-04,1.995805428240105504e-04,1.999996602535247803e-04
2.103221268199820031e+02,1.942878831668221551e+02,1.779755126953124886e+02,3.294566931607452280e-03,2.197578141779147395e-03,2.199994586408138449e-03,1.840196393571494582e+01,1.715383434983613142e+01,1.531603393554689774e+01,2.989684241066288724e-04,1.995405325603931412e-04,1.999994739890096837e-04
2.287240907556969489e+02,2.114417175166582865e+02,1.932915466308593864e+02,3.593535355714081152e-03,2.397118674339540536e-03,2.399994060397148132e-03,2.394895658508357883e+01,2.244401374674899330e+01,1.977121582031247726e+01,3.984858247726521564e-04,2.659921218554905931e-04,2.666659653186797228e-04
2.526730473407805277e+02,2.338857312634072798e+02,2.130627624511718636e+02,3.992021180486733309e-03,2.663110796195031129e-03,2.666660025715827855e-03,1.717895455148496353e+01,1.638926584612062243e+01,1.389755249023437500e+01,2.987603820756752626e-04,1.994476708063667829e-04,1.999994739890101174e-04
2.698520018922654913e+02,2.502749971095279022e+02,2.269603149414062386e+02,4.290781562562408571e-03,2.862558467001397912e-03,2.866659499704837973e-03,1.669378902337069803e+01,1.610375367301358551e+01,1.338045654296877274e+01,2.986707801447240074e-04,1.994078993651665112e-04,1.999994739890096837e-04
2.865457909156361893e+02,2.663787507825414878e+02,2.403407714843750114e+02,4.589452342707132579e-03,3.061966366366564423e-03,3.066658973693847656e-03,1.627630984652762436e+01,1.586034319467211162e+01,1.301474609374997726e+01,2.985816025436712276e-04,1.993683294403605227e-04,1.999996602535247803e-04
3.028221007621638137e+02,2.822390939772135994e+02,2.533555175781249886e+02,4.888033945250803806e-03,3.261334695806924946e-03,3.266658633947372437e-03,1.553642079525315012e+01,1.537591196429224283e+01,1.209361572265623863e+01,2.984928487825156546e-04,1.993282183901552707e-04,1.999992877244950208e-04
3.183585215574169638e+02,2.976150059415058422e+02,2.654491333007812273e+02,5.186526794033319461e-03,3.460662914197080216e-03,3.466657921671867457e-03,1.017855980671373572e+01,1.003568003977431999e+01,7.707482910156272737e+00,1.989456216230922614e-04,1.328635328911630456e-04,1.333329826593396446e-04
3.285370813641306995e+02,3.076506859812801622e+02,2.731566162109375000e+02,5.385472415656411722e-03,3.593526447088243262e-03,3.599990904331207102e-03,2.009021565321666003e+01,1.975493426097642669e+01,1.493103027343750000e+01,3.977721741404019809e-04,2.656741193513400406e-04,2.666659653186801565e-04
3.486272970173473595e+02,3.274056202422565889e+02,2.880876464843750000e+02,5.783244589796813703e-03,3.859200566439583303e-03,3.866656869649887258e-03,9.689812407541410266e+00,9.668355257098482980e+00,7.139562988281227263e+00,1.988269544400183761e-04,1.328105958361808746e-04,1.333329826593400783e-04
3.583171094248887698e+02,3.370739754993550719e+02,2.952272094726562273e+02,5.982071544236832079e-03,3.992011162275764177e-03,3.999989852309227337e-03,1.371582248333061216e+01,1.446485956927364214e+01,1.026993408203122726e+01,3.056659320588833023e-04,2.041933337942822280e-04,2.050310373306269210e-04
3.720329319082193820e+02,3.515388350686287140e+02,3.054971435546874545e+02,6.287737476295715382e-03,4.196204496070046405e-03,4.205020889639854258e-03,1.548348159012010683e+01,1.763546062864406849e+01,1.168267822265625000e+01,3.875816863128508580e-04,2.589444492674440948e-04,2.600669860839842015e-04
3.875164134983394888e+02,3.691742956972727825e+02,3.171798217773437045e+02,6.675319162608566240e-03,4.455148945337490500e-03,4.465087875723838459e-03,4.662508494806218096e+00,1.128938054194071583e+01,4.349316406250068212e+00,2.979595428540815494e-04,1.990907939782050884e-04,1.999996602535247803e-04
3.921789219931457069e+02,3.804636762392134983e+02,3.215291381835937727e+02,6.973278705462647789e-03,4.654239739315695588e-03,4.665087535977363239e-03,-1.773215366858488551e+01,2.260486581874658896e+00,-1.307581787109376137e+01,2.978707894091825459e-04,1.990507939983610780e-04,1.999992877244954545e-04
3.744467683245608214e+02,3.827241628210881572e+02,3.084533203125000114e+02,7.271149494871830335e-03,4.853290533314056666e-03,4.865086823701858694e-03,-2.683371961012488782e+01,-5.123310046365020298e+00,-2.245968017578127274e+01,2.233450642817715395e-04,1.492621910536900617e-04,1.499995589256284886e-04
3.476130487144359336e+02,3.776008527747231369e+02,2.859936401367187386e+02,7.494494559153601874e-03,5.002552724367746728e-03,5.015086382627487183e-03,-5.924502005197899734e+01,-2.096276185590937757e+01,-5.356910400390626137e+01,2.977155979874196098e-04,1.989818515877751076e-04,1.999996602535247803e-04
2.883680286624569362e+02,3.566380909188137593e+02,2.324245361328124773e+02,7.792210157141021484e-03,5.201534575955521836e-03,5.215086042881011963e-03,-5.100333600727762473e+01,-1.824021389308040852e+01,-4.602253417968748295e+01,2.976269897897437094e-04,1.989422656872592149e-04,1.999996602535247803e-04
2.373646926551793115e+02,3.383978770257333508e+02,1.864020019531249943e+02,8.089837146930765194e-03,5.400476841642781051e-03,5.415085703134536743e-03,-3.335243185525956733e+01,-7.109447238620987264e+00,-2.844664916992186932e+01,3.502189454681718661e-04,2.341206549116153779e-04,2.354159951210021973e-04
2.040122607999197442e+02,3.312884297871123636e+02,1.579553527832031250e+02,8.440056092398937060e-03,5.634597496554396429e-03,5.650501698255538940e-03,-1.665936281914503070e+01,-1.363006672761457594e-02,-1.391607055664064774e+01,2.974342644613495873e-04,1.988557680225625998e-04,1.999992877244945871e-04
1.873528979807747135e+02,3.312747997203847490e+02,1.440392822265624773e+02,8.737490356860286647e-03,5.833453264576959028e-03,5.850500985980033528e-03,-1.043970924675002721e+01,1.124996024319386834e+00,-9.005267333984363631e+00,2.280508428160622075e-04,1.524813167707306238e-04,1.533851027488708496e-04
1.769131887340246863e+02,3.323997957447041358e+02,1.350340148925781136e+02,8.965541199676348855e-03,5.985934581347689652e-03,6.003886088728904377e-03,-9.996281119994847586e+00,3.573903458033214520e+00,-9.062030029296863631e+00,2.945932359756132934e-04,1.969906645144037585e-04,1.981928944587707520e-04
1.669169076140298387e+02,3.359736992027373503e+02,1.259719848632812500e+02,9.260134435651962148e-03,6.182925245862093411e-03,6.202078983187675129e-03,-7.091796255211761491e+00,6.303538556983085073e+00,-6.835839843749994316e+00,3.349251895412019842e-04,2.239839092277925298e-04,2.253983169794087846e-04
1.598251113588180772e+02,3.422772377597204354e+02,1.191361450195312557e+02,9.595059625193164132e-03,6.406909155089885941e-03,6.427477300167083914e-03,-5.600830574073484058e+00,5.982636150514906603e+00,-5.872302246093752842e+00,3.055039471593773426e-04,2.043292591193618737e-04,2.056635916233059275e-04
1.542242807847445931e+02,3.482598739102353420e+02,1.132638427734375028e+02,9.900563572352541475e-03,6.611238414209247814e-03,6.633140891790389841e-03,-4.481049543031019766e+00,6.368856409805744079e+00,-5.166091918945312500e+00,2.970002410204990867e-04,1.986620414302468773e-04,1.999996602535247803e-04
1.497432312417135734e+02,3.546287303200410861e+02,1.080977508544921903e+02,1.019756381337304056e-02,6.809900455639494692e-03,6.833140552043914621e-03,-3.553876912997878890e+00,6.979660023640008149e+00,-4.585916137695321027e+00,2.969120580668255238e-04,1.986218428078568785e-04,1.999989151954652614e-04
1.461893543287156945e+02,3.616083903436810942e+02,1.035118347167968693e+02,1.049447587143986609e-02,7.008522298447351570e-03,7.033139467239379883e-03,-2.663240073141167841e+00,7.280517150193873022e+00,-3.954010009765625000e+00,2.968239274632102770e-04,1.985831397130956993e-04,1.999996602535247803e-04
1.435261142555745266e+02,3.688889074938749673e+02,9.955782470703124432e+01,1.079129979890307636e-02,7.207105438160447269e-03,7.233139127492904663e-03,-1.992306150876999027e+00,7.585216331834828907e+00,-3.364520263671863631e+00,2.967358491621756994e-04,1.985437122792119841e-04,1.999996602535247803e-04
1.415338081046975276e+02,3.764741238257097962e+02,9.619330444335938068e+01,1.108803564806525206e-02,7.405649150439659253e-03,7.433138787746429443e-03,-1.592995727740628809e+00,7.723206040239915637e+00,-2.947427368164071027e+00,2.966485597419230014e-04,1.985043004983583562e-04,1.999996602535247803e-04
1.399408123769568988e+02,3.841973298659497118e+02,9.324587707519530966e+01,1.138468420780717506e-02,7.604153450938017610e-03,7.633138447999954224e-03,-8.853209882651071894e-01,7.768194284605499433e+00,-2.294601440429687500e+00,2.965598490652764790e-04,1.984649043612150138e-04,1.999996602535247803e-04
1.390554913886917916e+02,3.919655241505552112e+02,9.095127563476562216e+01,1.168124405687245154e-02,7.802618355299232623e-03,7.833138108253479004e-03,-6.524641854772426086e-01,7.669262242759145920e+00,-2.033242797851571027e+00,2.964719273943709071e-04,1.984247847379118010e-04,1.999989151954643940e-04
1.384030272032145490e+02,3.996347863933143572e+02,8.891803283691405113e+01,1.197771598426682245e-02,8.001043140037144424e-03,8.033137023448943398e-03,-5.231295305781031857e-01,6.640320698857351545e+00,-1.703363037109369316e+00,2.579458642377116528e-04,1.726562318758988884e-04,1.740582287311567833e-04
1.378798976726364458e+02,4.062751070921717087e+02,8.721466979980468182e+01,1.223566184850453410e-02,8.173699371913043313e-03,8.207195252180100181e-03,-5.376896754752920060e-01,7.172780015564569567e+00,-1.844067382812497158e+00,2.863517490257778270e-04,1.916867569834636992e-04,1.932784914970391010e-04
1.373422079971611538e+02,4.134478871077362783e+02,8.537060241699218466e+01,1.252201359753031193e-02,8.365386128896507012e-03,8.400473743677139282e-03,-2.554091357256140782e-01,7.309010022070594914e+00,-1.755618286132815342e+00,3.007781709319073266e-04,2.013640065195391321e-04,2.030760049819939350e-04
1.370867988614355397e+02,4.207568971298068732e+02,8.361498413085936932e+01,1.282279176846221926e-02,8.566750135416046144e-03,8.603549748659133217e-03,-1.979989248929143741e-01,7.163434473764709765e+00,-1.667895507812488631e+00,2.918473837596139570e-04,1.954032016965156354e-04,1.971036195755008352e-04
1.368887999365426253e+02,4.279203316035715829e+02,8.194708862304688068e+01,1.311463915222183321e-02,8.762153337112561780e-03,8.800653368234634052e-03,-1.317681500791252347e-01,6.947679311744991537e+00,-1.526354980468752842e+00,2.950732815395432779e-04,1.975824814985545352e-04,1.993410289287574078e-04
1.367570317864635001e+02,4.348680109153165745e+02,8.042073364257812784e+01,1.340971243376137649e-02,8.959735818611116315e-03,8.999994397163391460e-03,-3.047665472862775005e-01,6.714070494385794063e+00,-1.421127319335937500e+00,3.056953908928180391e-04,2.047156836858521345e-04,2.065792679786671721e-04
1.364522652391772226e+02,4.415820814097023685e+02,7.899960632324219034e+01,1.371540782465419453e-02,9.164451502296968449e-03,9.206573665142058632e-03,-3.140862999638613928e-01,6.846185151920565204e+00,-1.486865234375002842e+00,2.943509482479754469e-04,1.971391272995413890e-04,1.989737153053287161e-04
1.361381789392133612e+02,4.484282665616229338e+02,7.751274108886718750e+01,1.400975877290216998e-02,9.361590629596509838e-03,9.405547380447387348e-03,-3.814987604610848848e-01,6.638300299907939461e+00,-1.495443725585943184e+00,2.950707862344435772e-04,1.976382512620718929e-04,1.995168626308437693e-04
1.357566801787522763e+02,4.550665668615308732e+02,7.601729736328124432e+01,1.430482955913661355e-02,9.559228880858581731e-03,9.605064243078231118e-03,-4.586520751419698172e-01,6.893261040647246318e+00,-1.531365966796869316e+00,3.050812290568399171e-04,2.043657591528375700e-04,2.063497900962833059e-04
1.352980281036103065e+02,4.619598279021781195e+02,7.448593139648437500e+01,1.460991078819345347e-02,9.763594640011419301e-03,9.811414033174514424e-03,-5.959182212612574858e-01,6.382473795594819421e+00,-1.454235839843747158e+00,2.854188034828019499e-04,1.912118628040627294e-04,1.931063830852512014e-04
1.347021098823490490e+02,4.683423016977729390e+02,7.303169555664062784e+01,1.489532959167625542e-02,9.954806502815482031e-03,1.000452041625976562e-02,-5.453004388375291001e-01,6.915778287538728364e+00,-1.530792236328139211e+00,3.105911727793366633e-04,2.080957369895389958e-04,2.101995050907135010e-04
1.341568094435115199e+02,4.752580799853116673e+02,7.150090332031248863e+01,1.520592076445559208e-02,1.016290223980502103e-02,1.021471992135047913e-02,-3.355591576224412620e-01,6.063755087806896427e+00,-1.295028686523423289e+00,2.768533530751755151e-04,1.855107558315673144e-04,1.874230802059173584e-04
1.338212502858890787e+02,4.813218350731185637e+02,7.020587463378906534e+01,1.548277411753076760e-02,1.034841299563658834e-02,1.040214300155639648e-02,-5.209779120893358595e-01,6.170964274117807236e+00,-1.347186279296877842e+00,2.927443649213615218e-04,1.961767501803650393e-04,1.982368528842919086e-04
1.333002723737997428e+02,4.874927993472363710e+02,6.885868835449218750e+01,1.577551848245212912e-02,1.054458974581695338e-02,1.060037985444068839e-02,-1.372631686968435361e+01,-2.737831103738739102e+01,-1.947362823486328409e+01,3.060846294595312433e-04,2.051367293926364271e-04,2.073325216770185997e-04
1.195739555041153892e+02,4.601144883098489800e+02,4.938506011962890341e+01,1.608160311191166036e-02,1.074972647520958981e-02,1.080771237611770699e-02,1.558315003060243953e+00,7.915720072570422872e+00,3.298233032226605133e-01,3.659355123931465337e-04,2.452748003836068003e-04,2.479560673236836515e-04
1.211322705071756332e+02,4.680302083824194028e+02,4.971488342285156392e+01,1.644753862430480690e-02,1.099500127559319661e-02,1.105566844344139064e-02,7.389102443516435414e-01,4.412897996752633389e+00,1.325515747070298289e-01,2.132508339844178813e-04,1.429497823528559641e-04,1.445405185222636141e-04
1.218711807515272767e+02,4.724431063791720362e+02,4.984743499755859375e+01,1.666078945828922478e-02,1.113795105794605257e-02,1.120020896196365426e-02,6.829287046221708124e-01,3.962070789220319966e+00,-5.484649658203153422e-01,3.015666421442610157e-04,2.021671468727236770e-04,2.044521272182454191e-04
1.225541094561494475e+02,4.764051771683923562e+02,4.929897003173827841e+01,1.696235610043348579e-02,1.134011820481877625e-02,1.140466108918189968e-02,-1.181516013344037219e-01,-5.867728459948523323e+00,-4.097323608398433237e+00,3.838801787549236955e-04,2.573790495343421941e-04,2.603478729724887503e-04
1.224359578548150438e+02,4.705374487084438329e+02,4.520164642333984517e+01,1.734623627918840949e-02,1.159749725435311844e-02,1.166500896215438843e-02,9.806680252072084158e-01,5.833824166357260310e+00,4.444229125976519867e-01,2.947981433333649037e-04,1.976732879496647527e-04,1.999989151954643940e-04
1.234166258800222522e+02,4.763712728748010932e+02,4.564606933593749716e+01,1.764103442252177439e-02,1.179517054230278320e-02,1.186500787734985282e-02,8.607980345318821946e-01,5.935471966564762170e+00,4.754821777343778422e-01,2.947112629995869704e-04,1.976349571193164456e-04,1.999996602535247803e-04
1.242774239145541344e+02,4.823067448413658553e+02,4.612155151367187500e+01,1.793574568552136136e-02,1.199280549942209964e-02,1.206500753760337760e-02,5.147777632386265623e-01,4.058870324604185953e+00,3.582092285156193157e-01,1.994945542126182192e-04,1.337932620992833554e-04,1.354165375232700003e-04
1.247922016777927610e+02,4.863656151659700413e+02,4.647976074218749432e+01,1.813524023973397958e-02,1.212659876152138300e-02,1.220042407512664760e-02,7.072606187622199059e-01,6.018741837128402494e+00,4.872314453125028422e-01,2.945642095019650186e-04,1.975694726398767587e-04,1.999996602535247803e-04
1.254994622965549809e+02,4.923843570030984438e+02,4.696699218749999716e+01,1.842980444923594460e-02,1.232416823416125976e-02,1.240042373538017238e-02,-1.636336824156643388e-01,5.393299275738627330e+00,7.266235351565342171e-03,2.944789294535496427e-04,1.975304466535748177e-04,1.999996602535247803e-04
1.253358286141393165e+02,4.977776562788370711e+02,4.697425842285156250e+01,1.872428337868949424e-02,1.252169868081483457e-02,1.260042339563369716e-02,-1.327559233298970298e+00,3.841770929992776473e+00,-1.191259765624998579e+00,2.943907750982965865e-04,1.974907004403756577e-04,1.999989151954661287e-04
1.240082693808403462e+02,5.016194272088298476e+02,4.578299865722656392e+01,1.901867415378779083e-02,1.271918938125521023e-02,1.280042231082916329e-02,-1.766202394441762635e-01,-1.044821794062886511e+01,-4.448602294921876421e+00,2.943055962887006216e-04,1.974517055646132085e-04,1.999989151954643940e-04
1.238316491413961700e+02,4.911712092682009825e+02,4.133439636230468750e+01,1.931297975007649145e-02,1.291664108681982344e-02,1.300042122602462769e-02,-1.726251344021250134e-01,4.352514457649647284e+00,-4.853042602539048289e-01,2.942190059882984765e-04,1.974141967871646114e-04,2.000004053115851665e-04
