Sigma_1,Sigma_2,Sigma_12,Epsilon_1,Epsilon_2,Epsilon_12,dSigma_1,dSigma_2,dSigma_12,dEpsilon_1,dEpsilon_2,dEpsilon_12
-0.000000000000000000e+00,-0.000000000000000000e+00,-0.000000000000000000e+00,0.000000000000000000e+00,0.000000000000000000e+00,0.000000000000000000e+00,7.161405740194523695e+00,1.364717316388694002e+01,1.080348701477050710e+01,6.666447875155136660e-05,1.999800121638574792e-04,1.333329943008720821e-04
7.161405740194523695e+00,1.364717316388694002e+01,1.080348701477050710e+01,6.666447875155136660e-05,1.999800121638574792e-04,1.333329943008720821e-04,3.578581878535872285e+00,6.820851998825109064e+00,5.396687698364257102e+00,3.333057289245535239e-05,9.997499944099476950e-05,6.666650297120215135e-05
1.073998761873039598e+01,2.046802516271204908e+01,1.620017471313476420e+01,9.999505164400671899e-05,2.999550116048522487e-04,1.999994972720742334e-04,3.577523241013745192e+00,6.819393009192893373e+00,5.394207000732421875e+00,3.332946200261451561e-05,9.996502871346707886e-05,6.666649132966993071e-05
1.431751085974414117e+01,2.728741817190494245e+01,2.159438171386718608e+01,1.333245136466212346e-04,3.999200403183193276e-04,2.666659886017441641e-04,3.576462184592001492e+00,6.817928591324932341e+00,5.391723632812500000e+00,3.332835118637794171e-05,9.995499016253158245e-05,6.666651461273431778e-05
1.789397304433614266e+01,3.410534676322987480e+01,2.698610534667968608e+01,1.666528648329991763e-04,4.998750304808509100e-04,3.333325032144784819e-04,3.575403287517733730e+00,6.816472489302753957e+00,5.389241027832035513e+00,3.332724044440422929e-05,9.994504669895497122e-05,6.666649132966998492e-05
2.146937633185387639e+01,4.092181925253262875e+01,3.237534637451172159e+01,1.999801052774034056e-04,5.998200771798058812e-04,3.999989945441484668e-04,3.574344260452214428e+00,6.815009433190461152e+00,5.386758422851556816e+00,3.332611813782512377e-05,9.993505868506125708e-05,6.666649132966993071e-05
2.504372059230609082e+01,4.773682868572308990e+01,3.776210479736327841e+01,2.333062234152285294e-04,6.997551358648671383e-04,4.666654858738183975e-04,3.573283578275546546e+00,6.813551638613681405e+00,5.384277343750000000e+00,3.332503082141061970e-05,9.992507266705201192e-05,6.666649132966993071e-05
2.861700417058163737e+01,5.455038032433677131e+01,4.314638214111327841e+01,2.666312542366391491e-04,7.996802085319191502e-04,5.333319772034883282e-04,3.572224291334137547e+00,6.812096047799713006e+00,5.381799316406258527e+00,3.332389702479112261e-05,9.991499559590334614e-05,6.666653789579870485e-05
3.218922846191577491e+01,6.136247637213648431e+01,4.852818145751953693e+01,2.999551512614302717e-04,8.995952041278224964e-04,5.999985150992870331e-04,3.571167928883347997e+00,6.810633514036553038e+00,5.379319763183588066e+00,3.332280985485512386e-05,9.990510662625400919e-05,6.666649132966993071e-05
3.576039639079912291e+01,6.817310988617303735e+01,5.390750122070312500e+01,3.332779611162853955e-04,9.995003107540765055e-04,6.666650064289569638e-04,3.570105329702833785e+00,6.809176239479157289e+00,5.376843261718747158e+00,3.332167620780199409e-05,9.989512659297180089e-05,6.666649132966993071e-05
3.933050172050195670e+01,7.498228612565219464e+01,5.928434448242187216e+01,3.665996373240873896e-04,1.099395437347048306e-03,7.333314977586268945e-04,3.569051761200626061e+00,6.807718120805390072e+00,5.374365234375005684e+00,3.332058918431525431e-05,9.988514855340403092e-05,6.666649132967003913e-05
4.289955348170258276e+01,8.179000424645758471e+01,6.465870971679687784e+01,3.999202265084026440e-04,1.199280585900452337e-03,7.999979890882969336e-04,3.567991955534694171e+00,6.806259158015294020e+00,5.371890258789065342e+00,3.331945568657665880e-05,9.987517250695308706e-05,6.666649132966993071e-05
4.646754543723727693e+01,8.859626340447287873e+01,7.003059997558594318e+01,4.332396821949793028e-04,1.299155758407405424e-03,8.666644804179668643e-04,3.566935074266417871e+00,6.804805463169330437e+00,5.369415283203125000e+00,3.331834553766088421e-05,9.986519845280017980e-05,6.666649132966993071e-05
5.003448051150369480e+01,9.540106886764220917e+01,7.540001525878906818e+01,4.665580277326401870e-04,1.399020956860205604e-03,9.333309717476367950e-04,3.565878066098285615e+00,6.803344803863026868e+00,5.366940307617170447e+00,3.331728200531015567e-05,9.985513339833408490e-05,6.666649132967003913e-05
5.360035857760198041e+01,1.022044136715052360e+02,8.076695556640623863e+01,4.998753097379503426e-04,1.498876090258539689e-03,9.999974630773068342e-04,3.564817870326571381e+00,6.801895555515557135e+00,5.364471435546889211e+00,3.331612545952788908e-05,9.984534931301090703e-05,6.666649132966982229e-05
5.716517644792855180e+01,1.090063092270207932e+02,8.613142700195312784e+01,5.331914351974782317e-04,1.598721439571550596e-03,1.066663954406976656e-03,3.563766707645420695e+00,6.800433210417935470e+00,5.361999511718750000e+00,3.331501553251257474e-05,9.983528824037877190e-05,6.666658446192737057e-05
6.072894315557397249e+01,1.158067424374387286e+02,9.149342651367187784e+01,5.665064507299908065e-04,1.698556727811929368e-03,1.133330538868904027e-03,3.561622231365277003e+00,6.798279069191451640e+00,5.357809448242178973e+00,3.331390567922734493e-05,9.982513622067449785e-05,6.666649132967003913e-05
6.429056538693924949e+01,1.226050215066301803e+02,9.685123596191405682e+01,5.998203564092181514e-04,1.798381864032603866e-03,1.199997030198574066e-03,3.558078929913691013e+00,6.795084352178349718e+00,5.351303100585937500e+00,3.331284243627598025e-05,9.981535806883657692e-05,6.666649132967003913e-05
6.784864431685294051e+01,1.294001058588085300e+02,1.022025390624999943e+02,6.331331988454941316e-04,1.898197222101440443e-03,1.266663521528244105e-03,3.555848375201904332e+00,6.792438666365313793e+00,5.346490478515633527e+00,3.331168619293304808e-05,9.980539595727186408e-05,6.666649132966982229e-05
7.140449269205484484e+01,1.361925445251738438e+02,1.075490295410156278e+02,6.664448850384271797e-04,1.998002618058712307e-03,1.333330012857913928e-03,3.554423804927651531e+00,6.790134297690769927e+00,5.342681884765610789e+00,3.331057656145975342e-05,9.979543583449714331e-05,6.666649132967003913e-05
7.495891649698249637e+01,1.429826788228646137e+02,1.128917114257812386e+02,6.997554615998869331e-04,2.097798053893209450e-03,1.399996504187583967e-03,3.552040113966128843e+00,6.787755430725013639e+00,5.338562011718764211e+00,3.330946700368694457e-05,9.978547769925192115e-05,6.666649132966982229e-05
7.851095661094862521e+01,1.497704342535896274e+02,1.182302734375000028e+02,7.330649286035738777e-04,2.197583531592461371e-03,1.466662995517253789e-03,3.549674489567081537e+00,6.784274287147695759e+00,5.332714843749997158e+00,3.330840405068387529e-05,9.977552155116279839e-05,6.666649132967003913e-05
8.206063110051570675e+01,1.565547085407373231e+02,1.235629882812500000e+02,7.663733326542577530e-04,2.297359053143624170e-03,1.533329486846923828e-03,3.543002176786316682e+00,6.776398855239989416e+00,5.318231201171897737e+00,3.330724810899493571e-05,9.976556738963563223e-05,6.666649132967003913e-05
8.560363327730202343e+01,1.633311073959773125e+02,1.288812194824218977e+02,7.996805807632526887e-04,2.397124620533259802e-03,1.599995978176593867e-03,3.536127593488643583e+00,6.768997926505704754e+00,5.305169677734340894e+00,3.330613877294526584e-05,9.975561521385336791e-05,6.666649132966982229e-05
8.913976087079066701e+01,1.701001053224830173e+02,1.341863891601562386e+02,8.329867195361979545e-04,2.496880235747113170e-03,1.666662469506263690e-03,3.532795406839554175e+00,6.764654071745752617e+00,5.298175048828142053e+00,3.330502951123229163e-05,9.974566502388756278e-05,6.666649132967003913e-05
9.267255627763022119e+01,1.768647593942287699e+02,1.394845642089843807e+02,8.662917490474302462e-04,2.596625900771000733e-03,1.733328960835933729e-03,3.529352901586790381e+00,6.759047795110433299e+00,5.289843749999988631e+00,3.330392032296122101e-05,9.973571681847880760e-05,6.666649132966982229e-05
9.620190917921701157e+01,1.836238071893392032e+02,1.447744079589843693e+02,8.995956693703914672e-04,2.696361617589479540e-03,1.799995452165603551e-03,3.524376616629552927e+00,6.753096684490401458e+00,5.280603027343744316e+00,3.330281120901188406e-05,9.972577059725457049e-05,6.666649132967003913e-05
9.972628579584656450e+01,1.903769038738296047e+02,1.500550109863281136e+02,9.328984805794033512e-04,2.796087388186734111e-03,1.866661943495273590e-03,3.517133217820344271e+00,6.743739958645875276e+00,5.268041992187534106e+00,3.330170216871142490e-05,9.971564063366786246e-05,6.666649132967003913e-05
1.032434190136669088e+02,1.971206438324754799e+02,1.553230529785156477e+02,9.662001827481147762e-04,2.895803028820401973e-03,1.933328434824943629e-03,3.512815589442837449e+00,6.735690174891885817e+00,5.258105468749988631e+00,3.330068624140397615e-05,9.970588412350385454e-05,6.666649132967003913e-05
1.067562346031097462e+02,2.038563340073673658e+02,1.605811584472656364e+02,9.995008689895187523e-04,2.995508912943905828e-03,1.999994926154613668e-03,3.508088128700563857e+00,6.728176321352009381e+00,5.248205566406227263e+00,3.329948430637373960e-05,9.969594385104973977e-05,6.666649132966960545e-05
1.102643227318103101e+02,2.105845103287193751e+02,1.658293640136718636e+02,1.032800353295892492e-03,3.095204856794955568e-03,2.066661417484283274e-03,3.500806191071973217e+00,6.718529040141049791e+00,5.234350585937534106e+00,3.329837548786342312e-05,9.968619123126333526e-05,6.666649132967003913e-05
1.137651289228822833e+02,2.173030393688604249e+02,1.710637145996093977e+02,1.066098728783755915e-03,3.194891048026218903e-03,2.133327908813953313e-03,3.494623344019984756e+00,6.707959804393198056e+00,5.222113037109352263e+00,3.329726674275077479e-05,9.967588358123337725e-05,6.666667759418513570e-05
1.172597522669022680e+02,2.240109991732536230e+02,1.762858276367187500e+02,1.099395995526506690e-03,3.294566931607452280e-03,2.199994586408138449e-03,3.485910136859118325e+00,6.694227050870978246e+00,5.206396484375005684e+00,3.329615807191573310e-05,9.966632055647848751e-05,6.666649132966960545e-05
1.207456624037613864e+02,2.307052262241246012e+02,1.814922241210937557e+02,1.132692153598422423e-03,3.394233252163930768e-03,2.266661077737808054e-03,3.477684887055133345e+00,6.683062072857467228e+00,5.192254638671869316e+00,3.329504947468522533e-05,9.965601694112693684e-05,6.666649132967003913e-05
1.242233472908165197e+02,2.373882882969820685e+02,1.866844787597656250e+02,1.165987203073107648e-03,3.493889269105057704e-03,2.333327569067478093e-03,3.467332220257574704e+00,6.666944048144387125e+00,5.173339843750000000e+00,3.329394095105209575e-05,9.964608660902344803e-05,6.666649132967003913e-05
1.276906795110740944e+02,2.440552323451264556e+02,1.918578186035156250e+02,1.199281144024159744e-03,3.593535355714081152e-03,2.399994060397148132e-03,3.456110728182707703e+00,6.645576961217386724e+00,5.152087402343738631e+00,3.329283250167445508e-05,9.963652941138122221e-05,6.666649132967003913e-05
1.311467902392568021e+02,2.507008093063438423e+02,1.970099060058593636e+02,1.232573976525834199e-03,3.693171885125462375e-03,2.466660551726818171e-03,3.441013574388932739e+00,6.619767171122362015e+00,5.125567626953142053e+00,3.329181714022957581e-05,9.962623184377097235e-05,6.666649132967003913e-05
1.345878038136457349e+02,2.573205764774662043e+02,2.021354736328125057e+02,1.265865793666063775e-03,3.792798116969233347e-03,2.533327043056488211e-03,3.418556679074100657e+00,6.580910526108368686e+00,5.088122558593767053e+00,3.329061582056321890e-05,9.961667852832105721e-05,6.666649132966960545e-05
1.380063604927198355e+02,2.639014870035745730e+02,2.072235961914062727e+02,1.299156409486626994e-03,3.892414795497554404e-03,2.599993534386157816e-03,3.390450362360240888e+00,6.531477132499446725e+00,5.041027832031204525e+00,3.328950759257640925e-05,9.960638498917890465e-05,6.666649132967003913e-05
1.413968108550800764e+02,2.704329641360740197e+02,2.122646240234374773e+02,1.332445917079203403e-03,3.992021180486733309e-03,2.666660025715827855e-03,3.369455417721098911e+00,6.489848793108308200e+00,5.002954101562522737e+00,3.328839943815054860e-05,9.959683555314444159e-05,6.666649132967003913e-05
1.447662662728011753e+02,2.769228129291823279e+02,2.172675781250000000e+02,1.365734316517353952e-03,4.091618016039877750e-03,2.733326517045497894e-03,3.350548678649488465e+00,6.448918407378073425e+00,4.965197753906238631e+00,3.328729135727804753e-05,9.958654604051968978e-05,6.666649132967003913e-05
1.481168149514506638e+02,2.833717313365604014e+02,2.222327758789062386e+02,1.399021607874631999e-03,4.191204562080397440e-03,2.799993008375167933e-03,3.332177908409335032e+00,6.408465998055874024e+00,4.927368164062500000e+00,3.328618335061593256e-05,9.957700048201113124e-05,6.666649132967003913e-05
1.514489928598599988e+02,2.897801973346162754e+02,2.271601440429687386e+02,1.432307791225247932e-03,4.290781562562408571e-03,2.866659499704837973e-03,3.312876186426649383e+00,6.362189318510274916e+00,4.884338378906250000e+00,3.328507541727125478e-05,9.956671499307227780e-05,6.666649132966960545e-05
1.547618690462866482e+02,2.961423866531265503e+02,2.320444824218749886e+02,1.465592866642519186e-03,4.390348277555480849e-03,2.933325991034507578e-03,3.293010149257725061e+00,6.311042917315603518e+00,4.834851074218761369e+00,3.328396755812221795e-05,9.955717330953697819e-05,6.666649132967003913e-05
1.580548791955443733e+02,3.024534295704421538e+02,2.368793334960937500e+02,1.498876834200641404e-03,4.489905450865017827e-03,2.999992482364177617e-03,3.268924238170882290e+00,6.245385559258352259e+00,4.771276855468727263e+00,3.328295276208204957e-05,9.954689184211475139e-05,6.666649132967003913e-05
1.613238034337152556e+02,3.086988151297005061e+02,2.416506103515624773e+02,1.532159786962723454e-03,4.589452342707132579e-03,3.066658973693847656e-03,3.247880183370767782e+00,6.183853699256246728e+00,4.714575195312534106e+00,3.328175205751546066e-05,9.953698324480144549e-05,6.666667759418470202e-05
1.645716836170860233e+02,3.148826688289567528e+02,2.463651855468750114e+02,1.565441539020238915e-03,4.688989325951934024e-03,3.133325651288032358e-03,3.229316012655061741e+00,6.126277278122813641e+00,4.663732910156227263e+00,3.328064441913795857e-05,9.952744736913595597e-05,6.666630506515537624e-05
1.678009996297410851e+02,3.210089461070795664e+02,2.510289184570312386e+02,1.598722183439376873e-03,4.788516773321069980e-03,3.199991956353187735e-03,3.213598850811905550e+00,6.074006876111468500e+00,4.617395019531272737e+00,3.327953685492704081e-05,9.951717192973382614e-05,6.666667759418470202e-05
1.710145984805529906e+02,3.270829529831910349e+02,2.556463134765625114e+02,1.632001720294303914e-03,4.888033945250803806e-03,3.266658633947372437e-03,3.181507641510108897e+00,6.014261763182901177e+00,4.547900390624988631e+00,3.327842936398889111e-05,9.950763992344451025e-05,6.666630506515494256e-05
1.741961061220630995e+02,3.330972147463739361e+02,2.601942138671875000e+02,1.665280149658292805e-03,4.987541585174248317e-03,3.333324939012527379e-03,3.114307241504690182e+00,5.936585053000328571e+00,4.419079589843761369e+00,3.327732194720258059e-05,9.949736849937558525e-05,6.666667759418513570e-05
1.773104133635677897e+02,3.390337997993742647e+02,2.646132934570312614e+02,1.698557471605495386e-03,5.087038953673623902e-03,3.399991616606712515e-03,3.092075395002837013e+00,5.891794553847034877e+00,4.361901855468715894e+00,3.327621460389568707e-05,9.948784035969555906e-05,6.666630506515494256e-05
1.804024887585706267e+02,3.449255943532212996e+02,2.689751953124999773e+02,1.731833686209391073e-03,5.186526794033319461e-03,3.466657921671867457e-03,3.076995037764362451e+00,5.835528288516286466e+00,4.314770507812511369e+00,3.327510733406148849e-05,9.947757294902128539e-05,6.666667759418470202e-05
1.834794837963349892e+02,3.507611226417375860e+02,2.732899658203124886e+02,1.765108793543452561e-03,5.286004366982340746e-03,3.533324599266052159e-03,3.064236665391035785e+00,5.786510728248629221e+00,4.273010253906250000e+00,3.327400013835701137e-05,9.946804867407097600e-05,6.666630506515494256e-05
1.865437204617260250e+02,3.565476333699862153e+02,2.775629760742187386e+02,1.798382793681809573e-03,5.385472415656411722e-03,3.599990904331207102e-03,3.043466734986481015e+00,5.724172734998944634e+00,4.213122558593738631e+00,3.327289301588843944e-05,9.945778527396722385e-05,6.666667759418513570e-05
1.895871871967125060e+02,3.622718061049851599e+02,2.817760986328124773e+02,1.831655686697698012e-03,5.484930200930378946e-03,3.666657581925392238e-03,3.037297113432060769e+00,5.689411145764040612e+00,4.191235351562568212e+00,3.327178596753484381e-05,9.944826486120526138e-05,6.666630506515494256e-05
1.926244843101445667e+02,3.679612172507492005e+02,2.859673339843750455e+02,1.864927472665232856e-03,5.584378465791584208e-03,3.733323886990547180e-03,3.026063542898583592e+00,5.656381856803307073e+00,4.164172363281181788e+00,3.327067899262445283e-05,9.943800546951576946e-05,6.666667759418470202e-05
1.956505478530431503e+02,3.736175991075525076e+02,2.901315063476562273e+02,1.898198151657857309e-03,5.683816471261099977e-03,3.799990564584731882e-03,3.005056556422033509e+00,5.632452665455787155e+00,4.128393554687534106e+00,3.326957209114967708e-05,9.942811853571372621e-05,6.666630506515537624e-05
1.986556044094651838e+02,3.792500517730082947e+02,2.942598999023437614e+02,1.931467723749006986e-03,5.783244589796813703e-03,3.866656869649887258e-03,2.995104349466373606e+00,5.615662554639641257e+00,4.103955078125011369e+00,3.326865116272522890e-05,9.941860391166155303e-05,6.666667759418470202e-05
2.016507087589315574e+02,3.848657143276479360e+02,2.983638549804687727e+02,1.964736374911732215e-03,5.882663193708475256e-03,3.933323547244071960e-03,2.982215508029071316e+00,5.599505395689504894e+00,4.069738769531227263e+00,3.326735850340059586e-05,9.940835052835682306e-05,6.666630506515537624e-05
2.046329242669606288e+02,3.904652197233374409e+02,3.024335937500000000e+02,1.998003733415132811e-03,5.982071544236832079e-03,3.999989852309227337e-03,2.959172960022272036e+00,5.576711368097903687e+00,4.015917968749988631e+00,3.326625182329670180e-05,9.939883976092106499e-05,6.666667759418470202e-05
2.075920972269829008e+02,3.960419310914353446e+02,3.064495117187499886e+02,2.031269985238429512e-03,6.081470383997753144e-03,4.066656529903412039e-03,2.919308736378212643e+00,5.553074698200759940e+00,3.934973144531284106e+00,3.326514521637688807e-05,9.938859037987232692e-05,6.666630506515450888e-05
2.105114059633611134e+02,4.015950057896361045e+02,3.103844848632812727e+02,2.064535130454806400e-03,6.180858974377625471e-03,4.133322834968566548e-03,2.887893287156970246e+00,5.530831316788464846e+00,3.874633789062500000e+00,3.326403868352152682e-05,9.937908346629650835e-05,6.666667759418556938e-05
2.133992992505180837e+02,4.071258371064245694e+02,3.142591186523437727e+02,2.097799169138327927e-03,6.280238057843921980e-03,4.199989512562752117e-03,2.844486272166733443e+00,5.502241690084986203e+00,3.793811035156238631e+00,3.326293222405711167e-05,9.936920824566916610e-05,6.666630506515450888e-05
2.162437855226848171e+02,4.126280787965095556e+02,3.180529296875000114e+02,2.131062101362385039e-03,6.379607266089591146e-03,4.266655817627906626e-03,2.817614571321598760e+00,5.481555332964660465e+00,3.747717285156227263e+00,3.326182583797670372e-05,9.935859474057701091e-05,6.666667759418470202e-05
2.190614000940064159e+02,4.181096341294742160e+02,3.218006469726562386e+02,2.164323927200361743e-03,6.478965860830168157e-03,4.333322495222091328e-03,2.803169799200759371e+00,5.465532388680003351e+00,3.721044921875034106e+00,3.326071952593819686e-05,9.934946376409861668e-05,6.666667759418556938e-05
2.218645698932071753e+02,4.235751665181542194e+02,3.255216918945312727e+02,2.197584646726299940e-03,6.578315324594266773e-03,4.399989172816276897e-03,2.796113080473134005e+00,5.452256736564720541e+00,3.701550292968704525e+00,3.325961328704777481e-05,9.933959442865424039e-05,6.666630506515450888e-05
2.246606829736803093e+02,4.290274232547189399e+02,3.292232421874999773e+02,2.230844260013347714e-03,6.677654919022921014e-03,4.466655477881431406e-03,2.786902331795204191e+00,5.443253740692227893e+00,3.681237792968772737e+00,3.325850712218364133e-05,9.932972705362433374e-05,6.666667759418470202e-05
2.274475853054755135e+02,4.344706769954111678e+02,3.329044799804687500e+02,2.264102767135531356e-03,6.776984646076545347e-03,4.533322155475616108e-03,2.774142464460766178e+00,5.437246483757803617e+00,3.655407714843761369e+00,3.325740103067402476e-05,9.931912168674623953e-05,6.666630506515537624e-05
2.302217277699362796e+02,4.399079234791689714e+02,3.365598876953125114e+02,2.297360168166205380e-03,6.876303767763291587e-03,4.599988460540771484e-03,2.760647174761942324e+00,5.430942744948367817e+00,3.627038574218715894e+00,3.325629501251285355e-05,9.930999825706263162e-05,6.666667759418470202e-05
2.329823749446982220e+02,4.453388662241173392e+02,3.401869262695312273e+02,2.330616463178718234e-03,6.975613766020354219e-03,4.666655138134956186e-03,2.752044888812037016e+00,5.430684988327413976e+00,3.610449218750034106e+00,3.325518906835585320e-05,9.930013676086660301e-05,6.666630506515537624e-05
2.357344198335102590e+02,4.507695512124447532e+02,3.437973754882812614e+02,2.363871652247074087e-03,7.074913902781220822e-03,4.733321443200111563e-03,2.723300730280385551e+00,5.413459506549713751e+00,3.569104003906261369e+00,3.325408319731007478e-05,9.928953749058569422e-05,6.666667759418470202e-05
2.384577205637906445e+02,4.561830107189944670e+02,3.473664794921875227e+02,2.397125735444384162e-03,7.174203440271806516e-03,4.799988120794296265e-03,2.716286127437257392e+00,5.413050369535881146e+00,3.566381835937477263e+00,3.325297740025458942e-05,9.928041971579183722e-05,6.666630506515537624e-05
2.411740066912279019e+02,4.615960610885303481e+02,3.509328613281250000e+02,2.430378712844638751e-03,7.273483859987598353e-03,4.866654425859451641e-03,2.693778585123055791e+00,5.400343096303686252e+00,3.538842773437522737e+00,3.325187167651719178e-05,9.927056409229483708e-05,6.666667759418470202e-05
2.438677852763509577e+02,4.669964041848340344e+02,3.544717041015625227e+02,2.463630584521155943e-03,7.372754424079893190e-03,4.933321103453636343e-03,2.663608119855155110e+00,5.388861579899696608e+00,3.505224609374977263e+00,3.325095182614944134e-05,9.926071042579056453e-05,6.666630506515450888e-05
2.465313933962061128e+02,4.723852657647337310e+02,3.579769287109375000e+02,2.496881536347305384e-03,7.472015134505683755e-03,4.999987408518790852e-03,2.646186486006712357e+00,5.373882830330046545e+00,3.474462890624977263e+00,3.324966044345378444e-05,9.925011927653173971e-05,6.666667759418556938e-05
2.491775798822128252e+02,4.777591485950637775e+02,3.614513916015624773e+02,2.530131196790759169e-03,7.571265253782215494e-03,5.066654086112976421e-03,2.618776638179184602e+00,5.329967996262325869e+00,3.396191406250011369e+00,3.324855494007050369e-05,9.924100903304765992e-05,6.666630506515450888e-05
2.517963565203920098e+02,4.830891165913261034e+02,3.648475830078124886e+02,2.563379751730829673e-03,7.670506262815263154e-03,5.133320391178130930e-03,2.599392671709864544e+00,5.296865400725323525e+00,3.340673828125034106e+00,3.324744951064021944e-05,9.923116123247179010e-05,6.666667759418470202e-05
2.543957491921018743e+02,4.883859819920514269e+02,3.681882568359375227e+02,2.596627201241469892e-03,7.769737424047734944e-03,5.199987068772315632e-03,2.582283241376018168e+00,5.261538015127769086e+00,3.282495117187465894e+00,3.324634415426998280e-05,9.922131538589971933e-05,6.666630506515537624e-05
2.569780324334778925e+02,4.936475200071791960e+02,3.714707519531249886e+02,2.629873545395739875e-03,7.868958739433634664e-03,5.266653373837471008e-03,2.578635629094208070e+00,5.264294748066504326e+00,3.284350585937488631e+00,3.324523887183843118e-05,9.921073234855047607e-05,6.666667759418470202e-05
2.595566680625721006e+02,4.989118147552457003e+02,3.747551025390624773e+02,2.663118784267578306e-03,7.968169471782185140e-03,5.333320051431655710e-03,2.561695006540162467e+00,5.254549924646710224e+00,3.263549804687500000e+00,3.324413366267335926e-05,9.920162962685774577e-05,6.666630506515537624e-05
2.621183630691122630e+02,5.041663646798924105e+02,3.780186523437499773e+02,2.696362917930251665e-03,8.067371101409042886e-03,5.399986356496811087e-03,6.353828641858854098e-01,1.311694283226302105e+00,8.112182617187500000e-01,8.310814294928449419e-06,2.479850030591250476e-05,1.666694879531860352e-05
2.627537459332981484e+02,5.054780589631187127e+02,3.788298706054687273e+02,2.704673732225180115e-03,8.092169601714955390e-03,5.416653305292129690e-03,2.540315519369698904e+00,5.248338808052608329e+00,2.613769531250000000e+00,3.739808824589421765e-05,1.115871197474790910e-04,7.499977946281381064e-05
2.652940614526678473e+02,5.107263977711713210e+02,3.814436401367187273e+02,2.742071820471074332e-03,8.203756721462434481e-03,5.491653084754943501e-03,5.861489956835157500e-01,1.391547256074147754e+00,-1.021362304687500000e+00,2.181476629238262091e-05,6.508716776348899558e-05,4.374980926513671875e-05
2.658802104483513631e+02,5.121179450272454687e+02,3.804222778320312273e+02,2.763886586763456953e-03,8.268843889225923477e-03,5.535402894020080219e-03,-8.332365433771346375e+01,-1.437270590915046000e+02,-1.688137207031249716e+02,3.393769608453977779e-05,1.012501894428960436e-04,6.806403398513811293e-05
1.825565561106378993e+02,3.683908859357408687e+02,2.116085571289062557e+02,2.797824282847996731e-03,8.370094078668819521e-03,5.603466928005218332e-03,-4.342964612559171655e+00,-7.800698600838302355e+00,-7.977288818359369316e+00,3.244525441211407527e-05,9.679177625616930403e-05,6.507299840450338907e-05
1.782135914980787277e+02,3.605901873349025664e+02,2.036312683105468864e+02,2.830269537260110806e-03,8.466885854924988825e-03,5.668539926409721721e-03,-1.865960981979242206e+00,-1.927671153218625477e+00,-3.603558349609386369e+00,3.307791932396489040e-05,9.867275249509852020e-05,6.634443998336774645e-05
1.763476305160994855e+02,3.586625161816839409e+02,2.000277099609375000e+02,2.863347456584075697e-03,8.565558607420087345e-03,5.734884366393089468e-03,-3.269987466789785913e+00,-5.312461008437367127e+00,-6.642236328124994316e+00,3.307143916362166938e-05,9.864676727045808280e-05,6.633326411247236071e-05
1.730776430493096996e+02,3.533500551732465738e+02,1.933854736328125057e+02,2.896418895747697366e-03,8.664205374690545428e-03,5.801217630505561829e-03,-1.613809296810558180e+00,-2.068866439772079957e+00,-3.553717041015630684e+00,3.406561660727804725e-05,1.016060348149969844e-04,6.833001971244794664e-05
1.714638337524991414e+02,3.512811887334744938e+02,1.898317565917968750e+02,2.930484512354975413e-03,8.765811409505542412e-03,5.869547650218009775e-03,-1.663230513871042149e+00,-1.403384591046688001e+00,-3.057495117187500000e+00,3.358940184972633927e-05,1.001778284500237648e-04,6.737671792507188978e-05
1.698006032386280992e+02,3.498778041424278058e+02,1.867742614746093750e+02,2.964073914204701753e-03,8.865989237955566177e-03,5.936924368143081665e-03,-3.078258332284860899e+00,-3.998513014583465974e+00,-5.030682373046886369e+00,3.153528072626478676e-05,9.404637602574567046e-05,6.325840950012224378e-05
1.667223449063432383e+02,3.458792911278443398e+02,1.817435791015624886e+02,2.995609194930966539e-03,8.960035613981311847e-03,6.000182777643203909e-03,-2.353186290757633969e+00,-4.050826788993106220e+00,-4.243542480468761369e+00,3.386223780444969772e-05,1.009794060703502611e-04,6.792880594730377197e-05
1.643691586155856044e+02,3.418284643388512336e+02,1.775000366210937273e+02,3.029471432735416237e-03,9.061015020051662108e-03,6.068111583590507681e-03,-1.992548734987110493e+00,-3.650661387919171830e+00,-3.850531005859352263e+00,3.424659351795649939e-05,1.021186851286968317e-04,6.870217621326394491e-05
1.623766098805984939e+02,3.381778029509320618e+02,1.736495056152343750e+02,3.063718026253372737e-03,9.163133705180358940e-03,6.136813759803771626e-03,-4.046128124260320646e+00,-7.693150109195983077e+00,-6.598913574218755684e+00,3.535249416150966842e-05,1.054086856932551913e-04,7.092282176017830619e-05
1.583304817563381732e+02,3.304846528417360787e+02,1.670505920410156193e+02,3.099070520414882405e-03,9.268542390873614131e-03,6.207736581563949932e-03,-1.889487076744501337e+00,-2.340187801121885514e+00,-2.844842529296869316e+00,3.108780016009048477e-05,9.268656197541046138e-05,6.236881017684936523e-05
1.564409946795936719e+02,3.281444650406141932e+02,1.642057495117187500e+02,3.130158320574972890e-03,9.361228952849024593e-03,6.270105391740799297e-03,-1.587327497421114231e+00,-1.443904774971429106e+00,-2.373010253906272737e+00,3.293765654305974566e-05,9.819633820894874132e-05,6.608366966247541247e-05
1.548536671821725577e+02,3.267005602656427641e+02,1.618327392578124773e+02,3.163095977118032635e-03,9.459425291057973334e-03,6.336189061403274710e-03,-1.419486809325917420e+00,-8.739258152828597304e-01,-2.175622558593715894e+00,3.702316351194244459e-05,1.103683098256889872e-04,7.428154349327104750e-05
1.534341803728466402e+02,3.258266344503599043e+02,1.596571166992187614e+02,3.200119140629975080e-03,9.569793600883662321e-03,6.410470604896545757e-03,-1.956989756565349126e+00,-3.972158856349324196e+00,-4.094628906250022737e+00,2.818384626309799329e-05,8.401197047423758502e-05,5.654916167259146920e-05
1.514771906162812911e+02,3.218544755940105802e+02,1.555624877929687386e+02,3.228302986893073073e-03,9.653805571357899906e-03,6.467019766569137226e-03,-1.511027883995495813e+00,-3.303214281703219513e+00,-3.662615966796863631e+00,3.344609755886454247e-05,9.969270232692249711e-05,6.710961461067234402e-05
1.499661627322857953e+02,3.185512613123073606e+02,1.518998718261718750e+02,3.261749084451937616e-03,9.753498273684822403e-03,6.534129381179809570e-03,-1.715326369572181875e+00,-3.847002611816208173e+00,-3.951275634765636369e+00,3.296636863550595972e-05,9.825594952466397414e-05,6.614923477172868910e-05
1.482508363627136134e+02,3.147042587004911525e+02,1.479485961914062386e+02,3.294715453087443575e-03,9.851754223209486377e-03,6.600278615951538259e-03,-5.970824462639825470e-01,-1.456895632425982967e+00,-2.017547607421875000e+00,3.474636530550979582e-05,1.035539004832081167e-04,6.972327828407270250e-05
1.476537539164496309e+02,3.132473630680651695e+02,1.459310485839843636e+02,3.329461818392953371e-03,9.955308123692694494e-03,6.670001894235610962e-03,-4.067105439205533912e-01,-9.353598510795677612e-01,-1.511718750000000000e+00,3.169287800305637531e-05,9.444777644690947882e-05,6.359741091728227796e-05
1.472470433725290775e+02,3.123120032169856017e+02,1.444193298339843636e+02,3.361154696396009747e-03,1.004975590013960397e-02,6.733599305152893240e-03,-3.767796507948446560e-01,-6.471141419777950432e-01,-1.369244384765636369e+00,3.317322877778366638e-05,9.885227606362158304e-05,6.657019257545488539e-05
1.468702637217342328e+02,3.116648890750078067e+02,1.430500854492187273e+02,3.394327925173793413e-03,1.014860817620322556e-02,6.800169497728348125e-03,-2.476283352127666149e-01,2.388024742110701482e-01,-9.218566894531079470e-01,3.701014868630943949e-05,1.102797395611254672e-04,7.427409291267325631e-05
1.466226353865214662e+02,3.119036915492188768e+02,1.421282287597656193e+02,3.431338073860102852e-03,1.025888791576435102e-02,6.874443590641021382e-03,-1.229433558036191698e+00,-2.406810477355975308e+00,-2.582904052734363631e+00,4.952168944512757784e-05,1.475469558111213580e-04,9.938552975654636745e-05
1.453932018284852745e+02,3.094968810718629015e+02,1.395453247070312557e+02,3.480859763305230430e-03,1.040643487157547238e-02,6.973829120397567749e-03,-2.735493909849253669e+00,-8.082737219740920409e+00,-4.849096679687505684e+00,2.971168806929032000e-05,8.851728259916605279e-05,5.963146686553937731e-05
1.426577079186360208e+02,3.014141438521219811e+02,1.346962280273437500e+02,3.510571451374520750e-03,1.049495215417463843e-02,7.033460587263107126e-03,-4.415629559275942029e-01,-2.082167535861174201e+00,-1.384582519531250000e+00,2.971117652392392394e-05,8.850944798356220888e-05,5.963146686553937731e-05
1.422161449627084266e+02,2.993319763162608069e+02,1.333116455078125000e+02,3.540282627898444674e-03,1.058346160215820064e-02,7.093092054128646504e-03,-5.544673392751064966e-01,-2.385808691691579497e+00,-1.557055664062488631e+00,2.970992259435567204e-05,8.850235190354868720e-05,5.963146686554024467e-05
1.416616776234333202e+02,2.969461676245692274e+02,1.317545898437500114e+02,3.569992550492800346e-03,1.067196395406174933e-02,7.152723520994186748e-03,-1.560838709127949642e+00,-4.193888434224902539e+00,-2.698114013671897737e+00,2.970903994129955872e-05,8.849378284656907179e-05,5.963146686553937731e-05
1.401008389143053705e+02,2.927522791903443249e+02,1.290564758300781136e+02,3.599701590434099905e-03,1.076045773690831840e-02,7.212354987859726126e-03,-1.052804218569605155e+00,-3.094828614186269533e+00,-2.063714599609369316e+00,2.970815734024568472e-05,8.848595238990925038e-05,5.963146686553937731e-05
1.390480346957357654e+02,2.896574505761580554e+02,1.269927612304687443e+02,3.629409747774345590e-03,1.084894368929822765e-02,7.271986454725265503e-03,-5.496640168269095739e-01,-4.079314186639805939e+00,-2.417498779296863631e+00,3.154975299952652093e-05,9.396546363711448524e-05,6.332919001579302015e-05
1.384983706789088558e+02,2.855781363895182494e+02,1.245752624511718807e+02,3.660959500773872111e-03,1.094290915293534214e-02,7.335315644741058523e-03,-2.260115757545122506e-01,-5.913669123698070962e+00,-3.189093017578130684e+00,3.524732034282255025e-05,1.049707221449907441e-04,7.075443863868713379e-05
1.382723591031543435e+02,2.796644672658201785e+02,1.213861694335937500e+02,3.696206821116694661e-03,1.104787987508033288e-02,7.406070083379745657e-03,-2.354579405463255171e-01,-2.071447571289354528e+00,-1.452117919921875000e+00,3.084024701975043511e-05,9.184025174356798271e-05,6.190985441207903089e-05
1.380369011626080180e+02,2.775930196945308239e+02,1.199340515136718750e+02,3.727047068136445096e-03,1.113972012682390086e-02,7.467979937791824688e-03,-9.692422234541595571e-01,-4.192463200184533889e+00,-3.318298339843750000e+00,5.650161273946076659e-05,1.682432310223160726e-04,1.134276390075683594e-04
1.370676589391538585e+02,2.734005564943462900e+02,1.166157531738281250e+02,3.783548680875905863e-03,1.130796335784621694e-02,7.581407576799393047e-03,-9.048649766123162408e-01,-3.132014888726473600e+00,-2.350201416015636369e+00,2.676274901221211561e-05,7.968428356051535100e-05,5.372911691665580025e-05
1.361627939625415422e+02,2.702685416056198164e+02,1.142655517578124886e+02,3.810311429888117978e-03,1.138764764140673229e-02,7.635136693716048847e-03,-4.433021345445808947e-02,-1.903292110247662094e+00,-1.165643310546869316e+00,2.676203278642380265e-05,7.967793448138658918e-05,5.372911691665666761e-05
1.361184637490870841e+02,2.683652494953721543e+02,1.130999084472656193e+02,3.837073462674541781e-03,1.146732557588811888e-02,7.688865810632705515e-03,1.307932549000838662e-01,-1.245580527368304047e+00,-7.727600097656193157e-01,2.676131659941306459e-05,7.967158641394161966e-05,5.372911691665666761e-05
1.362492570039871680e+02,2.671196689680038503e+02,1.123271484375000000e+02,3.863834779273954845e-03,1.154699716230206050e-02,7.742594927549362183e-03,1.317400953785465845e-01,-1.350844564080375676e+00,-8.738769531250056843e-01,3.320405597638867445e-05,9.884725613316588944e-05,6.666630506515537624e-05
1.363809970993657146e+02,2.657688244039234746e+02,1.114532714843749943e+02,3.897038835250343520e-03,1.164584441843522639e-02,7.809261232614517559e-03,5.452919483889218100e-02,-1.684131264842562814e+00,-9.971252441406193157e-01,3.320332457174566057e-05,9.883674995988210588e-05,6.666630506515537624e-05
1.364355262942046068e+02,2.640846931390809118e+02,1.104561462402343750e+02,3.930242159822089180e-03,1.174468116839510849e-02,7.875927537679672935e-03,-1.366944384534463097e-02,-1.653933862622523066e+00,-9.742492675781306843e-01,3.320185109204499413e-05,9.882771850832500204e-05,6.666630506515364152e-05
1.364218568503592621e+02,2.624307592764583887e+02,1.094818969726562443e+02,3.963444010914134175e-03,1.184350888690343349e-02,7.942593842744826577e-03,-2.568769997091067125e-01,-1.393652563485886731e+00,-9.892211914062443157e-01,3.320111980873070856e-05,9.881795255529783606e-05,6.666705012321576251e-05
1.361649798506501554e+02,2.610371067129725020e+02,1.084926757812500000e+02,3.996645130722864883e-03,1.194232683945873133e-02,8.009260892868042339e-03,-1.072471625149432839e+00,-7.589943162088104600e+00,-3.683709716796869316e+00,3.942478216323753309e-05,1.173329929177249764e-04,7.916614413261413574e-05
1.350925082255007226e+02,2.534471635508843974e+02,1.048089660644531307e+02,4.036069912886102416e-03,1.205965983237645631e-02,8.088427037000656475e-03,-2.510859919725589862e-01,-5.493977304717901688e+00,-2.430294799804698869e+00,3.734814512737320846e-05,1.111453005784423381e-04,7.499977946281467800e-05
1.348414222335281636e+02,2.479531862461664957e+02,1.023786712646484318e+02,4.073418058013475625e-03,1.217080513295489864e-02,8.163426816463471153e-03,3.550183461697997700e-02,-2.159036298922046626e+00,-9.010925292968750000e-01,1.867373499935768427e-05,5.556838615542597504e-05,3.750026226043666477e-05
1.348769240681451436e+02,2.457941499472444491e+02,1.014775787353515568e+02,4.092091793012833309e-03,1.222637351911032462e-02,8.200927078723907818e-03,-1.015972301277088263e-01,-4.796593687442282317e+00,-1.971817016601562500e+00,3.384497766737229463e-05,1.007090022716958938e-04,6.796866655349627362e-05
1.347753268380174347e+02,2.409975562598021668e+02,9.950576171874999432e+01,4.125936770680205604e-03,1.232708252138202051e-02,8.268895745277404091e-03,2.918542496892087001e-01,-9.120554645459009180e+00,-2.400717163085943184e+00,3.650599988540195046e-05,1.086195829637127963e-04,7.331520318985124129e-05
1.350671810877066434e+02,2.318770016143431576e+02,9.710504455566405113e+01,4.162442770565607554e-03,1.243570210434573331e-02,8.342210948467255333e-03,2.829249132347229079e-01,-8.603521024006681728e+00,-2.478955078124982947e+00,3.323198149350180958e-05,9.887129161197105720e-05,6.674155592918326607e-05
1.353501060009413663e+02,2.232734805903364759e+02,9.462608947753906818e+01,4.195674752059109364e-03,1.253457339595770437e-02,8.408952504396438599e-03,-1.728952303079438479e-01,-5.903392801574568693e+00,-2.059124755859386369e+00,3.987654913133881207e-05,1.186311762972139250e-04,8.009001612663269043e-05
1.351772107706334225e+02,2.173700877887619072e+02,9.256696472167968182e+01,4.235551301190448176e-03,1.265320457225491829e-02,8.489042520523071289e-03,-1.606649350042346214e-01,-6.319780773599092072e+00,-2.188220214843738631e+00,4.984391405500523259e-05,1.482702858249928396e-04,1.001127064228050922e-04
1.350165458356291879e+02,2.110503070151628151e+02,9.037874450683594318e+01,4.285395215245453408e-03,1.280147485807991113e-02,8.589155226945876381e-03,2.587630868704025033e-01,-4.216358727089698277e+00,-1.045306396484392053e+00,3.319006164251899621e-05,9.872333831810464755e-05,6.666630506515537624e-05
1.352753089224995904e+02,2.068339482880731168e+02,8.933343811035155113e+01,4.318585276887972405e-03,1.290019819639801578e-02,8.655821532011031758e-03,1.280008236663832122e-01,-1.530978851877165425e+00,-2.494201660156107891e-01,8.297528751881680376e-06,2.467894405060698515e-05,1.666694879531860352e-05
1.354033097461659736e+02,2.053029694361959514e+02,8.908401794433594034e+01,4.326882805639854085e-03,1.292487714044862276e-02,8.672488480806350361e-03,-4.956289472312676025e-01,-1.624661304535882778e+01,-4.420809936523440342e+00,3.111456328417847028e-05,9.254245477027106537e-05,6.249994039535591850e-05
1.349076807989347060e+02,1.890563563908371236e+02,8.466320800781250000e+01,4.357997368924032555e-03,1.301741959521889383e-02,8.734988421201706280e-03,3.523840458045697233e-01,-8.405717902997281499e+00,-2.135379028320315342e+00,5.055919334022961065e-05,1.503619389684081320e-04,1.015618443489067768e-04
1.352600648447392757e+02,1.806506384878398421e+02,8.252782897949218466e+01,4.408556562264262166e-03,1.316778153418730196e-02,8.836550265550613056e-03,-6.981306263413671331e-01,-1.133938528434134696e+01,-3.119781494140610789e+00,3.150107395955611261e-05,9.367578181147806493e-05,6.328150629997253418e-05
1.345619342183979086e+02,1.693112532034984952e+02,7.940804748535157387e+01,4.440057636223818278e-03,1.326145731599878003e-02,8.899831771850585591e-03,1.486965554133234946e-02,-3.670780535416724888e+00,-1.050579833984386369e+00,3.149971080610228236e-05,9.366700748153489187e-05,6.328076124191388263e-05
1.345768038739392409e+02,1.656404726680817703e+02,7.835746765136718750e+01,4.471557347029920561e-03,1.335512432348031492e-02,8.963112533092499473e-03,6.921610942325173710e-02,-2.743622130092262523e+00,-8.291961669921761313e-01,3.149908946094553269e-05,9.365823479472873414e-05,6.328150629997253418e-05
1.346460199833624927e+02,1.628968505379895078e+02,7.752827148437501137e+01,4.503056436490866093e-03,1.344878255827504365e-02,9.026394039392472007e-03,4.310724658435560741e-02,-2.771548221155086367e+00,-8.638488769531420530e-01,3.318283835916993607e-05,9.865945777071984113e-05,6.666630506515364152e-05
1.346891272299468483e+02,1.601253023168344214e+02,7.666442260742186932e+01,4.536239274850036030e-03,1.354744201604576349e-02,9.093060344457625649e-03,1.309370224429073915e-01,-1.971946826665600838e+00,-5.953887939453181843e-01,3.318210812548304939e-05,9.864972504211241833e-05,6.666630506515537624e-05
1.348200642523897557e+02,1.581533554901688206e+02,7.606903381347655113e+01,4.569421382975519079e-03,1.364609174108787591e-02,9.159726649522781025e-03,1.992645094268539196e-01,-1.893850573790615499e+00,-5.148101806640568157e-01,3.318100710993868857e-05,9.863999423401215161e-05,6.666630506515537624e-05
1.350193287618166096e+02,1.562595049163782051e+02,7.555422363281249432e+01,4.602602390085457768e-03,1.374473173532188806e-02,9.226392954587936401e-03,2.745522940670355183e-01,-2.281299198740953216e+00,-5.573974609374943157e-01,3.317953536108395746e-05,9.863026534520126509e-05,6.666705012321402779e-05
1.352938810558836451e+02,1.539782057176372518e+02,7.499682617187500000e+01,4.635781925446541725e-03,1.384336200066708933e-02,9.293060004711150429e-03,2.145004166775379417e-01,-1.637654088327309410e+00,-3.924163818359431843e-01,3.317880530967140529e-05,9.861906889009272592e-05,6.666630506515537624e-05
1.355083814725611830e+02,1.523405516293099424e+02,7.460440979003905682e+01,4.668960730756213130e-03,1.394198106955718205e-02,9.359726309776305805e-03,2.369339278199618093e-01,-1.277522048362783380e+00,-2.591857910156250000e-01,3.317733373174591716e-05,9.861081346849639995e-05,6.666630506515537624e-05
1.357453154003811449e+02,1.510630295809471590e+02,7.434522399902343182e+01,4.702138064487959047e-03,1.404059188302567845e-02,9.426392614841461182e-03,2.353058950216961875e-01,-9.940325236583191781e-01,-2.088195800781136313e-01,3.317660380181605001e-05,9.860109033498279385e-05,6.666630506515537624e-05
1.359806212954028410e+02,1.500689970572888399e+02,7.413640441894531818e+01,4.735314668289775097e-03,1.413919297336066125e-02,9.493058919906616558e-03,1.889089632375089423e-01,-8.118063584672938759e-01,-1.908203125000085265e-01,3.317513239456740259e-05,9.859136911848087603e-05,6.666705012321402779e-05
1.361695302586403500e+02,1.492571906988215460e+02,7.394558410644530966e+01,4.768489800684342500e-03,1.423778434247914212e-02,9.559725970029830586e-03,1.973355778022494178e-01,-8.162539626806051274e-01,-1.892517089843721578e-01,3.317440258609419962e-05,9.858164981842859609e-05,6.666630506515537624e-05
1.363668658364425994e+02,1.484409367361409409e+02,7.375633239746093750e+01,4.801664203270436700e-03,1.433636599229757072e-02,9.626392275094985962e-03,1.310250137897526201e-01,-7.979153228834547917e-01,-2.249694824218693157e-01,3.317293134948856581e-05,9.857193243491442491e-05,6.666630506515537624e-05
1.364978908502323520e+02,1.476430214132574861e+02,7.353136291503906818e+01,4.834837134619925265e-03,1.443493792473248515e-02,9.693058580160141338e-03,4.563338748204159856e-02,-8.968641470439138175e-01,-3.083770751953238687e-01,3.317220166266805076e-05,9.856221696649680730e-05,6.666630506515537624e-05
1.365435242377143936e+02,1.467461572662135723e+02,7.322298583984374432e+01,4.868009336282593316e-03,1.453350014169898195e-02,9.759724885225296714e-03,-2.426134176747041238e-02,-8.981957878515061111e-01,-3.543945312499943157e-01,3.317073059623185105e-05,9.855250341348452403e-05,6.666705012321402779e-05
1.365192628959469232e+02,1.458479614783620661e+02,7.286859130859375000e+01,4.901180066878825167e-03,1.463205264511246648e-02,9.826391935348510742e-03,-4.912924906176385775e-02,-9.366677427166507641e-01,-3.823760986328181843e-01,3.317000103103800307e-05,9.854132344781774133e-05,6.666630506515537624e-05
1.364701336468851594e+02,1.449112937356454154e+02,7.248621520996093182e+01,4.934350067909863170e-03,1.473059396856028422e-02,9.893058240413666118e-03,-6.180551807310052936e-02,-1.056933017649697604e+00,-4.223724365234318157e-01,3.316853013540180944e-05,9.853308219433080939e-05,6.666630506515537624e-05
1.364083281288120588e+02,1.438543607179957178e+02,7.206384277343750000e+01,4.967518598045264980e-03,1.482912705075461503e-02,9.959724545478821495e-03,-6.417763567770862210e-02,-1.202386959431663627e+00,-4.671203613281278422e-01,3.316780069114681068e-05,9.852337438235637956e-05,6.666705012321402779e-05
1.363441504931343502e+02,1.426519737585640542e+02,7.159672241210937216e+01,5.000686398736411790e-03,1.492765042513697141e-02,1.002639159560203552e-02,-1.313162118677269063e-01,-1.513215772757774857e+00,-5.945098876953096578e-01,3.316632996627679603e-05,9.851366848352520467e-05,6.666630506515537624e-05
1.362128342812666233e+02,1.411387579858062793e+02,7.100221252441406250e+01,5.033852728702688586e-03,1.502616409362049661e-02,1.009305790066719090e-02,-3.062694341450082902e-01,-1.682334959981034217e+00,-7.723388671875000000e-01,3.316560064337611274e-05,9.850396449661603937e-05,6.666630506515537624e-05
1.359065648471216150e+02,1.394564230258252451e+02,7.022987365722656250e+01,5.067018329346064699e-03,1.512466805811711265e-02,1.015972420573234627e-02,-2.964500013488589047e-01,-1.645027679887192562e+00,-7.563049316406136313e-01,3.316413008902160953e-05,9.849426242105989437e-05,6.666630506515364152e-05
1.356101148457727561e+02,1.378113953459380525e+02,6.947356872558594887e+01,5.100182459435086309e-03,1.522316232053817255e-02,1.022639051079749992e-02,-2.827031352242386220e-01,-1.610299938120874685e+00,-7.368255615234460265e-01,3.316340088744835352e-05,9.848456225695044475e-05,6.666705012321576251e-05
1.353274117105485175e+02,1.362010954078171778e+02,6.873674316406250284e+01,5.133345860322534662e-03,1.532164688279512299e-02,1.029305756092071568e-02,-3.235698867879364116e-01,-2.198968490081341542e+00,-9.122161865234375000e-01,3.316230111298241329e-05,9.847339668833665627e-05,6.666630506515537624e-05
1.350038418237605811e+02,1.340021269177358363e+02,6.782452697753906534e+01,5.166508161435517076e-03,1.542012027948345965e-02,1.035972386598587106e-02,-2.549495718247953846e-01,-1.738076477019745880e+00,-7.226623535156164735e-01,3.316083081411885097e-05,9.846516780353913034e-05,6.666630506515364152e-05
1.347488922519357857e+02,1.322640504407160904e+02,6.710186462402344887e+01,5.199668992249635927e-03,1.551858544728699878e-02,1.042639017105102470e-02,-2.045448760931662946e-01,-2.739914321791388829e+00,-7.829254150390738687e-01,3.316010179448946465e-05,9.845547336860549503e-05,6.666630506515537624e-05
1.345443473758426194e+02,1.295241361189247016e+02,6.631893920898437500e+01,5.232829094044125391e-03,1.561704092065560427e-02,1.049305647611618007e-02,-1.931708513351111378e-01,-1.707529022185809708e+00,-6.114501953125000000e-01,3.315863166628105901e-05,9.844578084286341457e-05,6.666705012321576251e-05
1.343511765245075082e+02,1.278166070967388919e+02,6.570748901367187500e+01,5.265987725710406450e-03,1.571548670149846769e-02,1.055972352623939584e-02,-2.436704623958121374e-01,-1.215635540934968617e+00,-6.306518554687556843e-01,3.315790276791491520e-05,9.843609022487306848e-05,6.666630506515364152e-05
1.341075060621116961e+02,1.266009715558039233e+02,6.507683715820311932e+01,5.299145628478321365e-03,1.581392279172334075e-02,1.062638983130454948e-02,-2.358449687786787763e-01,-1.213247931556040271e+00,-6.167999267578068157e-01,3.315643281010752924e-05,9.842640151494150280e-05,6.666630506515537624e-05
1.338716610933330173e+02,1.253877236242478830e+02,6.446003723144531250e+01,5.332302061288428895e-03,1.591234919323828226e-02,1.069305613636970485e-02,-2.184458870343632952e-01,-1.164381577364508757e+00,-6.010314941406278422e-01,3.315570403298120916e-05,9.841671471185614584e-05,6.666630506515537624e-05
1.336532152062986540e+02,1.242233420468833742e+02,6.385900573730468466e+01,5.365457765321410104e-03,1.601076590795013840e-02,1.075972244143486023e-02,-2.960145011615225030e-01,-1.407731823531349846e+00,-7.659759521484375000e-01,3.315423424554101578e-05,9.840556351124393752e-05,6.666705012321402779e-05
1.333572007051371315e+02,1.228156102233520244e+02,6.309302978515624716e+01,5.398611999566951120e-03,1.610917147146138234e-02,1.082638949155807426e-02,-2.764949339487827729e-01,-1.500278157838252469e+00,-7.022918701171789735e-01,3.315350558984794110e-05,9.839734696867261099e-05,6.666630506515537624e-05
1.330807057711883488e+02,1.213153320655137719e+02,6.239073791503906818e+01,5.431765505156799061e-03,1.620756881843005495e-02,1.089305579662322963e-02,-1.960089401753180027e-01,-9.106139610759953484e-01,-5.100158691406306843e-01,3.315203597230396287e-05,9.838766588358624499e-05,6.666630506515537624e-05
1.328846968310130308e+02,1.204047181044377766e+02,6.188072204589843750e+01,5.464917541129103024e-03,1.630595648431364120e-02,1.095972210168838501e-02,-1.989925676656980613e-01,-9.290862515594540127e-01,-5.290283203125056843e-01,3.315130743801811275e-05,9.837798670309441662e-05,6.666630506515537624e-05
1.326857042633473327e+02,1.194756318528783225e+02,6.135169372558593182e+01,5.498068848567121136e-03,1.640433447101673561e-02,1.102638840675354039e-02,-2.169026704718817200e-01,-9.853776721314915221e-01,-5.601684570312386313e-01,3.314983799099918693e-05,9.836830942662813659e-05,6.666705012321402779e-05
1.324688015928754510e+02,1.184902541807468310e+02,6.079152526855469318e+01,5.531218686558120323e-03,1.650270278044336375e-02,1.109305545687675441e-02,-1.844004343552683167e-01,-8.269068502309266933e-01,-5.266571044921946054e-01,3.314910957743274350e-05,9.835863405429148831e-05,6.666630506515537624e-05
1.322844011585201827e+02,1.176633473305159043e+02,6.026486816406249858e+01,5.564367796135553067e-03,1.660106141449765524e-02,1.115972176194190979e-02,-1.648089432719359593e-01,-6.915138727333953739e-01,-4.887329101562514211e-01,3.314764030090677771e-05,9.834896058464118185e-05,6.666630506515537624e-05
1.321195922152482467e+02,1.169718334577825090e+02,5.977613525390624716e+01,5.597515436436459844e-03,1.669941037508229642e-02,1.122638806700706517e-02,-1.548397564655488168e-01,-7.194466906490788460e-01,-4.662689208984289735e-01,3.314691200847607461e-05,9.833928901799293687e-05,6.666630506515537624e-05
1.319647524587826979e+02,1.162523867671334301e+02,5.930986633300781818e+01,5.630662348444935919e-03,1.679774966410028936e-02,1.129305437207222054e-02,-1.090717927001207954e-01,-6.673233199736614552e-01,-4.062164306640738687e-01,3.314544290218979922e-05,9.832815420249274574e-05,6.666705012321402779e-05
1.318556806660825771e+02,1.155850634471597687e+02,5.890364990234374432e+01,5.663807791347125718e-03,1.689607781830278210e-02,1.135972142219543457e-02,-1.223872856969876466e-01,-5.965970581703459175e-01,-3.934661865234261313e-01,3.314471473086881559e-05,9.831995173375032704e-05,6.666630506515537624e-05
1.317332933803855894e+02,1.149884663889894227e+02,5.851018371582031818e+01,5.696952506077994534e-03,1.699439777003653243e-02,1.142638772726058995e-02,-1.413762077566218522e-01,-7.841335653582461873e-01,-4.414123535156306843e-01,3.314361619538574999e-05,9.831028587096654614e-05,6.666630506515537624e-05
1.315919171726289676e+02,1.142043328236311766e+02,5.806877136230468750e+01,5.730096122273380284e-03,1.709270805590749898e-02,1.149305403232574532e-02,-1.656709830385807436e-01,-8.952137551980570151e-01,-4.705352783203125000e-01,3.314214734417755132e-05,9.830062190893315566e-05,6.666705012321402779e-05
1.314262461895903868e+02,1.133091190684331195e+02,5.759823608398437500e+01,5.763238269617557835e-03,1.719100867781643213e-02,1.155972108244895935e-02,-6.706536251462580367e-02,-6.127891557096205588e-01,-3.259033203124985789e-01,3.314141935447430937e-05,9.829095984644278805e-05,6.666630506515537624e-05
1.313591808270757610e+02,1.126963299127234990e+02,5.727233276367187642e+01,5.796379688972032145e-03,1.728929963766287492e-02,1.162638738751411473e-02,-4.634420551738571703e-02,-5.833743362811958377e-01,-2.972320556640610789e-01,3.313995067364631369e-05,9.828129968294033181e-05,6.666630506515537624e-05
1.313128366215583753e+02,1.121129555764423031e+02,5.697510070800781534e+01,5.829519639645678458e-03,1.738758093734581525e-02,1.169305369257927010e-02,-4.606510450986434080e-02,-5.954787534880949806e-01,-3.102020263671931843e-01,3.313922280498773909e-05,9.827164141850558421e-05,6.666630506515364152e-05
1.312667715170485110e+02,1.115174768229542082e+02,5.666489868164062216e+01,5.862658862450666197e-03,1.748585257876432084e-02,1.175971999764442374e-02,-3.949911510562742478e-02,-5.884048604445837327e-01,-3.048034667968693157e-01,3.313775429428841152e-05,9.826052090903397707e-05,6.666705012321576251e-05
1.312272724019428836e+02,1.109290719625096244e+02,5.636009521484375284e+01,5.895796616744954609e-03,1.758411309967335481e-02,1.182638704776763951e-02,-5.448311009911321889e-02,-5.870066549809394019e-01,-3.111541748046917633e-01,3.313702654664761604e-05,9.825233072674119383e-05,6.666630506515537624e-05
1.311727892918437703e+02,1.103420653075286850e+02,5.604894104003906108e+01,5.928933643291602225e-03,1.768236543040009601e-02,1.189305335283279488e-02,-2.177306353226526880e-02,-4.910834257834011396e-01,-2.643493652343735789e-01,3.313555820604399682e-05,9.824267815440948515e-05,6.666630506515364152e-05
1.311510162283115051e+02,1.098509818817452839e+02,5.578459167480468750e+01,5.962069201497646222e-03,1.778060810855450549e-02,1.195971965789794852e-02,1.168943865536675730e-02,-4.036942614846310562e-01,-2.136749267578110789e-01,3.313483057961873895e-05,9.823302747891810016e-05,6.666630506515537624e-05
1.311627056669668718e+02,1.094472876202606528e+02,5.557091674804687642e+01,5.995204032077264961e-03,1.787884113603342359e-02,1.202638596296310390e-02,1.526360164666584751e-02,-4.011284274206730061e-01,-2.094024658203110789e-01,3.313336240863551385e-05,9.822337869883415729e-05,6.666705012321576251e-05
1.311779692686135377e+02,1.090461591928399798e+02,5.536151428222656534e+01,6.028337394485900474e-03,1.797706451473225775e-02,1.209305301308631966e-02,6.495562254855258288e-03,-3.969210951803887610e-01,-2.138031005859417633e-01,3.313263490339890538e-05,9.821373181446990674e-05,6.666630506515364152e-05
1.311844648308683929e+02,1.086492380976595911e+02,5.514771118164062358e+01,6.061470029389299380e-03,1.807527824654672766e-02,1.215971931815147331e-02,1.619816386826755661e-02,-3.961682907176822255e-01,-2.055236816406207367e-01,3.313116690266751374e-05,9.820408682461451155e-05,6.666630506515537624e-05
1.312006629947366605e+02,1.082530698069419088e+02,5.494218750000000284e+01,6.094601196291966894e-03,1.817348233337134217e-02,1.222638562321662868e-02,1.837292279566327124e-02,-3.923446639983865225e-01,-2.029785156250056843e-01,3.313043951793260417e-05,9.819298059236813980e-05,6.666630506515537624e-05
1.312190359175323238e+02,1.078607251429435223e+02,5.473920898437499716e+01,6.127731635809899498e-03,1.827167531396371031e-02,1.229305192828178406e-02,2.089170976174159478e-02,-3.908570400240591880e-01,-2.021362304687528422e-01,3.312897168742008625e-05,9.818480267028903419e-05,6.666705012321402779e-05
1.312399276272940654e+02,1.074698681029194631e+02,5.453707275390624432e+01,6.160860607497319584e-03,1.836986011663399934e-02,1.235971897840499809e-02,2.316518662482280888e-02,-3.870935875000327542e-01,-1.985198974609332367e-01,3.312824442360234184e-05,9.817516336145526434e-05,6.666630506515537624e-05
1.312630928139188882e+02,1.070827745154194304e+02,5.433855285644531108e+01,6.193988851920921926e-03,1.846803527999545461e-02,1.242638528347015346e-02,-1.446959437919304037e-02,-3.898453554710954450e-01,-2.178039550781250000e-01,3.312677676305629537e-05,9.816552594490296491e-05,6.666630506515537624e-05
1.312486232195396951e+02,1.066929291599483349e+02,5.412074890136718608e+01,6.227115628683978221e-03,1.856620080594035757e-02,1.249305158853530884e-02,-1.655969810469457570e-01,-3.836308286527696509e-01,-2.996826171875000000e-01,3.312641982440925337e-05,9.815589042007008547e-05,6.666630506515537624e-05
1.310830262384927494e+02,1.063092983312955653e+02,5.382106628417968608e+01,6.260242048508387475e-03,1.866435669636042766e-02,1.255971789360046421e-02,-1.902993717260983431e-01,-4.095175148606386983e-01,-3.154891967773423289e-01,3.312458211725440027e-05,9.814625678705377054e-05,6.666630506515537624e-05
1.308927268667666510e+02,1.058997808164349266e+02,5.350557708740234375e+01,6.293366630625641875e-03,1.876250295314748143e-02,1.262638419866561959e-02,-2.009260775629684304e-01,-4.184319526949451529e-01,-3.233947753906250000e-01,3.312348491565832859e-05,9.813662504442807744e-05,6.666630506515364152e-05
1.306918007892036826e+02,1.054813488637399814e+02,5.318218231201171875e+01,6.326490115541300203e-03,1.886063957819190950e-02,1.269305050373077323e-02,-4.712691334437693058e-01,-5.212636028162478397e-01,-4.735427856445326711e-01,3.312238778652512594e-05,9.812699519250178692e-05,6.666779518127441406e-05
1.302205316557599133e+02,1.049600852609237336e+02,5.270863952636718608e+01,6.359612503327825329e-03,1.895876657338441129e-02,1.275971829891204765e-02,-7.829053364640117252e-01,-6.244678028714503171e-01,-6.432876586914062500e-01,3.312203104075938515e-05,9.811590524192240204e-05,6.666630506515537624e-05
1.294376263192959016e+02,1.043356174580522833e+02,5.206535186767577983e+01,6.392734534368584715e-03,1.905688247862633369e-02,1.282638460397720302e-02,-7.424638316958578343e-01,-6.384351671358672320e-01,-6.221755981445298289e-01,3.312019372242545195e-05,9.810774130022265060e-05,6.666630506515537624e-05
1.286951624876000437e+02,1.036971822909164160e+02,5.144317626953125000e+01,6.425854728091010167e-03,1.915499021992655634e-02,1.289305090904235840e-02,-9.993180128587368927e-01,-5.926988571500118042e-01,-7.741500854492215922e-01,3.311909681152306467e-05,9.809811711530141976e-05,6.666630506515537624e-05
1.276958444747413068e+02,1.031044834337664042e+02,5.066902618408202841e+01,6.458973824902533231e-03,1.925308833704185776e-02,1.295971721410751377e-02,-1.039291163252002548e+00,-5.855987123434971409e-01,-7.973556518554687500e-01,3.311799997327523337e-05,9.808849481885914545e-05,6.666630506515537624e-05
1.266565533114893043e+02,1.025188847214229071e+02,4.987167053222655966e+01,6.492091824875808465e-03,1.935117683186071691e-02,1.302638351917266915e-02,-1.040687177806276509e+00,-5.884912020370762775e-01,-7.981765747070284078e-01,3.311764341985910104e-05,9.807887440968499071e-05,6.666630506515364152e-05
1.256158661336830278e+02,1.019303935193858308e+02,4.907349395751953125e+01,6.525209468295667566e-03,1.944925570627040190e-02,1.309304982423782279e-02,-1.090864298488469331e+00,-6.049963892394600862e-01,-8.170745849609346578e-01,3.311580649020384043e-05,9.806925588723078291e-05,6.666630506515537624e-05
1.245250018351945585e+02,1.013253971301463707e+02,4.825641937255859659e+01,6.558325274785871406e-03,1.954732496215763268e-02,1.315971612930297817e-02,-1.126878517371849853e+00,-6.229505064626152944e-01,-8.313003540039076711e-01,3.311470986965946856e-05,9.805963925158672767e-05,6.666779518127441406e-05
1.233981233178227086e+02,1.007024466236837554e+02,4.742511901855468892e+01,6.591439984655530875e-03,1.964538460140921941e-02,1.322638392448425258e-02,-1.089314769824909490e+00,-5.220768403303566174e-01,-7.804336547851562500e-01,3.311361332218251685e-05,9.804856351678173376e-05,6.666630506515537624e-05
1.223088085479977991e+02,1.001803697833533988e+02,4.664468536376953267e+01,6.624553597977713391e-03,1.974343316492600114e-02,1.329305022954940796e-02,-7.591413167412781604e-01,-3.432192414877164310e-01,-5.104003906250014211e-01,1.999242657770277515e-05,5.919442343330083567e-05,4.024952650070155735e-05
