Sigma_1,Sigma_2,Sigma_12,Epsilon_1,Epsilon_2,Epsilon_12,dSigma_1,dSigma_2,dSigma_12,dEpsilon_1,dEpsilon_2,dEpsilon_12
-0.000000000000000000e+00,-0.000000000000000000e+00,-0.000000000000000000e+00,0.000000000000000000e+00,0.000000000000000000e+00,0.000000000000000000e+00,1.687923622131347612e+00,4.676149430193329515e+00,1.517066421508789098e+01,0.000000000000000000e+00,6.666447875155136660e-05,2.000000094994902611e-04
1.687923622131347612e+00,4.676149430193329515e+00,1.517066421508789098e+01,0.000000000000000000e+00,6.666447875155136660e-05,2.000000094994902611e-04,8.419830322265624556e-01,2.335837099097124003e+00,7.582361602783203480e+00,0.000000000000000000e+00,3.333057289245535239e-05,9.999999310821293700e-05
2.529906654357910067e+00,7.011986529290453518e+00,2.275302581787109446e+01,0.000000000000000000e+00,9.999505164400671899e-05,3.000000026077031981e-04,8.407278060913085938e-01,2.334456030756509648e+00,7.581248474121093039e+00,0.000000000000000000e+00,3.332946200261451561e-05,1.000000163912773241e-04
3.370634460449218661e+00,9.346442560046963166e+00,3.033427429199218750e+01,0.000000000000000000e+00,1.333245136466212346e-04,4.000000189989805222e-04,8.394725799560549540e-01,2.333076334893021908e+00,7.580139160156250000e+00,0.000000000000000000e+00,3.332835118637794171e-05,9.999996982514860414e-05
4.210107040405273615e+00,1.167951889493998507e+01,3.791441345214843750e+01,0.000000000000000000e+00,1.666528648329991763e-04,4.999999888241291263e-04,8.382175445556638849e-01,2.331694959341961138e+00,7.579025268554687500e+00,0.000000000000000000e+00,3.332724044440422929e-05,1.000000163912772699e-04
5.048324584960937500e+00,1.401121385428194621e+01,4.549343872070312500e+01,0.000000000000000000e+00,1.999801052774034056e-04,6.000000052154063962e-04,8.369625091552732599e-01,2.330316482414508172e+00,7.577914428710940342e+00,0.000000000000000000e+00,3.332611813782512377e-05,1.000000163912773783e-04
5.885287094116210760e+00,1.634153033669645438e+01,5.307135314941406534e+01,0.000000000000000000e+00,2.333062234152285294e-04,7.000000216066837744e-04,8.357082366943364704e-01,2.328936326420926406e+00,7.576806640624994316e+00,0.000000000000000000e+00,3.332503082141061970e-05,1.000000163912772699e-04
6.720995330810547230e+00,1.867046666311738079e+01,6.064815979003905966e+01,0.000000000000000000e+00,2.666312542366391491e-04,8.000000379979610443e-04,8.344535827636718750e-01,2.327556016108882631e+00,7.575695800781247158e+00,0.000000000000000000e+00,3.332389702479112261e-05,9.999992325901983000e-05
7.555448913574219105e+00,2.099802267922626342e+01,6.822385559082030682e+01,0.000000000000000000e+00,2.999551512614302717e-04,8.999999612569808743e-04,8.331993103027333092e-01,2.326177079604200060e+00,7.574584960937500000e+00,0.000000000000000000e+00,3.332280985485512386e-05,1.000000163912773783e-04
8.388648223876952414e+00,2.332419975883046348e+01,7.579844055175780682e+01,0.000000000000000000e+00,3.332779611162853955e-04,9.999999776482582526e-04,8.319450378417982961e-01,2.324797988717005381e+00,7.573477172851568184e+00,0.000000000000000000e+00,3.332167620780199409e-05,1.000000163912772699e-04
9.220593261718750711e+00,2.564899774754746886e+01,8.337191772460937500e+01,0.000000000000000000e+00,3.665996373240873896e-04,1.099999994039535522e-03,8.306915283203117895e-01,2.323417219129453315e+00,7.572369384765622158e+00,0.000000000000000000e+00,3.332058918431525431e-05,1.000000163912772699e-04
1.005128479003906250e+01,2.797241496667692218e+01,9.094428710937499716e+01,0.000000000000000000e+00,3.999202265084026440e-04,1.200000010430812792e-03,8.294380187988288355e-01,2.322042400950923735e+00,7.571261596679690342e+00,0.000000000000000000e+00,3.331945568657665880e-05,1.000000163912772699e-04
1.088072280883789134e+01,3.029445736762784591e+01,9.851554870605468750e+01,0.000000000000000000e+00,4.332396821949793028e-04,1.300000026822090062e-03,8.281845092773423289e-01,2.320661324112339940e+00,7.570156860351573869e+00,0.000000000000000000e+00,3.331834553766088421e-05,1.000000163912774867e-04
1.170890731811523366e+01,3.261511869174018585e+01,1.060857055664062614e+02,0.000000000000000000e+00,4.665580277326401870e-04,1.400000043213367549e-03,8.269309997558593750e-01,2.319283148679957662e+00,7.569049072265613631e+00,0.000000000000000000e+00,3.331728200531015567e-05,9.999992325901972158e-05
1.253583831787109304e+01,3.493440184042014351e+01,1.136547546386718750e+02,0.000000000000000000e+00,4.998753097379503426e-04,1.499999966472387270e-03,8.256790161132823158e-01,2.317904816905219434e+00,7.567944335937497158e+00,0.000000000000000000e+00,3.331612545952788908e-05,1.000001095235348181e-04
1.336151733398437536e+01,3.725230665732536295e+01,1.212226989746093722e+02,0.000000000000000000e+00,5.331914351974782317e-04,1.600000075995922089e-03,8.244262695312496447e-01,2.316526333450283914e+00,7.566839599609366473e+00,0.000000000000000000e+00,3.331501553251257474e-05,1.000000163912772699e-04
1.418594360351562500e+01,3.956883299077564686e+01,1.287895385742187386e+02,0.000000000000000000e+00,5.665064507299908065e-04,1.700000092387199358e-03,8.231719970703128553e-01,2.315147696797083654e+00,7.565734863281250000e+00,0.000000000000000000e+00,3.331390567922734493e-05,9.999983012676239014e-05
1.500911560058593786e+01,4.188398068757273052e+01,1.363552734374999886e+02,0.000000000000000000e+00,5.998203564092181514e-04,1.799999922513961749e-03,8.219223022460937500e-01,2.313771962692996453e+00,7.564630126953147737e+00,0.000000000000000000e+00,3.331284243627598025e-05,1.000000163912772699e-04
1.583103790283203161e+01,4.419775265026572697e+01,1.439199035644531364e+02,0.000000000000000000e+00,6.331331988454941316e-04,1.899999938905239018e-03,8.201843261718746447e-01,2.312044885573094177e+00,7.562683105468750000e+00,0.000000000000000000e+00,3.331168619293304808e-05,1.000000163912774867e-04
1.665122222900390625e+01,4.650979753583882115e+01,1.514825866699218864e+02,0.000000000000000000e+00,6.664448850384271797e-04,1.999999955296516505e-03,8.170669555664069605e-01,2.309160196571404811e+00,7.558135986328125000e+00,0.000000000000000000e+00,3.331057656145975342e-05,1.000000163912770530e-04
1.746828918457031321e+01,4.881895773241022596e+01,1.590407226562500114e+02,0.000000000000000000e+00,6.997554615998869331e-04,2.099999971687793558e-03,8.151077270507798289e-01,2.307002054912821620e+00,7.555487060546852263e+00,0.000000000000000000e+00,3.330946700368694457e-05,1.000000163912774867e-04
1.828339691162109304e+01,5.112595978732304758e+01,1.665962097167968636e+02,0.000000000000000000e+00,7.330649286035738777e-04,2.199999988079071045e-03,8.127700805664055395e-01,2.304779548674943612e+00,7.552600097656238631e+00,0.000000000000000000e+00,3.330840405068387529e-05,1.000000163912774867e-04
1.909616699218749858e+01,5.343073933599799119e+01,1.741488098144531023e+02,0.000000000000000000e+00,7.663733326542577530e-04,2.300000004470348532e-03,8.112716674804687500e-01,2.302819461277913149e+00,7.550592041015647737e+00,0.000000000000000000e+00,3.330724810899493571e-05,1.000000163912770530e-04
1.990743865966796733e+01,5.573355879727590434e+01,1.816994018554687500e+02,0.000000000000000000e+00,7.996805807632526887e-04,2.400000020861625585e-03,8.099090576171903422e-01,2.301158486570827222e+00,7.549066162109369316e+00,0.000000000000000000e+00,3.330613877294526584e-05,1.000000163912774867e-04
2.071734771728515767e+01,5.803471728384673156e+01,1.892484680175781193e+02,0.000000000000000000e+00,8.329867195361979545e-04,2.500000037252903071e-03,8.078918457031250000e-01,2.298532139345432768e+00,7.545690917968755684e+00,0.000000000000000000e+00,3.330502951123229163e-05,1.000000163912770530e-04
2.152523956298828267e+01,6.033324942319216433e+01,1.967941589355468750e+02,0.000000000000000000e+00,8.662917490474302462e-04,2.600000053644180124e-03,8.043365478515625000e-01,2.293944522587864299e+00,7.538427734374977263e+00,0.000000000000000000e+00,3.330392032296122101e-05,1.000000163912774867e-04
2.232957611083984517e+01,6.262719394578002863e+01,2.043325866699218523e+02,0.000000000000000000e+00,8.995956693703914672e-04,2.700000070035457611e-03,8.009704589843735789e-01,2.290504964098978746e+00,7.533306884765636369e+00,0.000000000000000000e+00,3.330281120901188406e-05,1.000000163912774867e-04
2.313054656982421875e+01,6.491769890987900737e+01,2.118658935546874886e+02,0.000000000000000000e+00,9.328984805794033512e-04,2.800000086426735098e-03,7.976562499999992895e-01,2.286826779511301311e+00,7.527893066406250000e+00,0.000000000000000000e+00,3.330170216871142490e-05,9.999983012676239014e-05
2.392820281982421804e+01,6.720452568939030868e+01,2.193937866210937386e+02,0.000000000000000000e+00,9.662001827481147762e-04,2.899999916553497488e-03,7.929763793945312500e-01,2.282237885445724146e+00,7.520471191406272737e+00,0.000000000000000000e+00,3.330068624140397615e-05,1.000000163912770530e-04
2.472117919921874929e+01,6.948676357483603283e+01,2.269142578125000114e+02,0.000000000000000000e+00,9.995008689895187523e-04,2.999999932944774541e-03,7.891799926757805395e-01,2.278607747176309317e+00,7.515014648437500000e+00,0.000000000000000000e+00,3.329948430637373960e-05,1.000000163912774867e-04
2.551035919189452983e+01,7.176537132201234215e+01,2.344292724609375114e+02,0.000000000000000000e+00,1.032800353295892492e-03,3.099999949336052028e-03,7.860733032226576711e-01,2.275692110399361923e+00,7.510681152343750000e+00,0.000000000000000000e+00,3.329837548786342312e-05,1.000002026557921496e-04
2.629643249511718750e+01,7.404106343241170407e+01,2.419399536132812614e+02,0.000000000000000000e+00,1.066098728783755915e-03,3.200000151991844177e-03,7.840240478515632105e-01,2.272922812733753517e+00,7.507604980468727263e+00,0.000000000000000000e+00,3.329726674275077479e-05,9.999983012676239014e-05
2.708045654296875071e+01,7.631398624514545759e+01,2.494475585937499886e+02,0.000000000000000000e+00,1.099395995526506690e-03,3.299999982118606567e-03,7.824218750000007105e-01,2.270305984143732303e+00,7.505029296875022737e+00,0.000000000000000000e+00,3.329615807191573310e-05,1.000002026557921496e-04
2.786287841796875142e+01,7.858429222928918989e+01,2.569525878906250114e+02,0.000000000000000000e+00,1.132692153598422423e-03,3.400000184774398717e-03,7.777313232421860789e-01,2.265391279779237266e+00,7.497082519531261369e+00,0.000000000000000000e+00,3.329504947468522533e-05,9.999983012676239014e-05
2.864060974121093750e+01,8.084968350906842716e+01,2.644496704101562727e+02,0.000000000000000000e+00,1.165987203073107648e-03,3.500000014901161107e-03,7.740692138671860789e-01,2.261221591894553740e+00,7.491247558593727263e+00,0.000000000000000000e+00,3.329394095105209575e-05,9.999983012676239014e-05
2.941467895507812358e+01,8.311090510096298090e+01,2.719409179687500000e+02,0.000000000000000000e+00,1.199281144024159744e-03,3.599999845027923497e-03,7.694458007812521316e-01,2.256165371213114668e+00,7.484118652343795475e+00,0.000000000000000000e+00,3.329283250167445508e-05,1.000002026557921496e-04
3.018412475585937571e+01,8.536707047217609556e+01,2.794250366210937955e+02,0.000000000000000000e+00,1.232573976525834199e-03,3.700000047683715647e-03,7.657684326171860789e-01,2.251206418609768889e+00,7.477929687499965894e+00,0.000000000000000000e+00,3.329181714022957581e-05,9.999983012676239014e-05
3.094989318847656179e+01,8.761827689078586445e+01,2.869029663085937614e+02,0.000000000000000000e+00,1.265865793666063775e-03,3.799999877810478037e-03,7.628845214843771316e-01,2.246399725916532475e+00,7.472167968750000000e+00,0.000000000000000000e+00,3.329061582056321890e-05,1.000002026557925833e-04
3.171277770996093892e+01,8.986467661670239693e+01,2.943751342773437614e+02,0.000000000000000000e+00,1.299156409486626994e-03,3.900000080466270620e-03,7.590789794921875000e-01,2.241769784124628018e+00,7.465795898437477263e+00,0.000000000000000000e+00,3.328950759257640925e-05,9.999983012676239014e-05
3.247185668945312642e+01,9.210644640082702495e+01,3.018409301757812386e+02,0.000000000000000000e+00,1.332445917079203403e-03,3.999999910593033010e-03,7.562408447265625000e-01,2.238050031745672186e+00,7.461230468749988631e+00,0.000000000000000000e+00,3.328839943815054860e-05,1.000002026557917159e-04
3.322809753417968892e+01,9.434449643257269713e+01,3.093021606445312273e+02,0.000000000000000000e+00,1.365734316517353952e-03,4.100000113248824726e-03,7.530883789062485789e-01,2.233663678414004039e+00,7.456018066406272737e+00,0.000000000000000000e+00,3.328729135727804753e-05,9.999983012676239014e-05
3.398118591308593750e+01,9.657816011098670117e+01,3.167581787109375000e+02,0.000000000000000000e+00,1.399021607874631999e-03,4.199999943375587116e-03,7.494720458984360789e-01,2.229380780689524499e+00,7.450158691406272737e+00,0.000000000000000000e+00,3.328618335061593256e-05,1.000002026557925833e-04
3.473065795898437358e+01,9.880754089167622567e+01,3.242083374023437727e+02,0.000000000000000000e+00,1.432307791225247932e-03,4.300000146031379700e-03,7.450775146484360789e-01,2.223691572946009387e+00,7.441735839843772737e+00,0.000000000000000000e+00,3.328507541727125478e-05,9.999983012676239014e-05
3.547573547363280966e+01,1.010312324646222351e+02,3.316500732421875455e+02,0.000000000000000000e+00,1.465592866642519186e-03,4.399999976158142090e-03,7.395843505859431843e-01,2.216033502285995382e+00,7.430761718749977263e+00,0.000000000000000000e+00,3.328396755812221795e-05,1.000002026557925833e-04
3.621531982421875284e+01,1.032472659669082304e+02,3.390808349609375227e+02,0.000000000000000000e+00,1.498876834200641404e-03,4.500000178813934673e-03,7.336029052734360789e-01,2.208130147039014446e+00,7.419958496093727263e+00,0.000000000000000000e+00,3.328295276208204957e-05,9.999983012676239014e-05
3.694892272949218892e+01,1.054553961139472449e+02,3.465007934570312500e+02,0.000000000000000000e+00,1.532159786962723454e-03,4.600000008940697063e-03,7.278778076171832367e-01,2.200476604740643438e+00,7.408581542968704525e+00,0.000000000000000000e+00,3.328175205751546066e-05,9.999983012676239014e-05
3.767680053710937216e+01,1.076558727186878883e+02,3.539093749999999545e+02,0.000000000000000000e+00,1.565441539020238915e-03,4.699999839067459453e-03,7.225494384765625000e-01,2.193286902610125821e+00,7.397888183593806843e+00,0.000000000000000000e+00,3.328064441913795857e-05,1.000002026557917159e-04
3.839934997558593466e+01,1.098491596212980141e+02,3.613072631835937614e+02,0.000000000000000000e+00,1.598722183439376873e-03,4.800000041723251169e-03,7.159759521484403422e-01,2.184286876584820902e+00,7.382946777343761369e+00,0.000000000000000000e+00,3.327953685492704081e-05,9.999983012676239014e-05
3.911532592773437500e+01,1.120334464978828350e+02,3.686902099609375227e+02,0.000000000000000000e+00,1.632001720294303914e-03,4.899999871850013559e-03,7.140197753906250000e-01,2.177878141251596844e+00,7.362683105468704525e+00,0.000000000000000000e+00,3.327842936398889111e-05,1.000002026557925833e-04
3.982934570312500000e+01,1.142113246391344319e+02,3.760528930664062273e+02,0.000000000000000000e+00,1.665280149658292805e-03,5.000000074505806143e-03,7.226104736328125000e-01,2.177925021158060304e+00,7.320715332031284106e+00,0.000000000000000000e+00,3.327732194720258059e-05,9.999983012676239014e-05
4.055195617675781250e+01,1.163892496602924922e+02,3.833736083984375114e+02,0.000000000000000000e+00,1.698557471605495386e-03,5.099999904632568533e-03,7.226287841796903422e-01,2.167871406264339385e+00,7.262890625000011369e+00,0.000000000000000000e+00,3.327621460389568707e-05,1.000002026557917159e-04
4.127458496093750284e+01,1.185571210665568316e+02,3.906364990234375227e+02,0.000000000000000000e+00,1.731833686209391073e-03,5.200000107288360249e-03,1.788940429687500000e-01,5.390188737613783587e-01,1.806225585937454525e+00,0.000000000000000000e+00,8.318834151984895800e-06,2.500005066394857950e-05
4.145347900390625284e+01,1.190961399403182099e+02,3.924427246093749773e+02,0.000000000000000000e+00,1.740152520361375969e-03,5.225000157952308828e-03,5.407470703124985789e-01,1.636683225624921079e+00,5.457434082031284106e+00,0.000000000000000000e+00,2.542036939977439756e-05,7.639452815055847168e-05
4.199422607421875142e+01,1.207328231659431310e+02,3.979001586914062614e+02,0.000000000000000000e+00,1.765572889761150366e-03,5.301394686102867300e-03,1.196835327148434658e+00,3.644294791613262419e+00,1.218812255859376137e+01,0.000000000000000000e+00,5.702641470576013533e-05,1.713864505290983373e-04
4.319106140136718608e+01,1.243771179575563934e+02,4.100882812500000227e+02,0.000000000000000000e+00,1.822599304466910502e-03,5.472781136631965637e-03,6.654693603515653422e-01,2.092507575957256449e+00,7.024316406250022737e+00,0.000000000000000000e+00,3.327208728589789964e-05,9.999983012676239014e-05
4.385653076171875142e+01,1.264696255335136499e+02,4.171125976562500455e+02,0.000000000000000000e+00,1.855871391752808401e-03,5.572780966758728027e-03,4.014129638671875000e-01,1.297318056892038385e+00,4.387133789062431788e+00,0.000000000000000000e+00,2.079446916357710617e-05,6.250031292438524427e-05
4.425794372558593892e+01,1.277669435904056883e+02,4.214997314453124773e+02,0.000000000000000000e+00,1.876665860916385507e-03,5.635281279683113272e-03,4.518798828124985789e-01,1.512000277280336036e+00,5.124829101562511369e+00,0.000000000000000000e+00,2.458067340766292332e-05,7.388144731521571751e-05
4.470982360839843750e+01,1.292789438676860243e+02,4.266245605468749886e+02,0.000000000000000000e+00,1.901246534324048431e-03,5.709162726998328989e-03,6.954223632812528422e-01,2.336305951384218815e+00,7.863964843750011369e+00,0.000000000000000000e+00,3.816004922719781235e-05,1.146994531154637773e-04
4.540524597167969034e+01,1.316152498190702431e+02,4.344885253906250000e+02,0.000000000000000000e+00,1.939406583551246243e-03,5.823862180113792766e-03,8.685852050781193157e-01,2.927580930823978633e+00,9.938818359374977263e+00,0.000000000000000000e+00,4.806831614310828893e-05,1.444883644580834126e-04
4.627383117675780966e+01,1.345428307498942218e+02,4.444273437499999773e+02,0.000000000000000000e+00,1.987474899694354532e-03,5.968350544571876179e-03,5.932739257812542633e-01,2.014429348835705014e+00,6.877636718750011369e+00,0.000000000000000000e+00,3.326660207414846096e-05,1.000002026557925833e-04
4.686710510253906392e+01,1.365572600987299268e+02,4.513049804687499886e+02,0.000000000000000000e+00,2.020741501768502993e-03,6.068350747227668762e-03,5.895538330078125000e-01,2.004410407070452038e+00,6.852172851562556843e+00,0.000000000000000000e+00,3.326549544392740781e-05,9.999983012676239014e-05
4.745665893554687642e+01,1.385616705058003788e+02,4.581571533203125455e+02,0.000000000000000000e+00,2.054006997212430401e-03,6.168350577354431152e-03,5.832061767578125000e-01,1.987748184396536999e+00,6.798999023437431788e+00,0.000000000000000000e+00,3.326438888777167452e-05,1.000002026557925833e-04
4.803986511230468892e+01,1.405494186901969158e+02,4.649561523437499773e+02,0.000000000000000000e+00,2.087271386100202075e-03,6.268350780010223736e-03,5.780731201171889211e-01,1.980870641015116007e+00,6.774804687500022737e+00,0.000000000000000000e+00,3.326328240478831216e-05,1.000002026557917159e-04
4.861793823242187784e+01,1.425302893312120318e+02,4.717309570312500000e+02,0.000000000000000000e+00,2.120534668504990387e-03,6.368350982666015452e-03,5.702484130859346578e-01,1.972035062002987615e+00,6.732031249999977263e+00,0.000000000000000000e+00,3.326217599585639187e-05,9.999945759773306436e-05
4.918818664550781250e+01,1.445023243932150194e+02,4.784629882812499773e+02,0.000000000000000000e+00,2.153796844500846779e-03,6.468350440263748516e-03,5.486328125000028422e-01,1.957522124526434482e+00,6.669946289062522737e+00,0.000000000000000000e+00,3.326106966030327461e-05,1.000002026557917159e-04
4.973681945800781534e+01,1.464598465177414539e+02,4.851329345703125000e+02,0.000000000000000000e+00,2.187057914161150054e-03,6.568350642919540232e-03,5.305084228515610789e-01,1.936511384332021635e+00,6.602172851562500000e+00,0.000000000000000000e+00,3.325996339812202149e-05,1.000002026557925833e-04
5.026732788085937642e+01,1.483963579020734755e+02,4.917351074218750000e+02,0.000000000000000000e+00,2.220317877559272075e-03,6.668350845575332815e-03,5.177398681640639211e-01,1.923707932408035504e+00,6.485107421875000000e+00,0.000000000000000000e+00,3.325885720997009271e-05,9.999945759773219700e-05
5.078506774902344034e+01,1.503200658344815110e+02,4.982202148437500000e+02,0.000000000000000000e+00,2.253576734769242168e-03,6.768350303173065012e-03,5.073089599609375000e-01,1.907966795323829956e+00,6.424853515624988631e+00,0.000000000000000000e+00,3.325775109495367199e-05,1.000002026557925833e-04
5.129237670898437784e+01,1.522280326298053410e+02,5.046450683593749886e+02,0.000000000000000000e+00,2.286834485864195840e-03,6.868350505828857595e-03,3.127563476562471578e-01,1.187669337319590568e+00,3.963330078125011369e+00,0.000000000000000000e+00,2.078569537416292620e-05,6.249994039535505114e-05
5.160513305664062500e+01,1.534157019671249316e+02,5.086083984375000000e+02,0.000000000000000000e+00,2.307620181238358766e-03,6.930850446224212646e-03,6.897277832031250000e-01,2.656275541483552161e+00,8.753344726562545475e+00,0.000000000000000000e+00,4.676581687695089209e-05,1.406252384185792750e-04
5.229486083984375000e+01,1.560719775086084837e+02,5.173617431640625455e+02,0.000000000000000000e+00,2.354385998115309658e-03,7.071475684642791922e-03,1.462646484375014211e-01,5.728175577129093199e-01,1.860449218749977263e+00,0.000000000000000000e+00,9.987752424741366125e-06,3.003403544425947008e-05
5.244112548828125142e+01,1.566447950663213931e+02,5.192221923828125227e+02,0.000000000000000000e+00,2.364373750540051024e-03,7.101509720087051392e-03,5.428283691406221578e-01,2.177287842934902073e+00,6.556030273437500000e+00,0.000000000000000000e+00,3.483891086394214076e-05,1.047663390636444092e-04
5.298395385742187358e+01,1.588220829092562951e+02,5.257782226562500227e+02,0.000000000000000000e+00,2.399212661403993165e-03,7.206276059150695801e-03,3.801391601562542633e-01,1.750401583049495002e+00,5.981591796875022737e+00,0.000000000000000000e+00,3.522845906212641529e-05,1.059405505657194310e-04
5.336409301757812784e+01,1.605724844923057901e+02,5.317598144531250455e+02,0.000000000000000000e+00,2.434441120466119581e-03,7.312216609716415232e-03,3.852416992187457367e-01,1.808526239721373940e+00,5.764013671874863576e+00,0.000000000000000000e+00,3.377886648506722364e-05,1.015849411487579346e-04
5.374933471679687358e+01,1.623810107320271641e+02,5.375238281249999091e+02,0.000000000000000000e+00,2.468219986951186804e-03,7.413801550865173166e-03,3.925598144531292633e-01,1.779449316969248684e+00,5.543237304687636424e+00,0.000000000000000000e+00,3.385353152673704208e-05,1.018136739730840165e-04
5.414189453125000284e+01,1.641604600489964128e+02,5.430670654296875455e+02,0.000000000000000000e+00,2.502073518477923846e-03,7.515615224838257183e-03,6.475891113281235789e-01,2.708688165380351620e+00,8.251220703125000000e+00,0.000000000000000000e+00,5.018027735982774282e-05,1.509219408035271381e-04
5.478948364257812642e+01,1.668691482143767644e+02,5.513182861328125455e+02,0.000000000000000000e+00,2.552253795837751589e-03,7.666537165641784321e-03,2.036987304687514211e-01,8.880409086670795205e-01,2.634838867187454525e+00,0.000000000000000000e+00,1.662414077852015712e-05,4.999935626983677273e-05
5.499318237304687784e+01,1.677571891230438439e+02,5.539531250000000000e+02,0.000000000000000000e+00,2.568877936616271746e-03,7.716536521911621094e-03,3.284545898437443157e-01,1.513326514981088167e+00,4.502783203124977263e+00,0.000000000000000000e+00,2.875081209755252915e-05,8.647590875625593004e-05
5.532163696289062216e+01,1.692705156380249321e+02,5.584559082031249773e+02,0.000000000000000000e+00,2.597628748713824275e-03,7.803012430667877024e-03,4.339965820312556843e-01,1.769177160622149358e+00,5.214648437500045475e+00,0.000000000000000000e+00,3.313094450063886268e-05,9.965375065803475790e-05
5.575563354492187784e+01,1.710396927986470814e+02,5.636705566406250227e+02,0.000000000000000000e+00,2.630759693214463138e-03,7.902666181325911782e-03,4.156005859374971578e-01,1.732452898696664079e+00,5.089160156249931788e+00,0.000000000000000000e+00,3.256343707558990649e-05,9.794831275940045490e-05
5.617123413085937500e+01,1.727721456973437455e+02,5.687597167968749545e+02,0.000000000000000000e+00,2.663323130290053044e-03,8.000614494085312237e-03,4.665100097656278422e-01,1.802214721205984915e+00,5.327148437500000000e+00,0.000000000000000000e+00,3.377633748429236665e-05,1.016013324260708200e-04
5.663774414062500284e+01,1.745743604185497304e+02,5.740868652343749545e+02,0.000000000000000000e+00,2.697099467774345411e-03,8.102215826511383057e-03,5.247741699218693157e-01,1.999680794018956931e+00,5.930004882812568212e+00,0.000000000000000000e+00,3.747638896736075337e-05,1.127347350120544434e-04
5.716251831054687216e+01,1.765740412125686873e+02,5.800168701171875227e+02,0.000000000000000000e+00,2.734575856741706164e-03,8.214950561523437500e-03,3.657897949218806843e-01,1.499222778437570014e+00,4.417724609374886313e+00,0.000000000000000000e+00,2.866004611789835926e-05,8.621662855148350124e-05
5.752830810546875284e+01,1.780732639910062574e+02,5.844345947265624091e+02,0.000000000000000000e+00,2.763235902859604524e-03,8.301167190074921001e-03,5.058593750000000000e-01,1.834508767071383772e+00,5.373535156250000000e+00,0.000000000000000000e+00,3.465060426259720938e-05,1.042410731315612793e-04
5.803416748046875284e+01,1.799077727580776411e+02,5.898081298828124091e+02,0.000000000000000000e+00,2.797886507122201733e-03,8.405408263206482281e-03,5.462951660156250000e-01,1.984284172188012008e+00,5.742724609375045475e+00,0.000000000000000000e+00,3.798394629936623773e-05,1.142732799053192139e-04
5.858046264648437784e+01,1.818920569302656531e+02,5.955508544921874545e+02,0.000000000000000000e+00,2.835870453421567971e-03,8.519681543111801494e-03,3.958374023437443157e-01,1.548513609876351893e+00,4.502636718750068212e+00,0.000000000000000000e+00,3.063146941768325748e-05,9.215697646140948163e-05
5.897630004882812216e+01,1.834405705401420050e+02,6.000534912109375227e+02,0.000000000000000000e+00,2.866501922839251228e-03,8.611838519573210976e-03,3.976074218750014211e-01,1.486557295701800285e+00,4.276708984374977263e+00,0.000000000000000000e+00,2.940585538874739002e-05,8.847191929817199707e-05
5.937390747070312358e+01,1.849271278358438053e+02,6.043302001953125000e+02,0.000000000000000000e+00,2.895907778227998618e-03,8.700310438871382973e-03,4.953796386718778422e-01,1.818622305342955769e+00,5.203613281250000000e+00,0.000000000000000000e+00,3.630113790671629648e-05,1.092210412025462068e-04
5.986928710937500142e+01,1.867457501411867611e+02,6.095338134765625000e+02,0.000000000000000000e+00,2.932208916134714915e-03,8.809531480073929180e-03,5.402893066406235789e-01,1.908853637445076856e+00,5.377148437499954525e+00,0.000000000000000000e+00,3.805832941741619027e-05,1.145124435424794279e-04
6.040957641601562500e+01,1.886546037786318379e+02,6.149109619140624545e+02,0.000000000000000000e+00,2.970267245552131105e-03,8.924043923616408608e-03,4.751953124999985789e-01,1.682521251250904015e+00,4.666601562500090949e+00,0.000000000000000000e+00,3.379345626159692417e-05,1.016840338706973684e-04
6.088477172851562358e+01,1.903371250298827420e+02,6.195775634765625455e+02,0.000000000000000000e+00,3.004060701813728029e-03,9.025727957487105976e-03,4.937072753906264211e-01,1.621933879273854018e+00,4.377880859374954525e+00,0.000000000000000000e+00,3.254756958270387662e-05,9.793788194656372070e-05
6.137847900390625000e+01,1.919590589091565960e+02,6.239554443359375000e+02,0.000000000000000000e+00,3.036608271396431906e-03,9.123665839433669697e-03,4.655761718750000000e-01,1.543441261723415892e+00,4.189599609374909051e+00,0.000000000000000000e+00,3.254651027311764727e-05,9.793788194656372070e-05
6.184405517578125000e+01,1.935025001708800119e+02,6.281450439453124091e+02,0.000000000000000000e+00,3.069154781669549553e-03,9.221603721380233418e-03,3.198791503906264211e-01,1.294540173749595624e+00,3.735546875000181899e+00,0.000000000000000000e+00,3.254526534454378964e-05,9.793788194656372070e-05
6.216393432617187642e+01,1.947970403446296075e+02,6.318805908203125909e+02,0.000000000000000000e+00,3.101700047014093343e-03,9.319541603326797138e-03,2.533874511718750000e-01,1.154867869188734630e+00,3.464990234374909051e+00,0.000000000000000000e+00,3.254439186617082494e-05,9.793788194656372070e-05
6.241732177734375142e+01,1.959519082138183421e+02,6.353455810546875000e+02,0.000000000000000000e+00,3.134244438880264168e-03,9.417479485273360859e-03,1.544189453120736744e-03,7.032948509664436187e-01,2.673681640625090949e+00,0.000000000000000000e+00,3.254314708778629009e-05,9.793713688850506915e-05
6.241886596679687216e+01,1.966552030647847857e+02,6.380192626953125909e+02,0.000000000000000000e+00,3.166787585968050458e-03,9.515416622161865928e-03,-4.347106933593707367e-01,-7.099598097576631517e-02,1.361303710937363576e+00,0.000000000000000000e+00,3.254208806582762140e-05,9.793788194656372070e-05
6.198415527343750142e+01,1.965842070838090194e+02,6.393805664062499545e+02,0.000000000000000000e+00,3.199329674033878079e-03,9.613354504108429649e-03,-8.072021484375042633e-01,-7.925123235013131762e-01,-1.657714843736357579e-02,0.000000000000000000e+00,2.938288792601927504e-05,8.843168616294756756e-05
6.117695312499999716e+01,1.957916947603077062e+02,6.393639892578125909e+02,0.000000000000000000e+00,3.228712561959897354e-03,9.701786190271377217e-03,-6.491278076171873579e+00,-1.083114421346652989e+01,-1.589140625000004547e+01,0.000000000000000000e+00,3.316202726262899511e-05,9.981021285057102566e-05
5.468567504882812358e+01,1.849605505468411764e+02,6.234725830078125455e+02,0.000000000000000000e+00,3.261874589222526349e-03,9.801596403121948242e-03,-5.420071411132809658e+00,-8.594987091805705859e+00,-1.186433105468756821e+01,0.000000000000000000e+00,3.316575452549496567e-05,9.982362389564583549e-05
4.926560363769531392e+01,1.763655634550354705e+02,6.116082519531249773e+02,0.000000000000000000e+00,3.295040343748021315e-03,9.901420027017594078e-03,-3.546301269531248579e+00,-4.876286341184140838e+00,-5.887670898437477263e+00,0.000000000000000000e+00,3.326044772929441160e-05,1.001127064228050922e-04
4.571930236816406534e+01,1.714892771138513297e+02,6.057205810546875000e+02,0.000000000000000000e+00,3.328300791477315727e-03,1.000153273344039917e-02,-5.399053955078130684e+00,-7.934299074503059046e+00,-9.775903320312409051e+00,0.000000000000000000e+00,3.294561082845459329e-05,9.916797280311653862e-05
4.032024841308593466e+01,1.635549780393482706e+02,5.959446777343750909e+02,0.000000000000000000e+00,3.361246402305770320e-03,1.010070070624351571e-02,-5.413623046874995737e+00,-7.678656605299892135e+00,-9.108593750000181899e+00,0.000000000000000000e+00,3.388605745674021924e-05,1.020006835460648964e-04
3.490662536621093892e+01,1.558763214340483785e+02,5.868360839843749091e+02,0.000000000000000000e+00,3.395132459762510539e-03,1.020270138978958060e-02,-5.558840942382815342e+00,-8.621616730197104062e+00,-9.586791992187386313e+00,0.000000000000000000e+00,3.435491644231472574e-05,1.034185290336615826e-04
2.934778442382812358e+01,1.472547047038512744e+02,5.772492919921875227e+02,0.000000000000000000e+00,3.429487376204825265e-03,1.030611991882324219e-02,-2.024060058593747158e+00,-2.502415859025319378e+00,-1.248999023437477263e+00,0.000000000000000000e+00,3.494252408640019167e-05,1.051887869834896433e-04
2.732372436523437642e+01,1.447522888448259550e+02,5.760002929687500455e+02,0.000000000000000000e+00,3.464429900291225457e-03,1.041130870580673183e-02,-2.096356201171875711e+00,-2.486626912031027814e+00,-1.360205078125090949e+00,0.000000000000000000e+00,3.573498763675009987e-05,1.075796782970435406e-04
2.522736816406250071e+01,1.422656619327949272e+02,5.746400878906249545e+02,0.000000000000000000e+00,3.500164887927975556e-03,1.051888838410377537e-02,-2.257536315917970882e+00,-2.647681028857050478e+00,-2.169531249999977263e+00,0.000000000000000000e+00,2.858744192224364766e-05,8.606314659118617649e-05
2.296983184814452983e+01,1.396179809039378767e+02,5.724705566406249773e+02,0.000000000000000000e+00,3.528752329850219204e-03,1.060495153069496155e-02,-2.073922729492185368e+00,-2.326329147992964863e+00,-1.683886718749931788e+00,0.000000000000000000e+00,3.215947772795390430e-05,9.682178497314418431e-05
2.089590911865234446e+01,1.372916517559449119e+02,5.707866699218750455e+02,0.000000000000000000e+00,3.560911807578173108e-03,1.070177331566810573e-02,-2.174360656738283382e+00,-2.469723834456459599e+00,-1.379760742187500000e+00,0.000000000000000000e+00,4.019807842086439015e-05,1.210264861583720125e-04
1.872154846191406108e+01,1.348219279214884523e+02,5.694069091796875455e+02,0.000000000000000000e+00,3.601109885999037499e-03,1.082279980182647774e-02,-2.698811340332028408e+00,-3.642986280850891490e+00,-2.921679687500045475e+00,0.000000000000000000e+00,3.215752204641358220e-05,9.682178497314418431e-05
1.602273712158203267e+01,1.311789416406375608e+02,5.664852294921875000e+02,0.000000000000000000e+00,3.633267408045451081e-03,1.091962158679962193e-02,-2.698941040039063211e+00,-3.365348778689480014e+00,-2.803247070312409051e+00,0.000000000000000000e+00,3.215611680752262017e-05,9.682178497314418431e-05
1.332379608154296946e+01,1.278135928619480808e+02,5.636819824218750909e+02,0.000000000000000000e+00,3.665423524852973701e-03,1.101644337177276611e-02,-1.957936096191406961e+00,-2.133381028391283962e+00,-1.437597656250090949e+00,0.000000000000000000e+00,3.215545397890814255e-05,9.682178497314418431e-05
1.136585998535156250e+01,1.256802118335567968e+02,5.622443847656250000e+02,0.000000000000000000e+00,3.697578978831881844e-03,1.111326515674591030e-02,-2.999404144287108664e+00,-4.006849970332069688e+00,-3.558740234375022737e+00,0.000000000000000000e+00,3.215404889666227672e-05,9.682103991508553276e-05
8.366455841064453836e+00,1.216733618632247271e+02,5.586856445312499773e+02,0.000000000000000000e+00,3.729733027728544120e-03,1.121008619666099583e-02,-2.453168869018555576e+00,-3.430479830587543688e+00,-2.456420898437386313e+00,0.000000000000000000e+00,3.215338617738308299e-05,9.682178497314418431e-05
5.913286972045898260e+00,1.182428820326371834e+02,5.562292236328125909e+02,0.000000000000000000e+00,3.761886413905927203e-03,1.130690798163414001e-02,-1.907002258300781072e+00,-2.164308406723151279e+00,-1.255615234375113687e+00,0.000000000000000000e+00,3.215198125197400031e-05,9.682178497314418431e-05
4.006284713745117188e+00,1.160785736259140322e+02,5.549736083984374773e+02,0.000000000000000000e+00,3.794038395157901204e-03,1.140372976660728420e-02,-1.675735092163086026e+00,-1.764274547528401627e+00,-9.632812500000227374e-01,0.000000000000000000e+00,3.215131864178679549e-05,9.682103991508553276e-05
2.330549621582031161e+00,1.143142990783856305e+02,5.540103271484374545e+02,0.000000000000000000e+00,3.826189713799687999e-03,1.150055080652236973e-02,-1.993608188629150346e+00,-1.975882611286195356e+00,-9.634521484374545253e-01,0.000000000000000000e+00,4.219687469456633033e-05,1.270785927772518503e-04
3.369414329528808705e-01,1.123384164670994352e+02,5.530468750000000000e+02,0.000000000000000000e+00,3.868386588494254329e-03,1.162762939929962158e-02,-1.695902538299560502e+00,-1.618005120040010070e+00,-8.256347656249545253e-01,0.000000000000000000e+00,3.616733259906908943e-05,1.089237630367279053e-04
-1.358961105346679688e+00,1.107204113470594251e+02,5.522212402343750455e+02,0.000000000000000000e+00,3.904553921093323419e-03,1.173655316233634949e-02,-1.457110404968261719e+00,-1.498656905976687881e+00,-1.134301757812636424e+00,0.000000000000000000e+00,2.260354756602892326e-05,6.807819008827244167e-05
-2.816071510314941406e+00,1.092217544410827372e+02,5.510869384765624091e+02,0.000000000000000000e+00,3.927157468659352342e-03,1.180463135242462193e-02,-2.670087623596191229e+00,-2.821155056631539537e+00,-2.274291992187386313e+00,0.000000000000000000e+00,3.729544152529084416e-05,1.123279333114617085e-04
-5.486159133911132635e+00,1.064005993844511977e+02,5.488126464843750227e+02,0.000000000000000000e+00,3.964452910184643186e-03,1.191695928573608364e-02,-1.253043746948242720e+00,-1.028442347024039805e+00,-3.337158203124772626e-01,0.000000000000000000e+00,3.051324894383106862e-05,9.190514683723484402e-05
-6.739202880859375355e+00,1.053721570374271579e+02,5.484789306640625455e+02,0.000000000000000000e+00,3.994966159128474255e-03,1.200886443257331848e-02,-1.343788146972656250e+00,-1.087310887150422900e+00,-4.522216796874545253e-01,0.000000000000000000e+00,3.051231791387915004e-05,9.190440177917445774e-05
-8.082991027832031605e+00,1.042848461502767350e+02,5.480267089843750909e+02,0.000000000000000000e+00,4.025478477042353405e-03,1.210076883435249294e-02,-2.952008056640623934e+00,-3.621465516545555374e+00,-2.523217773437636424e+00,0.000000000000000000e+00,4.576691682170973274e-05,1.378573477268229402e-04
-1.103499908447265554e+01,1.006633806337311796e+02,5.455034912109374545e+02,0.000000000000000000e+00,4.071245393864063138e-03,1.223862618207931588e-02,-2.404151916503906250e+00,-3.075043667306289308e+00,-2.473583984374954525e+00,0.000000000000000000e+00,3.050999058188796215e-05,9.190514683723310929e-05
-1.343915100097656179e+01,9.758833696642489031e+01,5.430299072265625000e+02,0.000000000000000000e+00,4.101755384445951100e-03,1.233053132891654899e-02,-1.710458374023438921e+00,-1.760826215456177124e+00,-1.340966796875022737e+00,0.000000000000000000e+00,2.431197652380274327e-05,7.323622703552315483e-05
-1.514960937500000071e+01,9.582751075096871318e+01,5.416889404296874773e+02,0.000000000000000000e+00,4.126067360969753843e-03,1.240376755595207214e-02,-1.951860046386716618e+00,-1.766187195119215403e+00,-1.270922851562431788e+00,0.000000000000000000e+00,3.273533129760208132e-05,9.861364960670436497e-05
-1.710146942138671733e+01,9.406132355584949778e+01,5.404180175781250455e+02,0.000000000000000000e+00,4.158802692267355924e-03,1.250238120555877651e-02,-1.776419067382814632e+00,-1.536986599398986186e+00,-1.081054687500000000e+00,0.000000000000000000e+00,3.280400224414583427e-05,9.882450103759765625e-05
-1.887788848876953196e+01,9.252433695645051159e+01,5.393369628906250455e+02,0.000000000000000000e+00,4.191606694511501759e-03,1.260120570659637416e-02,-2.118266296386718039e+00,-1.914565689172107454e+00,-1.595141601562545475e+00,0.000000000000000000e+00,3.359492254653966697e-05,1.012086868286132812e-04
-2.099615478515625000e+01,9.060977126727840414e+01,5.377418212890625000e+02,0.000000000000000000e+00,4.225201617058041426e-03,1.270241439342498745e-02,-2.538934326171876421e+00,-3.245006216593097292e+00,-2.597900390625000000e+00,0.000000000000000000e+00,3.359379396585416427e-05,1.012101769447323191e-04
-2.353508911132812642e+01,8.736476505068530685e+01,5.351439208984375000e+02,0.000000000000000000e+00,4.258795411023895590e-03,1.280362457036971977e-02,-1.795335388183591618e+00,-2.177683351842489401e+00,-1.355883789062545475e+00,0.000000000000000000e+00,3.206553141417087249e-05,9.660869836807320366e-05
-2.533042449951171804e+01,8.518708169884281745e+01,5.337880371093749545e+02,0.000000000000000000e+00,4.290860942438066462e-03,1.290023326873779297e-02,-1.807472229003906250e+00,-1.955154606500428827e+00,-1.299951171874909051e+00,0.000000000000000000e+00,3.550034867056024723e-05,1.069605350494384766e-04
-2.713789672851562429e+01,8.323192709234238862e+01,5.324880859375000455e+02,0.000000000000000000e+00,4.326361291108626710e-03,1.300719380378723145e-02,-1.596878051757812500e+00,-1.697818798589665334e+00,-1.274267578125090949e+00,0.000000000000000000e+00,3.091836848467983956e-05,9.315907955169747123e-05
-2.873477478027343679e+01,8.153410829375272328e+01,5.312138183593749545e+02,0.000000000000000000e+00,4.357279659593306549e-03,1.310035288333892892e-02,-2.647180175781251421e+00,-2.616551975768672378e+00,-2.394531250000000000e+00,0.000000000000000000e+00,4.637557495706847582e-05,1.397371292114254343e-04
-3.138195495605468821e+01,7.891755631798405091e+01,5.288192871093749545e+02,0.000000000000000000e+00,4.403655234550375025e-03,1.324009001255035435e-02,-1.186126708984371447e+00,-1.106360946351784946e+00,-1.026928710937454525e+00,0.000000000000000000e+00,2.318716643505414066e-05,6.986856460571184979e-05
-3.256808166503905966e+01,7.781119537163226596e+01,5.277923583984375000e+02,0.000000000000000000e+00,4.426842400985429166e-03,1.330995857715606620e-02,-1.475204467773437500e+00,-1.380196362669693144e+00,-1.278125000000045475e+00,0.000000000000000000e+00,3.188138328264096544e-05,9.607076644897565021e-05
-3.404328613281249716e+01,7.643099900896257282e+01,5.265142333984374545e+02,0.000000000000000000e+00,4.458723784268070131e-03,1.340602934360504185e-02,-1.232989501953127842e+00,-8.739560982007219536e-01,-6.579589843750000000e-01,0.000000000000000000e+00,3.375951223982213284e-05,1.017332077026360249e-04
-3.527627563476562500e+01,7.555704291076185086e+01,5.258562744140624545e+02,0.000000000000000000e+00,4.492483296507892264e-03,1.350776255130767788e-02,-1.430078125000001421e+00,-1.133576491852224422e+00,-9.789550781249545253e-01,0.000000000000000000e+00,3.421488473709377587e-05,1.031085848808288574e-04
-3.670635375976562642e+01,7.442346641890962644e+01,5.248773193359375000e+02,0.000000000000000000e+00,4.526698181244986040e-03,1.361087113618850673e-02,-1.220468139648438921e+00,-8.504541673180341377e-01,-7.632324218750454747e-01,0.000000000000000000e+00,3.032662639437019164e-05,9.139329195022652397e-05
-3.792682189941406534e+01,7.357301225159159230e+01,5.241140869140624545e+02,0.000000000000000000e+00,4.557024807639356231e-03,1.370226442813873326e-02,-1.233227539062497158e+00,-7.245821721929814885e-01,-7.813720703125000000e-01,0.000000000000000000e+00,3.301195232772221461e-05,9.949058294296195259e-05
-3.916004943847656250e+01,7.284843007939861081e+01,5.233327148437499545e+02,0.000000000000000000e+00,4.590036759967078446e-03,1.380175501108169521e-02,-1.246090698242184658e+00,-7.985716907083286742e-01,-8.827880859373635758e-01,0.000000000000000000e+00,3.295116203663045473e-05,9.930878877639770508e-05
-4.040614013671874716e+01,7.204985838869028214e+01,5.224499267578125909e+02,0.000000000000000000e+00,4.622987922003708901e-03,1.390106379985809291e-02,-1.188269042968755684e+00,-6.638213950820670561e-01,-8.007568359375909495e-01,0.000000000000000000e+00,3.351220679660704693e-05,1.010045409202582622e-04
-4.159440917968750284e+01,7.138603699360821508e+01,5.216491699218750000e+02,0.000000000000000000e+00,4.656500128800315948e-03,1.400206834077835118e-02,-2.005993652343747158e+00,-2.101339802478193519e+00,-2.404418945312500000e+00,0.000000000000000000e+00,3.415588033464037748e-05,1.029476523399346088e-04
-4.360040283203125000e+01,6.928469719113002157e+01,5.192447509765625000e+02,0.000000000000000000e+00,4.690656009134956325e-03,1.410501599311828579e-02,-2.403921508789061079e+00,-3.464702809516197135e+00,-3.605664062499954525e+00,0.000000000000000000e+00,3.359076777868699043e-05,1.012474298477169382e-04
-4.600432434082031108e+01,6.581999438161382443e+01,5.156390869140625455e+02,0.000000000000000000e+00,4.724246776913643316e-03,1.420626342296600272e-02,-1.073077392578127842e+00,-9.456640982436539389e-01,-8.315429687500000000e-01,0.000000000000000000e+00,3.182147962283408960e-05,9.591728448867832546e-05
-4.707740173339843892e+01,6.487433028337017049e+01,5.148075439453125455e+02,0.000000000000000000e+00,4.756068256536477405e-03,1.430218070745468105e-02,-1.230645751953126421e+00,-1.052034252579922224e+00,-1.038818359375000000e+00,0.000000000000000000e+00,3.579786154936110548e-05,1.079082489013668406e-04
-4.830804748535156534e+01,6.382229603079024827e+01,5.137687255859375455e+02,0.000000000000000000e+00,4.791866118085838511e-03,1.441008895635604789e-02,-1.337716674804681816e+00,-1.007019536091029011e+00,-1.268554687500000000e+00,0.000000000000000000e+00,3.579658010812152708e-05,1.079082489013685753e-04
-4.964576416015624716e+01,6.281527649469921926e+01,5.125001708984375455e+02,0.000000000000000000e+00,4.827662698193960038e-03,1.451799720525741647e-02,-1.443920898437504263e+00,-1.483199286037745424e+00,-1.755615234375000000e+00,0.000000000000000000e+00,3.579566948057853748e-05,1.079082489013668406e-04
-5.108968505859375142e+01,6.133207720866147383e+01,5.107445556640625455e+02,0.000000000000000000e+00,4.863458367674538575e-03,1.462590545415878331e-02,-1.241717529296870737e+00,-1.238227221538664935e+00,-1.563891601562545475e+00,0.000000000000000000e+00,2.460857099177617829e-05,7.418692111968959446e-05
-5.233140258789062216e+01,6.009384998712280890e+01,5.091806640625000000e+02,0.000000000000000000e+00,4.888066938666314754e-03,1.470009237527847290e-02,-1.912396240234379263e+00,-1.681210561719737484e+00,-2.283007812499988631e+00,0.000000000000000000e+00,3.429328635430519551e-05,1.033842563629150391e-04
-5.424379882812500142e+01,5.841263942540307141e+01,5.068976562500000114e+02,0.000000000000000000e+00,4.922360225020619949e-03,1.480347663164138794e-02,-1.631658935546873579e+00,-1.143094627838671329e+00,-1.791235351562534106e+00,0.000000000000000000e+00,3.662854843751190553e-05,1.104310154914859426e-04
-5.587545776367187500e+01,5.726954479756440008e+01,5.051064208984374773e+02,0.000000000000000000e+00,4.958988773458131855e-03,1.491390764713287388e-02,-1.021777343750002842e+00,-4.572971352662591471e-01,-1.037744140625022737e+00,0.000000000000000000e+00,3.239745218342089672e-05,9.767711162567138672e-05
-5.689723510742187784e+01,5.681224766229814094e+01,5.040686767578124545e+02,0.000000000000000000e+00,4.991386225641552751e-03,1.501158475875854527e-02,-8.547363281250000000e-01,-3.108725285875095778e-01,-8.384033203124658939e-01,0.000000000000000000e+00,2.966461834356341060e-05,8.944123983383074628e-05
-5.775197143554687784e+01,5.650137513371063136e+01,5.032302734374999886e+02,0.000000000000000000e+00,5.021050843985116162e-03,1.510102599859237602e-02,-9.227233886718693157e-01,-2.885983908056743985e-01,-9.559570312499658939e-01,0.000000000000000000e+00,3.315935350452908770e-05,9.997934103012084961e-05
-5.867469482421874716e+01,5.621277674290495696e+01,5.022743164062500227e+02,0.000000000000000000e+00,5.054210197489645250e-03,1.520100533962249686e-02,-1.069537353515627842e+00,-5.326883069946504179e-01,-1.327441406250045475e+00,0.000000000000000000e+00,3.397180550390038745e-05,1.024335622787485994e-04
-5.974423217773437500e+01,5.568008843591030654e+01,5.009468749999999773e+02,0.000000000000000000e+00,5.088182002993545637e-03,1.530343890190124546e-02,-2.304431152343752842e+00,-3.644448471141416235e+00,-4.438500976562465894e+00,0.000000000000000000e+00,3.631559788038699749e-05,1.095041632652275776e-04
-6.204866333007812784e+01,5.203563996476889031e+01,4.965083740234375114e+02,0.000000000000000000e+00,5.124497600873932635e-03,1.541294306516647304e-02,-2.033050537109375000e+00,-3.538853502297072851e+00,-4.298657226562511369e+00,0.000000000000000000e+00,3.268265110813010910e-05,9.855329990387032280e-05
-6.408171386718750284e+01,4.849678646247181746e+01,4.922097167968750000e+02,0.000000000000000000e+00,5.157180251982062744e-03,1.551149636507034336e-02,-1.289587402343741473e+00,-1.898354624687470960e+00,-2.711401367187477263e+00,0.000000000000000000e+00,3.166020703601959974e-05,9.547322988510097141e-05
-6.537130126953124432e+01,4.659843183778434650e+01,4.894983154296875227e+02,0.000000000000000000e+00,5.188840459018082343e-03,1.560696959495544434e-02,-8.540161132812613687e-01,-8.105428960575977726e-01,-1.747998046875011369e+00,0.000000000000000000e+00,3.322309036323748549e-05,1.001894474029554893e-04
-6.622531738281250568e+01,4.578788894172674873e+01,4.877503173828125114e+02,0.000000000000000000e+00,5.222063549381319829e-03,1.570715904235839983e-02,-3.836120605468664735e-01,1.727004431287610942e-01,-8.122802734374658939e-01,0.000000000000000000e+00,3.102001912207857925e-05,9.354799985885481339e-05
-6.660892944335937216e+01,4.596058938485550982e+01,4.869380371093750455e+02,0.000000000000000000e+00,5.253083568503398408e-03,1.580070704221725464e-02,-5.253906250000000000e-01,8.687722349564808155e-02,-1.308105468750000000e+00,0.000000000000000000e+00,3.489627873032828675e-05,1.052424311637871479e-04
-6.713432006835937216e+01,4.604746660835115790e+01,4.856299316406250455e+02,0.000000000000000000e+00,5.287979847233726695e-03,1.590594947338104179e-02,-6.102478027343778422e-01,-2.585787199891527166e-01,-1.692504882812556843e+00,0.000000000000000000e+00,3.489506102255339470e-05,1.052424311637871479e-04
-6.774456787109375000e+01,4.578888788836200519e+01,4.839374267578124886e+02,0.000000000000000000e+00,5.322874908256280090e-03,1.601119190454482893e-02,-7.050598144531221578e-01,-4.982747998078878027e-01,-1.944677734374977263e+00,0.000000000000000000e+00,3.489384339997857881e-05,1.052424311637906174e-04
-6.844962768554687216e+01,4.529061308855411738e+01,4.819927490234375114e+02,0.000000000000000000e+00,5.357768751656258668e-03,1.611643433570861955e-02,-7.306213378906250000e-01,-3.276257494376366708e-01,-2.179931640625056843e+00,0.000000000000000000e+00,3.925407217539311766e-05,1.183971762657165527e-04
-6.918024902343749716e+01,4.496298733911648071e+01,4.798128173828124545e+02,0.000000000000000000e+00,5.397022823831651786e-03,1.623483151197433610e-02,-4.195312500000056843e-01,-1.122204872108483187e-01,-1.482519531249977263e+00,0.000000000000000000e+00,2.616864893543058984e-05,7.893145084381103516e-05
-6.959978027343750284e+01,4.485076685190563239e+01,4.783302978515624773e+02,0.000000000000000000e+00,5.423191472767082376e-03,1.631376296281814714e-02,-8.970703124999914735e-01,-2.134959718133799811e-01,-2.671435546874988631e+00,0.000000000000000000e+00,3.925187470132669026e-05,1.183971762657165527e-04
-7.049685058593749432e+01,4.463727088009225241e+01,4.756588623046874886e+02,0.000000000000000000e+00,5.462443347468409066e-03,1.643216013908386369e-02,-5.976684570312613687e-01,-1.236331310501554981e-01,-1.778051757812534106e+00,0.000000000000000000e+00,2.616656655705668771e-05,7.893145084381103516e-05
-7.109451904296875568e+01,4.451363774904209691e+01,4.738808105468749545e+02,0.000000000000000000e+00,5.488609914025465754e-03,1.651109158992767473e-02,-9.523864746093693157e-01,-5.696215626418350553e-01,-2.896215820312477263e+00,0.000000000000000000e+00,3.924930703924547210e-05,1.183971762657165527e-04
-7.204690551757812500e+01,4.394401618640026186e+01,4.709845947265624773e+02,0.000000000000000000e+00,5.527859221064711226e-03,1.662948876619339128e-02,-1.212060546874994316e+00,-2.237963868530705724e+00,-4.185327148437465894e+00,0.000000000000000000e+00,2.461927070770107695e-05,7.426887750625402185e-05
-7.325896606445311932e+01,4.170605231786955613e+01,4.667992675781250114e+02,0.000000000000000000e+00,5.552478491772412303e-03,1.670375764369964530e-02,-6.522253417968755684e+00,-5.549731985487525776e+00,-1.608955078125001137e+01,0.000000000000000000e+00,3.295095283985249868e-05,9.940564632415771484e-05
-7.978121948242187500e+01,3.615632033238203036e+01,4.507097167968750000e+02,0.000000000000000000e+00,5.585429444612264802e-03,1.680316329002380302e-02,-7.901611328125000000e-01,-1.156801669998031912e+00,-3.107885742187477263e+00,0.000000000000000000e+00,3.363073907056059880e-05,1.014575362205498432e-04
-8.057138061523437500e+01,3.499951866238399845e+01,4.476018310546875227e+02,0.000000000000000000e+00,5.619060183682825400e-03,1.690462082624435286e-02,-5.581903076171869316e+00,-1.588527871595424301e+00,-1.225432128906254547e+01,0.000000000000000000e+00,3.167818526161013393e-05,9.557157754898348845e-05
-8.615328369140624432e+01,3.341099079078857415e+01,4.353475097656249773e+02,0.000000000000000000e+00,5.650738368944435534e-03,1.700019240379333635e-02,2.546386718749715783e-02,8.462208169933234103e-01,-1.056958007812454525e+00,0.000000000000000000e+00,3.405896777063880526e-05,1.027584075927734375e-04
-8.612781982421874716e+01,3.425721160778189756e+01,4.342905517578125227e+02,0.000000000000000000e+00,5.684797336715074340e-03,1.710295081138610979e-02,-1.928039550781335265e-01,1.969575956121545346e-01,-1.855126953125022737e+00,0.000000000000000000e+00,3.235542648219198042e-05,9.762048721313407174e-05
-8.632062377929688068e+01,3.445416920339405209e+01,4.324354248046875000e+02,0.000000000000000000e+00,5.717152763197266320e-03,1.720057129859924386e-02,-4.062438964843693157e-01,-3.869102835320390454e-01,-2.781787109374988631e+00,0.000000000000000000e+00,3.405670587877489275e-05,1.027584075927734375e-04
-8.672686767578125000e+01,3.406725891986201304e+01,4.296536376953125114e+02,0.000000000000000000e+00,5.751209469076041213e-03,1.730332970619201730e-02,-4.189636230468778422e-01,-2.222838236834192571e-01,-2.356079101562500000e+00,0.000000000000000000e+00,3.235290741464454112e-05,9.762048721313407174e-05
-8.714583129882812784e+01,3.384497509617859379e+01,4.272975585937500114e+02,0.000000000000000000e+00,5.783562376490685754e-03,1.740095019340515137e-02,-2.782775878906278422e-01,1.998331720113952770e-01,-1.967651367187556843e+00,0.000000000000000000e+00,3.405481466789254952e-05,1.027584075927734375e-04
-8.742410888671875568e+01,3.404480826818998906e+01,4.253299072265624545e+02,0.000000000000000000e+00,5.817617191158578303e-03,1.750370860099792480e-02,-1.203063964843664735e-01,5.102233896605739005e-01,-1.531176757812431788e+00,0.000000000000000000e+00,3.235075903784776635e-05,9.762048721313407174e-05
-8.754441528320312216e+01,3.455503165785056296e+01,4.237987304687500227e+02,0.000000000000000000e+00,5.849967950196426070e-03,1.760132908821105888e-02,-8.461914062500852651e-02,6.472430003738551818e-01,-1.645629882812500000e+00,0.000000000000000000e+00,3.405218300838765144e-05,1.027569174766561344e-04
-8.762903442382813068e+01,3.520227465822441815e+01,4.221531005859375227e+02,0.000000000000000000e+00,5.884020133204813721e-03,1.770408600568771501e-02,-6.004638671873863132e-02,6.542252781183606203e-01,-1.571752929687477263e+00,0.000000000000000000e+00,3.234898128994141697e-05,9.762048721313407174e-05
-8.768908081054686932e+01,3.585649993634277877e+01,4.205813476562500455e+02,0.000000000000000000e+00,5.916369114494755138e-03,1.780170649290084908e-02,-5.697631835937500000e-02,6.841759315729092350e-01,-1.698022460937522737e+00,0.000000000000000000e+00,3.404992201712971761e-05,1.027584075927734375e-04
-8.774605712890624432e+01,3.654067586791568800e+01,4.188833251953125227e+02,0.000000000000000000e+00,5.950419036511884856e-03,1.790446490049362252e-02,-3.776245117188636868e-02,5.040533867739540597e-01,-1.793188476562477263e+00,0.000000000000000000e+00,3.234646315230984420e-05,9.762048721313407174e-05
-8.778381958007813068e+01,3.704472925468964206e+01,4.170901367187500455e+02,0.000000000000000000e+00,5.982765499664194700e-03,1.800208538770675659e-02,-1.347045898437215783e-02,4.838099401765205698e-01,-1.944958496093818212e+00,0.000000000000000000e+00,3.404803163334097632e-05,1.027584075927734375e-04
-8.779729003906250284e+01,3.752853919486616263e+01,4.151451782226562273e+02,0.000000000000000000e+00,6.016813531297535676e-03,1.810484379529953003e-02,4.055786132812500000e-02,4.354942729695778780e-01,-1.938867187500022737e+00,0.000000000000000000e+00,3.192219366856229035e-05,9.634643793106009713e-05
-8.775673217773437784e+01,3.796403346783574051e+01,4.132063110351562045e+02,0.000000000000000000e+00,6.048735724966097967e-03,1.820119023323059013e-02,4.605102539062500000e-02,5.078894953592012484e-01,-1.995959472656181788e+00,0.000000000000000000e+00,3.332783200524474382e-05,1.005902886390686035e-04
-8.771068115234375284e+01,3.847192296319494176e+01,4.112103515625000227e+02,0.000000000000000000e+00,6.082063556971342710e-03,1.830178052186965873e-02,4.449462890633526513e-03,3.957005059856086859e-01,-2.008178710937500000e+00,0.000000000000000000e+00,3.309308858532970798e-05,9.988695383071968803e-05
-8.770623168945311932e+01,3.886762346918055044e+01,4.092021728515625227e+02,0.000000000000000000e+00,6.115156645556672418e-03,1.840166747570037842e-02,-4.184814453125085265e-01,-1.004435711578182122e+00,-3.189343261718818212e+00,0.000000000000000000e+00,3.309236371480239053e-05,9.988695383071968803e-05
-8.812471313476562784e+01,3.786318775760236832e+01,4.060128295898437045e+02,0.000000000000000000e+00,6.148249009271474809e-03,1.850155442953109811e-02,-2.894409179687471578e-01,-1.790021207317948893e-01,-2.387707519531204525e+00,0.000000000000000000e+00,3.309089841301276341e-05,9.988695383071968803e-05
-8.841415405273437500e+01,3.768418563687057343e+01,4.036251220703125000e+02,0.000000000000000000e+00,6.181339907684487572e-03,1.860144138336181779e-02,-2.617614746093721578e-01,-1.189729394481133795e-01,-2.418090820312500000e+00,0.000000000000000000e+00,3.279436691823196109e-05,9.899586439132690430e-05
-8.867591552734374716e+01,3.756521269742246005e+01,4.012070312500000000e+02,0.000000000000000000e+00,6.214134274602719533e-03,1.870043724775314470e-02,-3.225158691406306843e-01,-1.345487655918873315e-01,-2.267236328125022737e+00,0.000000000000000000e+00,3.578494692010793926e-05,1.080244779586778114e-04
-8.899843139648437784e+01,3.743066393183057272e+01,3.989397949218749773e+02,0.000000000000000000e+00,6.249919221522827473e-03,1.880846172571182251e-02,-3.135070800781250000e-01,-8.793743861890845892e-02,-1.978979492187477263e+00,0.000000000000000000e+00,3.365060188104118666e-05,1.015871763229356239e-04
-8.931193847656250284e+01,3.734272649321166426e+01,3.969608154296875000e+02,0.000000000000000000e+00,6.283569823403868659e-03,1.891004890203475813e-02,-3.157043457031250000e-01,-3.253239195937709383e-01,-2.201538085937500000e+00,0.000000000000000000e+00,3.364946955635751691e-05,1.015871763229390934e-04
-8.962764282226562784e+01,3.701740257361789332e+01,3.947592773437500000e+02,0.000000000000000000e+00,6.317219292960226176e-03,1.901163607835769723e-02,-2.940734863281164735e-01,-5.398201071949486618e-01,-2.296520996093761369e+00,0.000000000000000000e+00,3.364907764890050917e-05,1.015871763229356239e-04
-8.992171630859374432e+01,3.647758246642294466e+01,3.924627563476562386e+02,0.000000000000000000e+00,6.350868370609126685e-03,1.911322325468063285e-02,-2.769409179687585265e-01,-6.041870219789231555e-01,-1.949255371093784106e+00,0.000000000000000000e+00,3.196446456786745938e-05,9.650737047195434570e-05
-9.019865722656250284e+01,3.587339544444402151e+01,3.905135009765624545e+02,0.000000000000000000e+00,6.382832835176994145e-03,1.920973062515258720e-02,-2.467529296875028422e-01,-2.944307074888428133e-01,-1.525488281249977263e+00,0.000000000000000000e+00,3.028223387554259544e-05,9.142905473709037056e-05
-9.044541015625000568e+01,3.557896473695517869e+01,3.889880126953124773e+02,0.000000000000000000e+00,6.413115069052536740e-03,1.930115967988967757e-02,-3.279541015624971578e-01,-4.006685697943339619e-01,-2.342480468749954525e+00,0.000000000000000000e+00,4.542052108987178205e-05,1.371413469314596012e-04
-9.077336425781250284e+01,3.517829616716084473e+01,3.866455322265625227e+02,0.000000000000000000e+00,6.458535590142408522e-03,1.943830102682113717e-02,-2.374816894531193157e-01,-4.518629843730721518e-01,-1.425305175781318212e+00,0.000000000000000000e+00,2.270948693423955472e-05,6.857216358184883842e-05
-9.101084594726562216e+01,3.472643318278777258e+01,3.852202270507812045e+02,0.000000000000000000e+00,6.481245077076648077e-03,1.950687319040298601e-02,-8.671203613281335265e-01,-1.964785306146183075e+00,-3.630859374999943157e+00,0.000000000000000000e+00,4.541816697619348309e-05,1.371413469314561318e-04
-9.187796630859375568e+01,3.276164787664158951e+01,3.815893676757812614e+02,0.000000000000000000e+00,6.526663244052841560e-03,1.964401453733444214e-02,-1.028124999999988631e+00,-2.377798847066006971e+00,-2.886230468750056843e+00,0.000000000000000000e+00,2.270793986043889018e-05,6.857216358184883842e-05
-9.290609130859374432e+01,3.038384902957558253e+01,3.787031372070312045e+02,0.000000000000000000e+00,6.549371183913280450e-03,1.971258670091629098e-02,-2.995361328125056843e-01,-6.350881909599053188e-01,-1.901049804687431788e+00,0.000000000000000000e+00,4.541507298894912475e-05,1.371428370475769043e-04
-9.320562744140625000e+01,2.974876083861567722e+01,3.768020874023437727e+02,0.000000000000000000e+00,6.594786256902229575e-03,1.984972953796386788e-02,-1.103759765624943157e-01,-2.970800210098438754e-01,-9.526245117187954747e-01,0.000000000000000000e+00,2.270639299741146477e-05,6.857067346572806588e-05
-9.331600341796874432e+01,2.945168081760583334e+01,3.758494628906249773e+02,0.000000000000000000e+00,6.617492649899641040e-03,1.991830021142959595e-02,-1.311645507812500000e-01,-3.063029136373245365e-01,-1.114343261718772737e+00,0.000000000000000000e+00,2.705337465577512673e-05,8.170008659362862358e-05
