Sigma_1,Sigma_2,Sigma_12,Epsilon_1,Epsilon_2,Epsilon_12,dSigma_1,dSigma_2,dSigma_12,dEpsilon_1,dEpsilon_2,dEpsilon_12
-0.000000000000000000e+00,-0.000000000000000000e+00,-0.000000000000000000e+00,0.000000000000000000e+00,0.000000000000000000e+00,0.000000000000000000e+00,1.019993845082701966e+01,1.434161897108347716e+01,1.025562810897826971e+00,1.333241062473146973e-04,1.999800121638574792e-04,-2.777022177899261225e-37
1.019993845082701966e+01,1.434161897108347716e+01,1.025562810897826971e+00,1.333241062473146973e-04,1.999800121638574792e-04,-2.777022177899261225e-37,5.097451767619348928e+00,7.168341603313418631e+00,5.118150234222413886e-01,6.665539379159600257e-05,9.997499944099476950e-05,-1.385096673901068464e-37
1.529739021844636859e+01,2.150996057439689579e+01,1.537377834320068359e+00,1.999795000389106999e-04,2.999550116048522487e-04,-4.162118851800329689e-37,5.096854461332208430e+00,7.167402391235615511e+00,5.115580558776855469e-01,6.665093950772614040e-05,9.996502871346707886e-05,-1.384384948805845201e-37
2.039424467977857702e+01,2.867736296563251130e+01,2.048935890197753906e+00,2.666304395466368403e-04,3.999200403183193276e-04,-5.546503800606174891e-37,5.096254610896941983e+00,7.166468572358219546e+00,5.112989425659177911e-01,6.664652073144885841e-05,9.995499016253158245e-05,-1.383662461738413419e-37
2.549049929067551901e+01,3.584383153799073085e+01,2.560234832763671697e+00,3.332769602780856987e-04,4.998750304808509100e-04,-6.930166262344588309e-37,5.095656030146251680e+00,7.165527939772509569e+00,5.110399246215822089e-01,6.664205599510791356e-05,9.994504669895497122e-05,-1.382939974670983306e-37
3.058615532082177069e+01,4.300935947776324042e+01,3.071274757385253906e+00,3.999190162731936123e-04,5.998200771798058812e-04,-8.313106237015571615e-37,5.095060247620768479e+00,7.164592702275172087e+00,5.107808113098144531e-01,6.663761512720566124e-05,9.993505868506125708e-05,-1.382218922533181999e-37
3.568121556844253917e+01,5.017395218003841251e+01,3.582055568695068359e+00,4.665566314003992735e-04,6.997551358648671383e-04,-9.695325159548753614e-37,5.094456576810657111e+00,7.163653701044808031e+00,5.105223655700683594e-01,6.663317485134360616e-05,9.992507266705201192e-05,-1.381497152930562948e-37
4.077567214525319628e+01,5.733760588108322054e+01,4.092577934265136719e+00,5.331898062517428797e-04,7.996802085319191502e-04,-1.107682231247931656e-36,5.093861812554848711e+00,7.162713983363445891e+00,5.102634429931640625e-01,6.662878170556475309e-05,9.991499559590334614e-05,-1.380776100792761641e-37
4.586953395780804499e+01,6.450031986444666643e+01,4.602841377258300781e+00,5.998185879573076328e-04,8.995952041278224964e-04,-1.245759841327207820e-36,5.093260682165961839e+00,7.161779676189482302e+00,5.100052833557136012e-01,6.662429607150047780e-05,9.990510662625400919e-05,-1.380055048654956992e-37
5.096279463997400683e+01,7.166209954063614873e+01,5.112846660614014382e+00,6.664428840288081106e-04,9.995003107540765055e-04,-1.383765346192703519e-36,5.092662351933981313e+00,7.160844655061538333e+00,5.097467422485344457e-01,6.661985757060564020e-05,9.989512659297180089e-05,-1.379334713981970087e-37
5.605545699190798814e+01,7.882294419569768706e+01,5.622593402862548828e+00,7.330627415994137508e-04,1.099395437347048306e-03,-1.521698817590900528e-36,5.092060712376479614e+00,7.159902814475458399e+00,5.094882011413579548e-01,6.661541966061226231e-05,9.988514855340403092e-05,-1.378615814238606976e-37
6.114751770428446775e+01,8.598284701017314546e+01,6.132081604003906783e+00,7.996781612600260131e-04,1.199280585900452337e-03,-1.659560399014761226e-36,5.091461871485037705e+00,7.158966374890241013e+00,5.092306137084960938e-01,6.661098234228991083e-05,9.987517250695308706e-05,-1.377896914495243865e-37
6.623897957576950546e+01,9.314181338506338648e+01,6.641312217712402877e+00,8.662891436023159239e-04,1.299155758407405424e-03,-1.797350090464285612e-36,5.090862775467272172e+00,7.158035338747268383e+00,5.089719772338865411e-01,6.660654561463244614e-05,9.986519845280017980e-05,-1.377176579822255289e-37
7.132984235123677763e+01,1.002998487238106549e+02,7.150284194946289418e+00,9.328956892169483700e-04,1.399020956860205604e-03,-1.935067748446511141e-36,5.090263424323268282e+00,7.157091360482596087e+00,5.087148666381828832e-01,6.660210947818793244e-05,9.985513339833408490e-05,-1.376459115008524324e-37
7.642010577556004591e+01,1.074569400842932509e+02,7.658999061584472301e+00,9.994977986951363025e-04,1.498876090258539689e-03,-2.072713659947363574e-36,5.089663818052983402e+00,7.156165041590455189e+00,5.084566116333011365e-01,6.659767393283775802e-05,9.984534931301090703e-05,-1.375741650194786677e-37
8.150976959361302931e+01,1.146131051258837061e+02,8.167455673217773438e+00,1.066095472627974061e-03,1.598721439571550596e-03,-2.210287824966842241e-36,5.089063964712408961e+00,7.155219646089221897e+00,5.081993103027340197e-01,6.659333200475917904e-05,9.983528824037877190e-05,-1.375022750451423565e-37
8.659883355832543828e+01,1.217683247719729280e+02,8.675654983520507457e+00,1.132688804632733240e-03,1.698556727811929368e-03,-2.347790100011984598e-36,5.088463840606294752e+00,7.154285755164679017e+00,5.079414367675791908e-01,6.658880460742389387e-05,9.982513622067449785e-05,-1.374305285637692600e-37
9.168729739893173303e+01,1.289226105271376071e+02,9.183596420288086648e+00,1.199277609240157133e-03,1.798381864032603866e-03,-2.485220628575753858e-36,5.087863468957024793e+00,7.153338973841982806e+00,5.076843261718746447e-01,6.658437083376296008e-05,9.981535806883657692e-05,-1.373589255753583758e-37
9.677516086788875782e+01,1.360759495009795899e+02,9.691280746459961293e+00,1.265861980073920093e-03,1.898197222101440443e-03,-2.622579554151112234e-36,5.087262842181502265e+00,7.152415922317885588e+00,5.074274063110362221e-01,6.657993765072441235e-05,9.980539595727186408e-05,-1.372874660799107061e-37
1.018624237100702601e+02,1.432283654232974754e+02,1.019870815277099751e+01,1.332441917724644506e-03,1.998002618058712307e-03,-2.759867020231022940e-36,5.086668072340174263e+00,7.151479935002697630e+00,5.071697235107404111e-01,6.657550505752523988e-05,9.979543583449714331e-05,-1.372157195985369414e-37
1.069490917824104343e+02,1.503798453583001731e+02,1.070587787628173793e+01,1.399017422782169746e-03,2.097798053893209450e-03,-2.897082739829559881e-36,5.085712413015215816e+00,7.150469837579947807e+00,5.068847656249992895e-01,6.657107305493435885e-05,9.978547769925192115e-05,-1.371413902438343345e-37
1.120348041954256502e+02,1.575303151958801209e+02,1.121276264190673722e+01,1.465588495837104105e-03,2.197583531592461371e-03,-3.034224130073394216e-36,5.083148741815705307e+00,7.149153133711791952e+00,5.064968109130862928e-01,6.656664164194736437e-05,9.977552155116279839e-05,-1.370656259595035909e-37
1.171179529372413555e+02,1.646794683295919128e+02,1.171925945281982351e+01,1.532155137479051469e-03,2.297359053143624170e-03,-3.171289756032897806e-36,5.081868212702630672e+00,7.148043627109132103e+00,5.061182022094730115e-01,6.656221081911134485e-05,9.976556738963563223e-05,-1.369545624063376539e-37
1.221998211499439861e+02,1.718275119567010449e+02,1.222537765502929652e+01,1.598717348298162814e-03,2.397124620533259802e-03,-3.308244318439235460e-36,5.079401237469255648e+00,7.146664136375392218e+00,5.057567596435550428e-01,6.655778058630812226e-05,9.975561521385336791e-05,-1.368902775590273273e-37
1.272792223874132418e+02,1.789741760930764372e+02,1.273113441467285156e+01,1.665275128884470936e-03,2.496880235747113170e-03,-3.445134595998262788e-36,5.076114346062681193e+00,7.144977837780317032e+00,5.051124572753913355e-01,6.655335094275576999e-05,9.974566502388756278e-05,-1.367123462852212193e-37
1.323553367334759230e+02,1.861191539308567542e+02,1.323624687194824290e+01,1.731828479827226706e-03,2.596625900771000733e-03,-3.581846942283484007e-36,5.072007320384642526e+00,7.142923409302170512e+00,5.045940399169914770e-01,6.654892188922212001e-05,9.973571681847880760e-05,-1.366228066764673115e-37
1.374273440538605655e+02,1.932620773401589247e+02,1.374084091186523438e+01,1.798377401716448826e-03,2.696361617589479540e-03,-3.718469748959951319e-36,5.069354688419593913e+00,7.141271900745749690e+00,5.040348052978522730e-01,6.654449342470385165e-05,9.972577059725457049e-05,-1.364669733189234184e-37
1.424966987422801594e+02,2.004033492409046744e+02,1.424487571716308665e+01,1.864921895141152678e-03,2.796087388186734111e-03,-3.854936722278874737e-36,5.064304188629535020e+00,7.138774706670517389e+00,5.035629272460937500e-01,6.654006554974783647e-05,9.971564063366786246e-05,-1.364333959656414547e-37
1.475610029309096944e+02,2.075421239475751918e+02,1.474843864440918040e+01,1.931461960690900514e-03,2.895803028820401973e-03,-3.991370118244516192e-36,5.062420490584287336e+00,7.137439563463118475e+00,5.033126831054683947e-01,6.653563826423633011e-05,9.970588412350385454e-05,-1.364049843590171752e-37
1.526234234214939818e+02,2.146795635110383103e+02,1.525175132751464879e+01,1.997997598955136844e-03,2.995508912943905828e-03,-4.127775102603533367e-36,5.060548514545416765e+00,7.135601519262280590e+00,5.029151916503895592e-01,6.653121156738718914e-05,9.969594385104973977e-05,-1.363045392850943723e-37
1.576839719360393985e+02,2.218151650303005908e+02,1.575466651916503835e+01,2.064528810522524033e-03,3.095204856794955568e-03,-4.264079641888627739e-36,5.058211173927190885e+00,7.133860512199305504e+00,5.026786804199225855e-01,6.652678545996824552e-05,9.968619123126333526e-05,-1.362976516228827903e-37
1.627421831099665894e+02,2.289490255424998963e+02,1.625734519958496094e+01,2.131055595982492279e-03,3.194891048026218903e-03,-4.400377293511510529e-36,5.054894552978510092e+00,7.131506067062076681e+00,5.018630981445326711e-01,6.652254579665511577e-05,9.967588358123337725e-05,-1.360330505995777117e-37
1.677970776629450995e+02,2.360805316095619730e+02,1.675920829772949361e+01,2.197578141779147395e-03,3.294566931607452280e-03,-4.536410344111088241e-36,5.049252481612171550e+00,7.127729836591612411e+00,5.010501861572258520e-01,6.651793499859795511e-05,9.966632055647848751e-05,-1.358453618043044163e-37
1.728463301445572711e+02,2.432082614461535854e+02,1.726025848388671946e+01,2.264096076777745350e-03,3.394233252163930768e-03,-4.672255705915392657e-36,5.044257662987547519e+00,7.125029853950394454e+00,5.003097534179694605e-01,6.651351065743976027e-05,9.965601694112693684e-05,-1.356711613475298603e-37
1.778905878075448186e+02,2.503332913001039799e+02,1.776056823730468892e+01,2.330609587435185110e-03,3.493889269105057704e-03,-4.807926867262922518e-36,5.038307280406627342e+00,7.120858611312854691e+00,5.003765106201143453e-01,6.650908690435542586e-05,9.964608660902344803e-05,-1.359268658071450344e-37
1.829288950879514459e+02,2.574541499114168346e+02,1.826094474792480327e+01,2.397118674339540536e-03,3.593535355714081152e-03,-4.943853733070067552e-36,5.033040856972093025e+00,7.113206172929551485e+00,5.044338226318387797e-01,6.650466373989399188e-05,9.963652941138122221e-05,-1.381418231801050504e-37
1.879619359449235390e+02,2.645673560843463861e+02,1.876537857055664205e+01,2.463623338079434528e-03,3.693171885125462375e-03,-5.081995556250172603e-36,5.027467300567479924e+00,7.104006900161948579e+00,5.062885284423828125e-01,6.650024116393662976e-05,9.962623184377097235e-05,-1.392444231058524669e-37
1.929894032454910189e+02,2.716713629845083346e+02,1.927166709899902486e+01,2.530123579243371158e-03,3.792798116969233347e-03,-5.221239979356025069e-36,5.020693099642500101e+00,7.086961686272672978e+00,5.047363281249985789e-01,6.649581917570141290e-05,9.961667852832105721e-05,-1.386182198164246298e-37
1.980100963451335190e+02,2.787583246707810076e+02,1.977640342712402344e+01,2.596619398419072570e-03,3.892414795497554404e-03,-5.359858199172449699e-36,5.012069237275397882e+00,7.069101866265839362e+00,5.029869079589843750e-01,6.649139777595855852e-05,9.960638498917890465e-05,-1.379782412025736285e-37
2.030221655824089169e+02,2.858274265370468470e+02,2.027939033508300781e+01,2.663110796195031129e-03,3.992021180486733309e-03,-5.497836440375023328e-36,4.999465392843802647e+00,7.047951601454201409e+00,5.005161285400383520e-01,6.648697696370322804e-05,9.959683555314444159e-05,-1.371172834260931291e-37
2.080216309752527195e+02,2.928753781385010484e+02,2.077990646362304616e+01,2.729597773158734357e-03,4.091618016039877750e-03,-5.634953723801116457e-36,4.984373936131845539e+00,7.022062679549378572e+00,5.001724243164069605e-01,6.648255673948272673e-05,9.958654604051968978e-05,-1.374209145352649530e-37
2.130060049113845650e+02,2.998974408180504270e+02,2.128007888793945312e+01,2.796080329898217084e-03,4.191204562080397440e-03,-5.772374638336381410e-36,4.969683324151844772e+00,6.993517769053880784e+00,4.982715606689467336e-01,6.647813710318082811e-05,9.957700048201113124e-05,-1.369514055611576239e-37
2.179756882355364098e+02,3.068909585871043078e+02,2.177835044860839986e+01,2.862558467001397912e-03,4.290781562562408571e-03,-5.909326043897539034e-36,4.951806512658862403e+00,6.955719090992658948e+00,4.969722747802727270e-01,6.647371805401560557e-05,9.956671499307227780e-05,-1.368968782353138166e-37
2.229274947481952722e+02,3.138466776780969667e+02,2.227532272338867259e+01,2.929032185055413517e-03,4.390348277555480849e-03,-6.046222922132852850e-36,4.932946512706479325e+00,6.915628213963827875e+00,4.941955566406228684e-01,6.646929959275467426e-05,9.955717330953697819e-05,-1.361771175341747586e-37
2.278604412609017515e+02,3.207623058920607946e+02,2.276951828002929545e+01,2.995501484648168192e-03,4.489905450865017827e-03,-6.182400039667027609e-36,4.913470397860038474e+00,6.881950624527064519e+00,4.901470184326193191e-01,6.646488171839623135e-05,9.954689184211475139e-05,-1.348047508384645793e-37
2.327739116587617900e+02,3.276442565165878591e+02,2.325966529846191477e+01,3.061966366366564423e-03,4.589452342707132579e-03,-6.317204790505492188e-36,4.894994426431225065e+00,6.845466401025078085e+00,4.874317169189446020e-01,6.646065011424234434e-05,9.953698324480144549e-05,-1.340488299107130450e-37
2.376689060851930151e+02,3.344897229176129372e+02,2.374709701538085938e+01,3.128427016480806767e-03,4.688989325951934024e-03,-6.451253620416205233e-36,4.875020485717385554e+00,6.810148502809170168e+00,4.786590576171860789e-01,6.645586204915556947e-05,9.952744736913595597e-05,-1.303524511903552351e-37
2.425439265709104006e+02,3.412998714204221073e+02,2.422575607299804545e+01,3.194882878529962337e-03,4.788516773321069980e-03,-6.581606071606560468e-36,4.848968145913573835e+00,6.762552558628669885e+00,4.661743164062528422e-01,6.645181727696260893e-05,9.951717192973382614e-05,-1.249858143836226237e-37
2.473928947168239745e+02,3.480624239790507772e+02,2.469193038940429830e+01,3.261334695806924946e-03,4.888033945250803806e-03,-6.706591885990183092e-36,4.816076073477290720e+00,6.701962643929448404e+00,4.434219360351576711e-01,6.644703043510091431e-05,9.950763992344451025e-05,-1.147134401664992501e-37
2.522089707903012652e+02,3.547643866229802256e+02,2.513535232543945597e+01,3.327781726242025860e-03,4.987541585174248317e-03,-6.821305326156682342e-36,4.779894894591535603e+00,6.635980034623344181e+00,4.223709106445276973e-01,6.644298678719698370e-05,9.949736849937558525e-05,-1.052474964000145733e-37
2.569888656848928008e+02,3.614003666576035698e+02,2.555772323608398366e+01,3.394224713029222844e-03,5.087038953673623902e-03,-6.926552822556696915e-36,4.739908889666310188e+00,6.563081575029741543e+00,4.026695251464857961e-01,6.643820116785737265e-05,9.948784035969555906e-05,-9.636356009043196756e-38
2.617287745745591110e+02,3.679634482326333114e+02,2.596039276123046946e+01,3.460662914197080216e-03,5.186526794033319461e-03,-7.022916382647128883e-36,4.703345027170996673e+00,6.481595030188429973e+00,3.917381286621086645e-01,6.643415864423032891e-05,9.947757294902128539e-05,-9.171725795668726332e-38
2.664321196017301077e+02,3.744450432628217413e+02,2.635213088989257812e+01,3.527097072841310545e-03,5.286004366982340746e-03,-7.114633640603816146e-36,4.658516398395306624e+00,6.393260296095490958e+00,3.794486999511725855e-01,6.642937424693271670e-05,9.946804867407097600e-05,-8.672772065605447242e-38
2.710906360001254143e+02,3.808383035589172323e+02,2.673157958984375071e+01,3.593526447088243262e-03,5.385472415656411722e-03,-7.201361361259870619e-36,4.618726649133577666e+00,6.337793316814156697e+00,3.749473571777350855e-01,6.642533284646453054e-05,9.945778527396722385e-05,-8.530025266264762741e-38
2.757093626492589920e+02,3.871760968757313890e+02,2.710652694702148580e+01,3.659951779934707793e-03,5.484930200930378946e-03,-7.286661613922518246e-36,4.582653436812961445e+00,6.292203660652262442e+00,3.762573242187485789e-01,6.642054967139106314e-05,9.944826486120526138e-05,-8.658881946811444160e-38
2.802920160860719534e+02,3.934683005363836514e+02,2.748278427124023438e+01,3.726372329606098856e-03,5.584378465791584208e-03,-7.373250433390632688e-36,4.547945504096958302e+00,6.245494845660232386e+00,3.874755859375014211e-01,6.641650939362810438e-05,9.943800546951576946e-05,-9.278828943063037038e-38
2.848399615901689117e+02,3.997137953820438838e+02,2.787025985717773580e+01,3.792788838999726960e-03,5.683816471261099977e-03,-7.466038722821263058e-36,4.511857851590377777e+00,6.200122431461977612e+00,3.976905822753877828e-01,6.641172743985634258e-05,9.942811853571372621e-05,-9.837647937184467016e-38
2.893518194417592895e+02,4.059139178135058614e+02,2.826795043945312358e+01,3.859200566439583303e-03,5.783244589796813703e-03,-7.564415202193107728e-36,4.479194515339031568e+00,6.154785384738204357e+00,4.052658081054723027e-01,6.640768828456529091e-05,9.941860391166155303e-05,-1.025699177151581420e-37
2.938310139570983210e+02,4.120687031982440658e+02,2.867321624755859588e+01,3.925608254724148594e-03,5.882663193708475256e-03,-7.666985119908265870e-36,4.446083125793222735e+00,6.110416570226959720e+00,4.134597778320312500e-01,6.640290755161558367e-05,9.940835052835682306e-05,-1.069453051352357031e-37
2.982770970828915438e+02,4.181791197684710255e+02,2.908667602539062713e+01,3.992011162275764177e-03,5.982071544236832079e-03,-7.773930425043501573e-36,4.418064018087704881e+00,6.072912106136300281e+00,4.198242187499978684e-01,6.639886951834237522e-05,9.939883976092106499e-05,-1.103036144353637788e-37
3.026951611009792487e+02,4.242520318746073258e+02,2.950650024414062500e+01,4.058410031794106552e-03,6.081470383997753144e-03,-7.884234039478865352e-36,4.397810235843621740e+00,6.042814546904253348e+00,4.226440429687485789e-01,6.639409000551432793e-05,9.938859037987232692e-05,-1.118315275026920903e-37
3.070929713368228704e+02,4.302948464215115791e+02,2.992914428710937358e+01,4.124804121799620880e-03,6.180858974377625471e-03,-7.996065566981557442e-36,4.384172011804935210e+00,6.019783519883389999e+00,4.223594665527343750e-01,6.639005309424725332e-05,9.937908346629650835e-05,-1.118011069945894884e-37
3.114771433486278056e+02,4.363146299413949691e+02,3.035150375366210795e+01,4.191194174893868134e-03,6.280238057843921980e-03,-8.107866673976146931e-36,4.372933512698239156e+00,5.996302848455286494e+00,4.203361511230490066e-01,6.638527480106164863e-05,9.936920824566916610e-05,-1.108758643707966578e-37
3.158500768613260448e+02,4.423109327898502556e+02,3.077183990478515696e+01,4.257579449694929782e-03,6.379607266089591146e-03,-8.218742538346943589e-36,4.343646278403866745e+00,5.971684144976677544e+00,4.159721374511740066e-01,6.638123901068441329e-05,9.935859474057701091e-05,-1.094225676440980506e-37
3.201937231397299115e+02,4.482826169348269332e+02,3.118781204223633097e+01,4.323960688705614196e-03,6.478965860830168157e-03,-8.328165105991041639e-36,4.310552151256729303e+00,5.947943117394402179e+00,4.128479003906235789e-01,6.637683283449921645e-05,9.934946376409861668e-05,-1.087119904925753263e-37
3.245042752909866408e+02,4.542305600522213354e+02,3.160065994262695455e+01,4.390337521540113412e-03,6.578315324594266773e-03,-8.436877096483616966e-36,4.275587441581023995e+00,5.929306484026028556e+00,4.089942932128920461e-01,6.637205637021002108e-05,9.933959442865424039e-05,-1.077029479785391306e-37
3.287798627325676648e+02,4.601598665362473639e+02,3.200965423583984659e+01,4.456709577910323433e-03,6.677654919022921014e-03,-8.544580044462156096e-36,4.263178659180937302e+00,5.916219044983449749e+00,4.061637878417911907e-01,6.636802226065319915e-05,9.932972705362433374e-05,-1.065211399373551793e-37
3.330430413917486021e+02,4.660760855812308137e+02,3.241581802368163778e+01,4.523077600170976632e-03,6.776984646076545347e-03,-8.651101184399511276e-36,4.257781589273463396e+00,5.907945182470825785e+00,4.059982299804687500e-01,6.636324701547128418e-05,9.931912168674623953e-05,-1.065165481625483489e-37
3.373008229810220655e+02,4.719840307637016394e+02,3.282181625366210653e+01,4.589440847186447917e-03,6.876303767763291587e-03,-8.757617732562059624e-36,4.253389229206788968e+00,5.902127697707101106e+00,4.051948547363295461e-01,6.635921402567239447e-05,9.930999825706263162e-05,-1.061916800948889204e-37
3.415542122102288545e+02,4.778861584614087405e+02,3.322701110839843608e+01,4.655800061212120311e-03,6.975613766020354219e-03,-8.863809412656948545e-36,4.249756049374070699e+00,5.895422641468314850e+00,4.047996520996122172e-01,6.635443999867662174e-05,9.930013676086660301e-05,-1.060516309632485184e-37
3.458039682596029252e+02,4.837815811028770554e+02,3.363181076049804830e+01,4.722154501210796933e-03,7.074913902781220822e-03,-8.969861043620197063e-36,4.245239164454972070e+00,5.889059137062304217e+00,4.042984008789076711e-01,6.635040812840494601e-05,9.928953749058569422e-05,-1.058736996894424104e-37
3.500492074240578972e+02,4.896706402399393596e+02,3.403610916137695597e+01,4.788504909339201879e-03,7.174203440271806516e-03,-9.075734743309639474e-36,4.243076167023218659e+00,5.885202524661451662e+00,4.031990051269502828e-01,6.634563531911826656e-05,9.928041971579183722e-05,-1.053915633346129566e-37
3.542922835910811159e+02,4.955558427646008113e+02,3.443930816650390625e+01,4.854850544658320145e-03,7.273483859987598353e-03,-9.181126306644252430e-36,4.240863819715684713e+00,5.879278103180922699e+00,4.029701232910127828e-01,6.634160456792104199e-05,9.927056409229483708e-05,-1.053123552191764219e-37
3.585331474107968006e+02,5.014351208677817340e+02,3.484227828979491903e+01,4.921192149226241187e-03,7.372754424079893190e-03,-9.286438661863428852e-36,4.237816427893903892e+00,5.875909677791014474e+00,4.026504516601647765e-01,6.633683297564176018e-05,9.926071042579056453e-05,-1.052251114978265975e-37
3.627709638386907045e+02,5.073110305455727485e+02,3.524492874145508381e+01,4.987528982201882947e-03,7.472015134505683755e-03,-9.391663773361255450e-36,4.235602869522381297e+00,5.873129915899198750e+00,4.031448364257741446e-01,6.633280334351118052e-05,9.925011927653173971e-05,-1.055706425521207721e-37
3.670065667082130858e+02,5.131841604614719472e+02,3.564807357788085795e+01,5.053861785545394128e-03,7.571265253782215494e-03,-9.497234415913376222e-36,4.232922240526761470e+00,5.869316450630662985e+00,4.031082153320326711e-01,6.632803296776224738e-05,9.924100903304765992e-05,-1.056286137090697023e-37
3.712394889487398473e+02,5.190534769121026102e+02,3.605118179321289062e+01,5.120189818513156375e-03,7.670506262815263154e-03,-9.602863029622445924e-36,4.229701338286815826e+00,5.865451921720250539e+00,4.030059814453110789e-01,6.632400445358201807e-05,9.923116123247179010e-05,-1.056825670630633239e-37
3.754691902870266631e+02,5.249189288338228607e+02,3.645418777465820170e+01,5.186513822966738393e-03,7.769737424047734944e-03,-9.708545596685509248e-36,4.224417825351679312e+00,5.859912627180733580e+00,4.074882507324204539e-01,6.631923529454991639e-05,9.922131538589971933e-05,-1.081236693453131951e-37
3.796936081123783424e+02,5.307788414610035943e+02,3.686167602539062216e+01,5.252833058261288310e-03,7.868958739433634664e-03,-9.816669266030822443e-36,4.200921581446777964e+00,5.844527193802264264e+00,3.993629455566463093e-01,6.631520789786727460e-05,9.921073234855047607e-05,-1.049197584731015440e-37
3.838945296938251204e+02,5.366233686548058586e+02,3.726103897094726847e+01,5.319148266159155584e-03,7.968169471782185140e-03,-9.921589024503923987e-36,4.171038335936600561e+00,5.826381104116990173e+00,3.935028076171818157e-01,6.631043995463346830e-05,9.920162962685774577e-05,-1.030302431396498057e-37
3.880655680297617209e+02,5.424497497589228487e+02,3.765454177856445028e+01,5.385458706113789053e-03,8.067371101409042886e-03,-1.002461926764357379e-35,4.157031570925141750e+00,5.819600666983319570e+00,3.998428344726576711e-01,6.630641367521943053e-05,9.919178963989187803e-05,-1.066784082245265411e-37
3.922225996006868627e+02,5.482693504259061683e+02,3.805438461303710795e+01,5.451765119789008483e-03,8.166562891048934764e-03,-1.013129767586810033e-35,4.132710976919327095e+00,5.811931260849405589e+00,3.901115417480482961e-01,6.630164694730513592e-05,9.918121267944723929e-05,-1.026089478010255556e-37
3.963553105776061898e+02,5.540812816867555739e+02,3.844449615478515625e+01,5.518066766736313619e-03,8.265744103728382003e-03,-1.023390662366912589e-35,4.115677310723924620e+00,5.805244812866135362e+00,3.846054077148437500e-01,6.629762178470954143e-05,9.917211559391098108e-05,-1.004290027109749719e-37
4.004709878883301144e+02,5.598865264996217093e+02,3.882910156250000000e+01,5.584364388521023161e-03,8.364916219322292984e-03,-1.033433562638010086e-35,4.109123731680767833e+00,5.798949575918754817e+00,3.922821044921889211e-01,6.629285627141653231e-05,9.916228146044335501e-05,-1.045283096707283737e-37
4.045801116200108822e+02,5.656854760755404641e+02,3.922138366699218892e+01,5.650657244792439693e-03,8.464078500782736339e-03,-1.043886393605082923e-35,4.103796741537735215e+00,5.794474304788082009e+00,3.955711364746079539e-01,6.628883222562984012e-05,9.915244927757339843e-05,-1.063902743553297746e-37
4.086839083615486174e+02,5.714799503803285461e+02,3.961695480346679688e+01,5.716946077018069533e-03,8.563230950060309737e-03,-1.054525421040615901e-35,4.075582557465338596e+00,5.777782210782334005e+00,3.845321655273465922e-01,6.628443830739797621e-05,9.914188041192095735e-05,-1.018042392659414249e-37
4.127594909190139560e+02,5.772577325911108801e+02,4.000148696899414347e+01,5.783230515325467509e-03,8.662372830472230695e-03,-1.064705844967210043e-35,4.056178568831228404e+00,5.770444646955752432e+00,3.871742248535099407e-01,6.627967461547701333e-05,9.913279083276042847e-05,-1.037270449667493658e-37
4.168156694878451844e+02,5.830281772380666325e+02,4.038866119384765341e+01,5.849510189940944523e-03,8.761505621304991123e-03,-1.075078549463884980e-35,4.055533936658093808e+00,5.768769351398987055e+00,3.873161315918025593e-01,6.627565224339836830e-05,9.912296449664584341e-05,-1.038510228865618521e-37
4.208712034245032783e+02,5.887969465894656196e+02,4.077597732543945597e+01,5.915785842184342891e-03,8.860628585801636967e-03,-1.085463651752541165e-35,4.054643154413213324e+00,5.766354207207541549e+00,3.872428894042911907e-01,6.627088976490867062e-05,9.911314010815040765e-05,-1.038693899857945195e-37
4.249258465789164916e+02,5.945633007966731611e+02,4.116322021484374716e+01,5.982056731949251561e-03,8.959741725909787374e-03,-1.095850590751120617e-35,4.053948899573697418e+00,5.764873741839437571e+00,3.868721008300823883e-01,6.626686850785129534e-05,9.910257932822449933e-05,-1.037385244037691147e-37
4.289797954784901890e+02,6.003281745385125987e+02,4.155009231567382955e+01,6.048323600457102857e-03,9.058844305238011874e-03,-1.106224443191497529e-35,4.051288980260949302e+00,5.762358558163896305e+00,3.907264709472642039e-01,6.626210724297847826e-05,9.909349724595770126e-05,-1.057990833488140426e-37
4.330310844587511383e+02,6.060905330966764950e+02,4.194081878662109375e+01,6.114585707700081335e-03,9.157937802483969575e-03,-1.116804351526378933e-35,4.031383813983552500e+00,5.753139468655149358e+00,3.901458740234318157e-01,6.625808710049221201e-05,9.908367869792579496e-05,-1.062134910252267106e-37
4.370624682727346908e+02,6.118436725653316444e+02,4.233096466064452557e+01,6.180843794800573547e-03,9.257021481181895370e-03,-1.127425700628901604e-35,3.979291581801078337e+00,5.738199542428901623e+00,3.467872619628948883e-01,6.625369725724635644e-05,9.907312397528997283e-05,-8.615547072061892057e-38
4.410417598545357691e+02,6.175818721077605460e+02,4.267775192260742045e+01,6.247097492057819904e-03,9.356094605157185343e-03,-1.136041247700963496e-35,3.961388334752427909e+00,5.734445030547703936e+00,3.512870788574247172e-01,6.624893781124845116e-05,9.906404751053483893e-05,-8.905747239921197741e-38
4.450031481892881970e+02,6.233163171383082499e+02,4.302903900146484517e+01,6.313346429869068355e-03,9.455158652667720182e-03,-1.144946994940884694e-35,3.959992837165543733e+00,5.730639319934311970e+00,3.523315429687485789e-01,6.624454918022736061e-05,9.905423479688452160e-05,-8.974623862039691150e-38
4.489631410264537408e+02,6.290469564582425619e+02,4.338137054443359375e+01,6.379590979049295715e-03,9.554212887464604703e-03,-1.153921618802924385e-35,3.919871581749987399e+00,5.708787701110054513e+00,3.773864746093735789e-01,6.624016113039414566e-05,9.904442402746370389e-05,-1.036684998379489137e-37
4.528830126082037282e+02,6.347557441593526164e+02,4.375875701904296733e+01,6.445831140179689861e-03,9.653257311492068407e-03,-1.164288468786719276e-35,3.885296214525794767e+00,5.692894887077727617e+00,3.738403320312571054e-01,6.623651388420331854e-05,9.903387737350728692e-05,-1.031060074239798812e-37
4.567683088227295229e+02,6.404486390464303440e+02,4.413259735107422443e+01,6.512067654063893180e-03,9.752291188865575694e-03,-1.174599069529117264e-35,3.846437117376467540e+00,5.680745636045230640e+00,3.469482421874943157e-01,6.623138672612327582e-05,9.902480839029878523e-05,-9.096420688819200266e-38
4.606147459401059905e+02,6.461293846824755747e+02,4.447954559326171875e+01,6.578299040790016455e-03,9.851315997255874479e-03,-1.183695490217936465e-35,3.819072486193135774e+00,5.673868831657841838e+00,3.309791564941377828e-01,6.622700041982419739e-05,9.901500344854617663e-05,-8.386302714777559951e-38
4.644338184262991263e+02,6.518032535141334165e+02,4.481052474975585653e+01,6.644526041209840653e-03,9.950331000704420656e-03,-1.192081792932714025e-35,3.823998401364804067e+00,5.674289205002423842e+00,3.384056091308593750e-01,6.622261469491248775e-05,9.900520044805495579e-05,-8.752037578226866861e-38
4.682578168276639303e+02,6.574775427191358403e+02,4.514893035888671591e+01,6.710748655904753140e-03,1.004933620115247561e-02,-1.200833830510940891e-35,3.799085330447553588e+00,5.670762790421463251e+00,3.503631591796931843e-01,6.621896957646148524e-05,9.899466185375044303e-05,-9.430472306093759660e-38
4.720569021581114839e+02,6.631483055095573036e+02,4.549929351806640909e+01,6.776967625481214626e-03,1.014833086300622605e-02,-1.210264302817034651e-35,3.794274349774809707e+00,5.671873092084297241e+00,3.507652282714843750e-01,6.621384493780187869e-05,9.898560034264820839e-05,-9.471798279365122982e-38
4.758511765078862936e+02,6.688201786016416008e+02,4.585005874633789347e+01,6.843181470419016504e-03,1.024731646334887426e-02,-1.219736101096399774e-35,3.771565994610625694e+00,5.670220096286243461e+00,3.379997253417883485e-01,6.620946095503999623e-05,9.897580316356457963e-05,-8.898859577709348400e-38
4.796227425024969193e+02,6.744903986979278443e+02,4.618805847167968182e+01,6.909390931374056501e-03,1.034629226651243884e-02,-1.228634960674109123e-35,3.598098052299860683e+00,5.627908942756903343e+00,1.638671875000099476e-01,6.620507755232020453e-05,9.896527060702063616e-05,-7.055261992338743934e-39
4.832208405547967800e+02,6.801183076406847476e+02,4.635192565917969176e+01,6.975596008926376705e-03,1.044525753711945948e-02,-1.229340486873342997e-35,3.554954009617176780e+00,5.606705858367831752e+00,1.468986511230454539e-01,6.620143456030798401e-05,9.895621469486678978e-05,6.543279101470695000e-41
4.867757945644139568e+02,6.857250134990525794e+02,4.649882431030273722e+01,7.041797443486684689e-03,1.054421375181432627e-02,-1.229333943594241526e-35,3.584680058549508885e+00,5.589789156486517641e+00,1.977119445800781250e-01,6.619631243956133893e-05,9.894642333112789456e-05,-2.431689143893463248e-38
4.903604746229634657e+02,6.913148026555390970e+02,4.669653625488281534e+01,7.107993755926246028e-03,1.064316017514545416e-02,-1.231765632738134989e-35,3.589035557230374707e+00,5.568178338382381298e+00,2.098327636718693157e-01,6.619193077760879979e-05,9.893663390527981938e-05,-3.012548657092757662e-38
4.939495101801938404e+02,6.968829809939214783e+02,4.690636901855468466e+01,7.174185686703854828e-03,1.074209680905073398e-02,-1.234778181395227747e-35,3.590687133614608229e+00,5.538218364863041643e+00,2.212135314941434672e-01,6.618828937911876847e-05,9.892610939141351090e-05,-3.561150952266450751e-38
4.975401973138084486e+02,7.024211993587845200e+02,4.712758255004882812e+01,7.240373976082973596e-03,1.084102291844214749e-02,-1.238339332347494198e-35,3.572663732149067073e+00,5.494674769401399317e+00,2.527153015136747172e-01,6.618316914536528928e-05,9.891706093608822192e-05,-5.164713509555335160e-38
5.011128610459575157e+02,7.079158741281859193e+02,4.738029785156250284e+01,7.306557145228338886e-03,1.093993997937823572e-02,-1.243504045857049533e-35,3.515039515181570096e+00,5.457584903406768717e+00,2.378395080566377828e-01,6.617878922314177070e-05,9.890727731890272545e-05,-4.572833736816974891e-38
5.046279005611390858e+02,7.133734590315926880e+02,4.761813735961914062e+01,7.372735934451480656e-03,1.103884725669713844e-02,-1.248076879593866508e-35,3.424198687571276878e+00,5.383798089134415932e+00,1.628501892089815328e-01,6.617440988103753807e-05,9.889749563664861076e-05,-1.030164678152159505e-38
5.080520992487103626e+02,7.187572571207271039e+02,4.778098754882812216e+01,7.438910344332518194e-03,1.113774475233378705e-02,-1.249107044272018667e-35,3.424254252177036051e+00,5.339270804844318263e+00,1.556365966796917633e-01,6.617077060549949458e-05,9.888697915647580439e-05,-6.243665795043031155e-39
5.114763535008873987e+02,7.240965279255714222e+02,4.793662414550781392e+01,7.505081114938017689e-03,1.123663173149026286e-02,-1.249731410851522971e-35,3.116371080315616382e+00,5.230728406851653745e+00,-7.304992675781818434e-02,6.616565288581222753e-05,9.887793814857687158e-05,9.946587794502044456e-38
5.145927245812030151e+02,7.293272563324230759e+02,4.786357421874999574e+01,7.571246767823829917e-03,1.133550966963883973e-02,-1.239784823057020926e-35,2.955394870245982020e+00,5.130055318078120763e+00,-2.124977111816335196e-01,6.616127528205617558e-05,9.886816226875420888e-05,1.648929292390766356e-37
5.175481194514489971e+02,7.344573116505011967e+02,4.765107650756836222e+01,7.637408043105886092e-03,1.143437783190759394e-02,-1.223295530133113263e-35,2.568433925159979481e+00,4.962718300833330431e+00,-4.636947631835965922e-01,6.615689825729704349e-05,9.885765180690092579e-05,2.798147211874845956e-37
5.201165533766089766e+02,7.394200299513345271e+02,4.718738174438476562e+01,7.703564941363183136e-03,1.153323548371449486e-02,-1.195314058014364803e-35,1.207796754320497712e+00,4.467764932716249859e+00,-1.393835449218748579e+00,6.615326110297539697e-05,9.884861637946343316e-05,7.059073165428239482e-37
5.213243501309294743e+02,7.438877948840507770e+02,4.579354629516601705e+01,7.769718202466158533e-03,1.163208410009395830e-02,-1.124723326360082408e-35,1.260707129629736301e+00,4.445710110256072767e+00,-1.402989196777348013e+00,6.614814589606977935e-05,9.883884629603538474e-05,7.117905280154439238e-37
5.225850572605592106e+02,7.483335049943068498e+02,4.439055709838866903e+01,7.835866348362228312e-03,1.173092294638999368e-02,-1.053544273558538016e-35,1.210472683131797567e+00,4.405762367856254969e+00,-1.445735931396484375e+00,6.614377060828145749e-05,9.882907814418376291e-05,7.316947238639868113e-37
5.237955299436910082e+02,7.527392673621631047e+02,4.294482116699218466e+01,7.902010118970509769e-03,1.182975202453417744e-02,-9.803748011721393347e-36,7.905462128816225231e-01,4.233421695020979314e+00,-1.662621307373044033e+00,6.613939589902688432e-05,9.881857569911910166e-05,8.291287414565103639e-37
5.245860761565726307e+02,7.569726890571840840e+02,4.128219985961914062e+01,7.968149514869536654e-03,1.192857060023329654e-02,-8.974619270264882983e-36,-1.386156303505003962e-01,3.854756113255120908e+00,-2.303591918945315342e+00,6.613576086484870831e-05,9.880954770390137920e-05,1.123773173357957311e-36
5.244474605262221303e+02,7.608274451704392050e+02,3.897860794067382528e+01,8.034285275734385362e-03,1.202738014793719792e-02,-7.850846096906925672e-36,-6.937828674208503799e+00,1.020404014775522228e+00,-7.088137435913083095e+00,6.613064816812265490e-05,9.879978534178997240e-05,3.328066436313087544e-36
5.175096318520136265e+02,7.618478491852147272e+02,3.189047050476074219e+01,8.100415923902508017e-03,1.212617993327898790e-02,-4.522779660593838128e-36,-1.294384196426761946e+01,-1.614256083386749197e+00,-1.089131550788879110e+01,6.612627519446238888e-05,9.879002490830769700e-05,5.069927331731032375e-36
5.045657898877460070e+02,7.602335931018279780e+02,2.099915499687195108e+01,8.166542199096970406e-03,1.222496995818729559e-02,5.471476711371944141e-37,-7.338010476680722149e+00,8.137854177055032778e-01,-7.232685804367068982e+00,6.612190279953883421e-05,9.877953047108915807e-05,3.397527254156164112e-36
4.972277794110652849e+02,7.610473785195334813e+02,1.376646919250488210e+01,8.232664101896509240e-03,1.232374948865838475e-02,3.944674925293358359e-36,-4.244317402496108116e+00,2.072882710935232353e+00,-5.470314407348631391e+00,6.611826988310760822e-05,9.877050989872543374e-05,2.595349755568416651e-36
4.929834620085691768e+02,7.631202612304687136e+02,8.296154785156250711e+00,8.298782371779616848e-03,1.242251999855711019e-02,6.540024680861775010e-36,-9.108886858390917496e+00,-3.920180211800925463e-01,-9.130702972412111151e+00,6.611315969462169817e-05,9.876075524878173695e-05,4.305908127515263560e-36
4.838745751501782593e+02,7.627282432092886211e+02,-8.345481872558604408e-01,8.364895531474238546e-03,1.252128075380589192e-02,1.084593280837703857e-35,-1.583801578826592049e+01,-3.122048891600684328e+00,-1.356190853118896200e+01,6.610878903391334549e-05,9.875100252496396558e-05,6.348349077111921143e-36
4.680365593619123388e+02,7.596061943176879367e+02,-1.439645671844482244e+01,8.431004320508151892e-03,1.262003175633085589e-02,1.719428188548895971e-35,-3.057494327888326779e+01,-9.833518867611587666e+00,-2.508637104034423970e+01,6.610441895060423234e-05,9.874125172757743096e-05,1.169484865542449225e-35
4.374616160830290710e+02,7.497726754500763491e+02,-3.948282775878906392e+01,8.497108739458756124e-03,1.271877300805843332e-02,2.888913054091345197e-35,-2.126557572743826086e+01,-7.406518485630044779e+00,-1.833939514160156392e+01,4.957581605232255773e-05,7.404843761182541839e-05,8.622065096401756801e-36
4.161960403555908101e+02,7.423661569644463043e+02,-5.782222290039062784e+01,8.546684555511078682e-03,1.279282144567025874e-02,3.751119563731520877e-35,-1.129327310655673955e+01,-2.604716085727773134e+00,-1.065879516601562216e+01,4.957335841262316967e-05,7.404442591264770446e-05,5.030863273904956058e-36
4.049027672490340706e+02,7.397614408787185312e+02,-6.848101806640625000e+01,8.596257913923701852e-03,1.286686587158290644e-02,4.254205891122016483e-35,-1.658907103892937585e+01,-5.412297189031050948e+00,-1.507141418457031534e+01,4.957090101657957160e-05,7.403894374156255731e-05,7.123766680696724096e-36
3.883136962101046947e+02,7.343491436896874802e+02,-8.355243225097656534e+01,8.645828814940281423e-03,1.294090481532446900e-02,4.966582559191688892e-35,-3.153095324139115974e+01,-9.443209013504429095e+00,-2.705688476562498579e+01,9.913369224833108728e-05,1.480599734773341974e-04,1.277457924674063636e-35
3.567827429687135350e+02,7.249059346761830511e+02,-1.106093170166015511e+02,8.744962507188612511e-03,1.308896478880180320e-02,6.244040483865752528e-35,-7.487435021855560535e+00,-5.342028388860171617e-01,-7.038906860351573869e+00,4.956353032662189073e-05,7.402103157663243727e-05,3.339809039426507374e-36
3.492953079468579745e+02,7.243717318372970340e+02,-1.176482238769531250e+02,8.794526037515234401e-03,1.316298582037843563e-02,6.578021387808403265e-35,-6.342397139694980979e+00,7.335984885276047862e-02,-6.077661132812494316e+00,4.956033540712105612e-05,7.401702339017088295e-05,2.888524819531337075e-36
3.429529108071629935e+02,7.244450916861497944e+02,-1.237258850097656193e+02,8.844086372922355457e-03,1.323700284376860652e-02,6.866873869761536973e-35,-6.724407001500310344e+00,7.346173608038952807e-02,-5.859252929687500000e+00,4.955861776289281762e-05,7.401154527610781519e-05,2.771535580975669932e-36
3.362285038056626831e+02,7.245185534222301840e+02,-1.295851379394531193e+02,8.893644990685248275e-03,1.331101438904471433e-02,7.144027427859103966e-35,-1.310775728785847605e+01,5.662083467196907804e-01,-1.099138183593751705e+01,9.910912957705395043e-05,1.480051892573976124e-04,5.189683580960588198e-36
3.231207465178042071e+02,7.250847617689498747e+02,-1.405765197753906364e+02,8.992754120262302225e-03,1.345901957830211194e-02,7.662995785955162786e-35,-5.462404343992716349e+00,8.015991011315009018e-01,-4.586010742187511369e+00,4.955125072522194307e-05,7.399511590629528901e-05,2.169526353011196558e-36
3.176583421738114907e+02,7.258863608700813757e+02,-1.451625305175781477e+02,9.042305370987524168e-03,1.353301469420840723e-02,7.879948421256282441e-35,-5.113643249440826821e+00,8.373466078900264620e-01,-4.369116210937477263e+00,4.954879552021042299e-05,7.398817105688793028e-05,2.078861759429209043e-36
3.125446989243706639e+02,7.267237074779714021e+02,-1.495316467285156250e+02,9.091854166507734591e-03,1.360700286526529516e-02,8.087834597199203346e-35,-9.379907432381401122e+00,1.635934751838362899e+00,-8.805541992187500000e+00,9.908948815802280652e-05,1.479628609097755065e-04,4.213063588843242834e-36
3.031647914919892628e+02,7.283596422298097650e+02,-1.583371887207031250e+02,9.190943654665757398e-03,1.375496572617507067e-02,8.509140956083527629e-35,-2.991319004584283903e+00,1.714033693973647132e+00,-2.974285888671886369e+00,4.954143140224569197e-05,7.397175173553573180e-05,1.426517496020542824e-36
3.001734724874049789e+02,7.300736759237834121e+02,-1.613114746093750114e+02,9.240485086068003090e-03,1.382893747791060640e-02,8.651792705685581912e-35,-5.267066897763982070e+00,4.780618817041386137e+00,-5.611791992187477263e+00,1.155866373771970157e-04,1.725824165169833474e-04,2.700165625136484924e-36
2.949064055896409968e+02,7.348542947408247983e+02,-1.669232666015624886e+02,9.356071723445200106e-03,1.400151989442758975e-02,8.921809268199230404e-35,-2.968627821712289006e+00,2.797581603179310150e+00,-2.677124023437500000e+00,6.604329820169251020e-05,9.860494276098599742e-05,1.275530756787191611e-36
2.919377777679287078e+02,7.376518763440041084e+02,-1.696003906249999886e+02,9.422115021646892616e-03,1.410012483718857575e-02,9.049362343877949565e-35,-2.660148683077807163e+00,2.871566599433663214e+00,-2.451403808593767053e+00,6.603893677227697101e-05,9.859522078465611516e-05,1.169185252236227097e-36
2.892776290848509007e+02,7.405234429434377716e+02,-1.720517944335937557e+02,9.488153958419169587e-03,1.419872005797323186e-02,9.166280869101572275e-35,-2.499326224086303228e+00,2.904312696011857042e+00,-2.322491455078107947e+00,6.603531389279965191e-05,9.858403176247684807e-05,1.109556464580849818e-36
2.867783028607645974e+02,7.434277556394496287e+02,-1.743742858886718636e+02,9.554189272311969239e-03,1.429730408973570871e-02,9.277236515559657257e-35,-2.343131123759746970e+00,2.765774546828083658e+00,-2.540875244140636369e+00,6.603021559329486090e-05,9.857578272756163662e-05,1.224516138671427493e-36
2.844351717370048505e+02,7.461935301862777123e+02,-1.769151611328125000e+02,9.620219487905264100e-03,1.439587987246327035e-02,9.399688129426800006e-35,-2.416190192569672490e+00,2.624964831136708199e+00,-2.647918701171875000e+00,6.602585589157369816e-05,9.856606650039852202e-05,1.278552144610780969e-36
2.820189815444351780e+02,7.488184950174144205e+02,-1.795630798339843750e+02,9.686245343796837798e-03,1.449444593896366887e-02,9.527543343887878103e-35,-2.180185001327288319e+00,2.668671795045952422e+00,-2.541369628906238631e+00,6.602149676596287542e-05,9.855635218820706089e-05,1.228722204395457076e-36
2.798387965431078896e+02,7.514871668124603730e+02,-1.821044494628906136e+02,9.752266840562800673e-03,1.459300229115187593e-02,9.650415564327423810e-35,-1.975444581769181696e+00,2.481881298000530478e+00,-2.302130126953159106e+00,6.601787599429947972e-05,9.854663979108092831e-05,1.109813603970096470e-36
2.778633519613387080e+02,7.539690481104609034e+02,-1.844065795898437727e+02,9.818284716557100153e-03,1.469154893094295686e-02,9.761396924724433457e-35,-2.024947225382504712e+00,1.880997856346198205e+00,-2.086529541015579525e+00,6.601278019192392821e-05,9.853692930757509960e-05,1.000125287358978938e-36
2.758384047359562032e+02,7.558500459668071016e+02,-1.864931091308593523e+02,9.884297496749024081e-03,1.479008586025053196e-02,9.861409453460331351e-35,-5.237483260414137476e-01,3.960438252578342144e-01,-4.983154296875227374e-01,1.650288304076187595e-05,2.463234823741125568e-05,2.382580112323052285e-37
2.753146564099147895e+02,7.562460897920649359e+02,-1.869914245605468750e+02,9.900800379789785957e-03,1.481471820848794321e-02,9.885235254583561874e-35,-2.784712172545710018e+00,-2.034026441901914950e+00,1.109466552734375000e+00,5.056927557103331472e-05,7.548188160978394623e-05,-6.207528527303386247e-37
2.725299442373690795e+02,7.542120633501630209e+02,-1.858819580078125000e+02,9.951369655360819272e-03,1.489020009009772716e-02,9.823159969310528012e-35,-9.613725748244516467e+01,-7.171845371553400810e+02,1.079798156738281136e+02,6.758105128883661050e-05,1.008704752036987395e-04,-5.678311787013447464e-35
1.763926867549239148e+02,3.702752619482298968e+01,-7.790214233398438637e+01,1.001895070664965588e-02,1.499107056530142590e-02,4.144848182297080548e-35,1.333726666095969904e+00,-1.433625765893680182e-01,-5.335571289062386313e-01,8.052758152959221816e-05,1.201895232329965729e-04,2.894241579167161337e-37
1.777264134210198847e+02,3.688416361823362166e+01,-7.843569946289062500e+01,1.009947828817924810e-02,1.511126008853442247e-02,4.173790598088752161e-35,9.495192703477357554e-01,-8.599075592877625240e-02,-3.851684570312556843e-01,5.721250138359182391e-05,8.538962096762102438e-05,2.086043295228770371e-37
1.786759326913676205e+02,3.679817286230484541e+01,-7.882086791992188068e+01,1.015669078956283992e-02,1.519664970950204350e-02,4.194651031041039865e-35,1.093224830754081722e+00,-9.830429332329515546e-02,-4.390563964843750000e-01,6.599118306289779301e-05,9.848717324588071587e-05,2.379044445720830640e-37
1.797691575221217022e+02,3.669986856898155025e+01,-7.925992431640625568e+01,1.022268197262573772e-02,1.529513688274792421e-02,4.218441475498248171e-35,1.090654102605014941e+00,-1.108385307547408161e-01,-4.355865478515568157e-01,6.598609108257602607e-05,9.847747447756446948e-05,2.361871207939329048e-37
1.808598116247267171e+02,3.658903003822680944e+01,-7.969551086425781250e+01,1.028866806370831374e-02,1.539361435722548868e-02,4.242060187577641462e-35,1.086010842434887991e+00,-2.010568278373909834e-01,-4.478790283203153422e-01,6.598173720565210509e-05,9.846777761971826914e-05,2.431574349523212304e-37
1.819458224671616051e+02,3.638797321038941845e+01,-8.014338989257812784e+01,1.035464980091396585e-02,1.549208213484520695e-02,4.266375931072873585e-35,1.081008922867795263e+00,-3.140846302675512902e-01,-4.899353027343664735e-01,6.597738390302573808e-05,9.845808267112086953e-05,2.650005077134973019e-37
1.830268313900294004e+02,3.607388858012186716e+01,-8.063332519531249432e+01,1.042062718481699159e-02,1.559054021751632782e-02,4.292875981844223315e-35,1.080335956963779154e+00,-4.905876508191440166e-01,-5.694122314453125000e-01,6.597376846095154290e-05,9.844692271115604298e-05,3.060417909465057125e-37
1.841071673469931795e+02,3.558330092930272315e+01,-8.120273742675780682e+01,1.048660095327794313e-02,1.568898714022748386e-02,4.323480160938873886e-35,1.074826639921781180e+00,-5.672658803888310786e-01,-6.076202392578125000e-01,6.596867897288270777e-05,9.843869864424939498e-05,3.258047897197064904e-37
1.851819939869149607e+02,3.501603504891389207e+01,-8.181035766601561932e+01,1.055256963225082584e-02,1.578742583887173326e-02,4.356060639910844535e-35,1.072005880373552600e+00,-5.600173632712142080e-01,-6.056854248047045530e-01,6.596432739312471649e-05,9.842900942086743599e-05,3.247486815138895914e-37
1.862539998672885133e+02,3.445601768564267786e+01,-8.241604309082032387e+01,1.061853395964395055e-02,1.588585484829260069e-02,4.388535508062233494e-35,1.061325129227782327e+00,-5.537248600230171292e-01,-6.003997802734204470e-01,6.595997638786377237e-05,9.841932210447393303e-05,3.219109646826055248e-37
1.873153249965162956e+02,3.390229282561966073e+01,-8.301644287109374432e+01,1.068449393603181433e-02,1.598427417039707463e-02,4.420726604530494047e-35,1.057749622695268954e+00,-5.470086982381161533e-01,-5.983825683593693157e-01,6.595636304754064205e-05,9.840963669451724405e-05,3.208227140531354671e-37
1.883730746192115646e+02,3.335528412738154458e+01,-8.361482543945311363e+01,1.075045029907935497e-02,1.608268380709159187e-02,4.452808875935807594e-35,1.049274210102510096e+00,-5.408487986169845385e-01,-5.940002441406306843e-01,6.595127604980266511e-05,9.839995319108410521e-05,3.184717253514876848e-37
1.894223488293140747e+02,3.281443532876456004e+01,-8.420882568359374432e+01,1.081640157512915763e-02,1.618108376028267598e-02,4.484656048470956362e-35,1.049534374779426571e+00,-5.339953371830716833e-01,-5.935516357421875000e-01,6.594692676605007353e-05,9.839027159273816547e-05,3.182329530614790459e-37
1.904718832040935013e+02,3.228043999158148836e+01,-8.480237731933593182e+01,1.088234850189520771e-02,1.627947403187541414e-02,4.516479343777104267e-35,1.049671149753692134e+00,-5.272142729158986185e-01,-5.930023193359375000e-01,6.594257805546226148e-05,9.838059189979167507e-05,3.179390794737724049e-37
1.915215543538471934e+02,3.175322571866558974e+01,-8.539537963867186932e+01,1.094829107995066997e-02,1.637785462377520582e-02,4.548273251724481507e-35,1.049610591025782469e+00,-5.205336029941669551e-01,-5.924530029296875000e-01,6.593896681560997008e-05,9.836944834511196500e-05,3.176497976608779399e-37
1.925711649448729759e+02,3.123269211567142278e+01,-8.598783264160155682e+01,1.101423004676627994e-02,1.647622407212031778e-02,4.580038231490569301e-35,1.049771884896131269e+00,-5.125259595701834314e-01,-5.912109375000085265e-01,6.593388230672660166e-05,9.836123837027310746e-05,3.170161327373856623e-37
1.936209368297691071e+02,3.072016615610123935e+01,-8.657904357910156534e+01,1.108016392907300654e-02,1.657458531049059089e-02,4.611739844764307867e-35,1.050760362945112547e+00,-4.616315957306333928e-01,-5.704650878906250000e-01,6.592953531628191477e-05,9.835156438837283632e-05,3.064137247059445078e-37
1.946716971927142197e+02,3.025853456037060596e+01,-8.714950866699219034e+01,1.114609346438928845e-02,1.667293687487896373e-02,4.642381217234902318e-35,1.051465082112571281e+00,-3.957173858691831470e-01,-5.423492431640539735e-01,6.592518889943221883e-05,9.834189230963422124e-05,2.919817764847193962e-37
1.957231622748267910e+02,2.986281717450142281e+01,-8.769185791015624432e+01,1.121201865328872067e-02,1.677127876718859795e-02,4.671579394883374258e-35,1.051083656250568765e+00,-3.672730117244782377e-01,-5.310455322265710265e-01,6.592157975789970925e-05,9.833222213282560853e-05,2.861731813527211066e-37
1.967742459310773597e+02,2.949554416277694457e+01,-8.822290344238281534e+01,1.127794023304662038e-02,1.686961098932142356e-02,4.700196713018646368e-35,1.043689143432345645e+00,-3.503173718927286018e-01,-5.202880859375085265e-01,6.591649773551346014e-05,9.832255385739188669e-05,2.805849914115148251e-37
1.978179350745097054e+02,2.914522679088421597e+01,-8.874319152832032387e+01,1.134385673078213384e-02,1.696793354317881544e-02,4.728255212159797851e-35,1.038244128668679878e+00,-3.460004697058565171e-01,-5.152038574218664735e-01,6.591215303744686616e-05,9.831288748342673078e-05,2.779355373473482258e-37
1.988561792031783853e+02,2.879922632117835946e+01,-8.925839538574219034e+01,1.140976888381958071e-02,1.706624643066224217e-02,4.756048765894532674e-35,1.026179524172931679e+00,-3.420300298632739100e-01,-5.039733886718664735e-01,6.590780891185463175e-05,9.830175825237957854e-05,2.721085751161279599e-37
1.998823587273513169e+02,2.845719629131508555e+01,-8.976236877441405682e+01,1.147567669273143534e-02,1.716454818891462175e-02,4.783259623406145470e-35,1.016335427998285468e+00,-3.381048885098039136e-01,-4.980468750000000000e-01,6.590420186693667082e-05,9.829356057988736239e-05,2.690091271207957565e-37
2.008986941553496024e+02,2.811909140280528163e+01,-9.026041564941405682e+01,1.154158089459837201e-02,1.726284174949450911e-02,4.810160536118225045e-35,1.001351651323489023e+00,-3.347096015755965936e-01,-4.868957519531278422e-01,6.589912232978813178e-05,9.828389990518965336e-05,2.632005319888028123e-37
2.019000458066730914e+02,2.778438180122968504e+01,-9.074731140136718466e+01,1.160748001692816014e-02,1.736112564939969877e-02,4.836480589317105326e-35,9.921079526166636242e-01,-3.310493256866173795e-01,-4.773376464843721578e-01,6.589477992162591502e-05,9.827424112972618642e-05,2.582138645474303042e-37
2.028921537592897550e+02,2.745333247554306766e+01,-9.122464904785155682e+01,1.167337479684978606e-02,1.745939989052942495e-02,4.862301975771848357e-35,9.758717846862055012e-01,-3.274593848547588948e-01,-4.652038574218835265e-01,6.589117444820609404e-05,9.826458425205020220e-05,2.519828261331020476e-37
2.038680255439759605e+02,2.712587309068830876e+01,-9.168985290527344034e+01,1.173926597129799215e-02,1.755766447478147516e-02,4.887500258385158562e-35,9.712058979912683299e-01,-3.234459344135061087e-01,-4.618011474609318157e-01,6.588609677340637183e-05,9.825492927248435926e-05,2.502241763816743777e-37
2.048392314419672289e+02,2.680242715627480266e+01,-9.215165405273437216e+01,1.180515206807139852e-02,1.765591940405395951e-02,4.912522676023325999e-35,9.492082282283149652e-01,-3.203632087989802812e-01,-4.466735839843778422e-01,6.588175608164895114e-05,9.824527618981435118e-05,2.424227509830573007e-37
2.057884396701955438e+02,2.648206394747582237e+01,-9.259832763671875000e+01,1.187103382415304748e-02,1.775416468024377387e-02,4.936764951121631729e-35,9.467125497919539612e-01,-3.165277658211422818e-01,-4.434448242187443157e-01,6.587741596157832558e-05,9.823416125354436645e-05,2.407513449529861371e-37
2.067351522199874978e+02,2.616553618165468009e+01,-9.304177246093749432e+01,1.193691124011462580e-02,1.785239884149731823e-02,4.960840085616930343e-35,9.379651638400900993e-01,-3.129878184831547117e-01,-4.320007324218835265e-01,6.587381258243985016e-05,9.822597585712466994e-05,2.348509143248245107e-37
2.076731173838275879e+02,2.585254836317152538e+01,-9.347377319335937784e+01,1.200278505269706565e-02,1.795062481735444290e-02,4.984325177049412794e-35,9.212218755450294339e-01,-3.095338538362177871e-01,-4.162048339843664735e-01,6.586873738887583096e-05,9.821632846263028682e-05,2.267556153385061382e-37
2.085943392593726173e+02,2.554301450933530759e+01,-9.388997802734374432e+01,1.206865379008594148e-02,1.804884114581707319e-02,5.007000738583263408e-35,9.202046714073901512e-01,-3.055148159262408569e-01,-4.160888671875113687e-01,6.586439898385344771e-05,9.820668296278700637e-05,2.266867387163876448e-37
2.095145439307800075e+02,2.523749969340906674e+01,-9.430606689453125568e+01,1.213451818906979493e-02,1.814704782877986020e-02,5.029669412454902173e-35,9.151589017839398821e-01,-3.016266637560676145e-01,-4.152557373046761313e-01,6.586006115072776113e-05,9.819703935705012543e-05,2.262229694607855128e-37
2.104297028325639474e+02,2.493587302965299912e+01,-9.472132263183593182e+01,1.220037825022052269e-02,1.824524486813691032e-02,5.052291709400980724e-35,9.060589456449008594e-01,-2.981911535059538210e-01,-4.094604492187556843e-01,6.585645986350446845e-05,9.818739764550984961e-05,2.232383158356507984e-37
2.113357617782088482e+02,2.463768187614704530e+01,-9.513078308105468750e+01,1.226623471008402716e-02,1.834343226578242017e-02,5.074615540984545804e-35,8.944357235024824604e-01,-2.901352946450721504e-01,-4.018768310546931843e-01,6.585138714926622172e-05,9.817775782673676677e-05,2.193123483749073652e-37
2.122301975017113307e+02,2.434754658150197315e+01,-9.553265991210938068e+01,1.233208609723329338e-02,1.844161002360915694e-02,5.096546775822036540e-35,8.788553560346770155e-01,-2.800469573016073355e-01,-3.935180664062443157e-01,6.584705102983395841e-05,9.816811990104659658e-05,2.149363869829662547e-37
2.131090528577460077e+02,2.406749962420036582e+01,-9.592617797851562500e+01,1.239793314826312734e-02,1.853977814351020353e-02,5.118040414520333166e-35,8.704407628512740303e-01,-2.705386362412340873e-01,-3.900146484375000000e-01,6.584271548096785887e-05,9.815702126644842984e-05,2.130629428613517868e-37
2.139794936205972817e+02,2.379696098795913173e+01,-9.631619262695312500e+01,1.246377586374409520e-02,1.863793516477665196e-02,5.139346708806468344e-35,8.599478467070014176e-01,-2.612000048689360199e-01,-3.801727294921875000e-01,6.583838050342946668e-05,9.814884986848043669e-05,2.080257658970774160e-37
2.148394414673042832e+02,2.353576098309019571e+01,-9.669636535644531250e+01,1.252961424424752467e-02,1.873608401464513240e-02,5.160149285396176086e-35,8.590455590104397743e-01,-2.540557029057772809e-01,-3.772064208984318157e-01,6.583404609645029937e-05,9.813921761691810075e-05,2.064921131112432392e-37
2.156984870263147229e+02,2.328170528018441843e+01,-9.707357177734374432e+01,1.259544829034397496e-02,1.883422323226205050e-02,5.180798496707300410e-35,8.603933775796122063e-01,-2.507984439042623137e-01,-3.772033691406306843e-01,6.583118362833012549e-05,9.812958725620782308e-05,2.064967048860554152e-37
2.165588804038943351e+02,2.303090683628015611e+01,-9.745077514648437500e+01,1.266127947397230509e-02,1.893235281951825832e-02,5.201448167195905951e-35,8.607764602863881009e-01,-2.475650943601692688e-01,-3.775970458984403422e-01,6.582537889730961933e-05,9.811995878514570557e-05,2.066987429775987194e-37
2.174196568641807232e+02,2.278334174191998684e+01,-9.782837219238281534e+01,1.272710485286961471e-02,1.903047277830340403e-02,5.222118041493665823e-35,8.506008889496001757e-01,-2.403288686940392438e-01,-3.810302734375028422e-01,6.582104620221976288e-05,9.811033220316622838e-05,2.083058641603635656e-37
2.182702577531303234e+02,2.254301287322594760e+01,-9.820940246582031818e+01,1.279292589907183447e-02,1.912858311050657026e-02,5.242948627909702180e-35,8.302592466230862556e-01,-2.330485003491737928e-01,-3.760345458984204470e-01,6.581671407702126275e-05,9.810070751037347492e-05,2.055921252488906489e-37
2.191005169997534097e+02,2.230996437287677381e+01,-9.858543701171873863e+01,1.285874261314885574e-02,1.922668381801694373e-02,5.263507840434591245e-35,8.272009905050765610e-01,-2.301762838156449220e-01,-3.735626220703238687e-01,6.581238252247566256e-05,9.808962310900795623e-05,2.043293871767182697e-37
2.199277179902584862e+02,2.207978808906112889e+01,-9.895899963378906250e+01,1.292455499567133140e-02,1.932477344112595169e-02,5.283940779152263072e-35,8.283715000848417276e-01,-2.233373953659381073e-01,-3.723205566406306843e-01,6.580805153781274508e-05,9.808146393172276212e-05,2.036727633791971854e-37
2.207560894903433280e+02,2.185645069369519078e+01,-9.933132019042969318e+01,1.299036304720914414e-02,1.942285490505767445e-02,5.304308055490182790e-35,8.211818212238313208e-01,-2.135604209687329558e-01,-3.696258544921704470e-01,6.580372112292148801e-05,9.807184490137968447e-05,2.021988036658571501e-37
2.215772713115671593e+02,2.164289027272645782e+01,-9.970094604492186363e+01,1.305616676833206563e-02,1.952092674995905414e-02,5.324527935856768505e-35,8.190867550430596111e-01,-2.004395874957936030e-01,-3.624969482421960265e-01,6.580086196885347183e-05,9.806222775799941505e-05,1.985162002699238407e-37
2.223963580666102189e+02,2.144245068523066422e+01,-1.000634429931640597e+02,1.312196763030091910e-02,1.961898897771705355e-02,5.344379555883760889e-35,8.079859104494175881e-01,-1.457704334048308681e-01,-3.320190429687528422e-01,6.579506190655323716e-05,9.805261250015601115e-05,1.825827416865123655e-37
2.232043439770596365e+02,2.129668025182583335e+01,-1.003954620361328125e+02,1.318776269220747234e-02,1.971704159021720956e-02,5.362637830052412126e-35,6.923907915150095960e-01,-1.235076077000094585e-01,-2.847564697265596578e-01,5.743092233566338134e-05,8.558599814209241763e-05,1.567310495180271484e-37
