Sigma_1,Sigma_2,Sigma_12,Epsilon_1,Epsilon_2,Epsilon_12,dSigma_1,dSigma_2,dSigma_12,dEpsilon_1,dEpsilon_2,dEpsilon_12
-0.000000000000000000e+00,-0.000000000000000000e+00,-0.000000000000000000e+00,0.000000000000000000e+00,0.000000000000000000e+00,0.000000000000000000e+00,1.417445602857700671e+01,1.610842428787271885e+01,1.616039505004882670e+01,1.999800121638574792e-04,1.999800121638574792e-04,2.000000094994902611e-04
1.417445602857700671e+01,1.610842428787271885e+01,1.616039505004882670e+01,1.999800121638574792e-04,1.999800121638574792e-04,2.000000094994902611e-04,7.082697403180068463e+00,8.049574722505198565e+00,8.070372009277342329e+00,9.997499944099476950e-05,9.997499944099476950e-05,9.999999310821293700e-05
2.125715343175707517e+01,2.415799901037791741e+01,2.423076705932616903e+01,2.999550116048522487e-04,2.999550116048522487e-04,3.000000026077031981e-04,7.080358071466640979e+00,8.046836391845030079e+00,8.064902496337893467e+00,9.996502871346707886e-05,9.996502871346707886e-05,1.000000163912773241e-04
2.833751150322371615e+01,3.220483540222294749e+01,3.229566955566406250e+01,3.999200403183193276e-04,3.999200403183193276e-04,4.000000189989805222e-04,7.078017611676095555e+00,8.044096755225410789e+00,8.059429931640622158e+00,9.995499016253158245e-05,9.995499016253158245e-05,9.999996982514860414e-05
3.541552911489981170e+01,4.024893215744835828e+01,4.035509948730468466e+01,4.998750304808509100e-04,4.998750304808509100e-04,4.999999888241291263e-04,7.075676028754273261e+00,8.041361925444938663e+00,8.053959655761715908e+00,9.994504669895497122e-05,9.994504669895497122e-05,1.000000163912772699e-04
4.249120514365408496e+01,4.829029408289329695e+01,4.840905914306640057e+01,5.998200771798058812e-04,5.998200771798058812e-04,6.000000052154063962e-04,7.073333318414626092e+00,8.038622738391289602e+00,8.048490905761724434e+00,9.993505868506125708e-05,9.993505868506125708e-05,1.000000163912773783e-04
4.956453846206871106e+01,5.632891682128458655e+01,5.645755004882812500e+01,6.997551358648671383e-04,6.997551358648671383e-04,7.000000216066837744e-04,7.070992536175353393e+00,8.035888356940439792e+00,8.043029785156250000e+00,9.992507266705201192e-05,9.992507266705201192e-05,1.000000163912772699e-04
5.663553099824406445e+01,6.436480517822502634e+01,6.450057983398437500e+01,7.996802085319191502e-04,7.996802085319191502e-04,8.000000379979610443e-04,7.068656731834003892e+00,8.033155722292889322e+00,8.037570190429676131e+00,9.991499559590334614e-05,9.991499559590334614e-05,9.999992325901983000e-05
6.370418773007806834e+01,7.239796090051791566e+01,7.253815002441405113e+01,8.995952041278224964e-04,8.995952041278224964e-04,8.999999612569808743e-04,7.066310650910018865e+00,8.030427909942019937e+00,8.032113647460946027e+00,9.990510662625400919e-05,9.990510662625400919e-05,1.000000163912773783e-04
7.077049838098808721e+01,8.042838881045993560e+01,8.057026367187499716e+01,9.995003107540765055e-04,9.995003107540765055e-04,9.999999776482582526e-04,7.063016353045568962e+00,8.027277187548563120e+00,8.025543212890625000e+00,9.989512659297180089e-05,9.989512659297180089e-05,1.000000163912772699e-04
7.783351473403365617e+01,8.845566599800849872e+01,8.859580688476562216e+01,1.099395437347048306e-03,1.099395437347048306e-03,1.099999994039535522e-03,7.055443057378084859e+00,8.022120685125543105e+00,8.013848876953133527e+00,9.988514855340403092e-05,9.988514855340403092e-05,1.000000163912772699e-04
8.488895779141174103e+01,9.647778668313404182e+01,9.660965576171875568e+01,1.199280585900452337e-03,1.199280585900452337e-03,1.200000010430812792e-03,7.047109250235550348e+00,8.016717699547896814e+00,8.001956176757801131e+00,9.987517250695308706e-05,9.987517250695308706e-05,1.000000163912772699e-04
9.193606704164729138e+01,1.044945043826819386e+02,1.046116119384765568e+02,1.299155758407405424e-03,1.299155758407405424e-03,1.300000026822090062e-03,7.039206480690182843e+00,8.011330951762857921e+00,7.990353393554698869e+00,9.986519845280017980e-05,9.986519845280017980e-05,1.000000163912774867e-04
9.897527352233747422e+01,1.125058353344447966e+02,1.126019653320312557e+02,1.399020956860205604e-03,1.399020956860205604e-03,1.400000043213367549e-03,7.030298434562965326e+00,8.005324720114558090e+00,7.977691650390625000e+00,9.985513339833408490e-05,9.985513339833408490e-05,9.999992325901972158e-05
1.060055719569004395e+02,1.205111600545593546e+02,1.205796569824218807e+02,1.498876090258539689e-03,1.498876090258539689e-03,1.499999966472387270e-03,7.022530512613016640e+00,7.999083939566304480e+00,7.965576171875000000e+00,9.984534931301090703e-05,9.984534931301090703e-05,1.000001095235348181e-04
1.130281024695134562e+02,1.285102439941256591e+02,1.285452331542968807e+02,1.598721439571550596e-03,1.598721439571550596e-03,1.600000075995922089e-03,7.010908062798023366e+00,7.987729564606183885e+00,7.943157958984357947e+00,9.983528824037877190e-05,9.983528824037877190e-05,1.000000163912772699e-04
1.200390105323114796e+02,1.364979735587318430e+02,1.364883911132812386e+02,1.698556727811929368e-03,1.698556727811929368e-03,1.700000092387199358e-03,6.997997653663404094e+00,7.975931051675587469e+00,7.919879150390613631e+00,9.982513622067449785e-05,9.982513622067449785e-05,9.999983012676239014e-05
1.270370081859748836e+02,1.444739046104074305e+02,1.444082702636718523e+02,1.798381864032603866e-03,1.798381864032603866e-03,1.799999922513961749e-03,6.986893079045842114e+00,7.964923545580234077e+00,7.901684570312511369e+00,9.981535806883657692e-05,9.981535806883657692e-05,1.000000163912772699e-04
1.340239012650207258e+02,1.524388281559876646e+02,1.523099548339843636e+02,1.898197222101440443e-03,1.898197222101440443e-03,1.899999938905239018e-03,6.971785056813843084e+00,7.952322154239396923e+00,7.879223632812511369e+00,9.980539595727186408e-05,9.980539595727186408e-05,1.000000163912774867e-04
1.409956863218345688e+02,1.603911503102270615e+02,1.601891784667968750e+02,1.998002618058712307e-03,1.998002618058712307e-03,1.999999955296516505e-03,6.958274573643478789e+00,7.939386232868685056e+00,7.857543945312500000e+00,9.979543583449714331e-05,9.979543583449714331e-05,1.000000163912770530e-04
1.479539608954780476e+02,1.683305365430957465e+02,1.680467224121093750e+02,2.097798053893209450e-03,2.097798053893209450e-03,2.099999971687793558e-03,6.940624576312330873e+00,7.920108811253101067e+00,7.828082275390613631e+00,9.978547769925192115e-05,9.978547769925192115e-05,1.000000163912774867e-04
1.548945854717903785e+02,1.762506453543488476e+02,1.758748046874999886e+02,2.197583531592461371e-03,2.197583531592461371e-03,2.199999988079071045e-03,6.920766561402047046e+00,7.902391239490071939e+00,7.800164794921897737e+00,9.977552155116279839e-05,9.977552155116279839e-05,1.000000163912774867e-04
1.618153520331924256e+02,1.841530365938389195e+02,1.836749694824218864e+02,2.297359053143624170e-03,2.297359053143624170e-03,2.300000004470348532e-03,6.897096691021914694e+00,7.878892345704485933e+00,7.764733886718715894e+00,9.976556738963563223e-05,9.976556738963563223e-05,1.000000163912770530e-04
1.687124487242143402e+02,1.920319289395434055e+02,1.914397033691406023e+02,2.397124620533259802e-03,2.397124620533259802e-03,2.400000020861625585e-03,6.865293591880430313e+00,7.850246177747465026e+00,7.722735595703170475e+00,9.975561521385336791e-05,9.975561521385336791e-05,1.000000163912774867e-04
1.755777423160947706e+02,1.998821751172908705e+02,1.991624389648437727e+02,2.496880235747113170e-03,2.496880235747113170e-03,2.500000037252903071e-03,6.816248377257977609e+00,7.805974298118371735e+00,7.658703613281204525e+00,9.974566502388756278e-05,9.974566502388756278e-05,1.000000163912770530e-04
1.823939906933527482e+02,2.076881494154092422e+02,2.068211425781249773e+02,2.596625900771000733e-03,2.596625900771000733e-03,2.600000053644180124e-03,6.764801280308603282e+00,7.757563827178046267e+00,7.593493652343767053e+00,9.973571681847880760e-05,9.973571681847880760e-05,1.000000163912774867e-04
1.891587919736613514e+02,2.154457132425872885e+02,2.144146362304687443e+02,2.696361617589479540e-03,2.696361617589479540e-03,2.700000070035457611e-03,6.707780875250762165e+00,7.695795487581762018e+00,7.516772460937517053e+00,9.972577059725457049e-05,9.972577059725457049e-05,1.000000163912774867e-04
1.958665728489121136e+02,2.231415087301690505e+02,2.219314086914062614e+02,2.796087388186734111e-03,2.796087388186734111e-03,2.800000086426735098e-03,6.655762368611988222e+00,7.641941260394190749e+00,7.450659179687477263e+00,9.971564063366786246e-05,9.971564063366786246e-05,9.999983012676239014e-05
2.025223352175241018e+02,2.307834499905632413e+02,2.293820678710937386e+02,2.895803028820401973e-03,2.895803028820401973e-03,2.899999916553497488e-03,6.610021213806930973e+00,7.593482244476746246e+00,7.390966796875034106e+00,9.970588412350385454e-05,9.970588412350385454e-05,1.000000163912770530e-04
2.091323564313310328e+02,2.383769322350399875e+02,2.367730346679687727e+02,2.995508912943905828e-03,2.995508912943905828e-03,2.999999932944774541e-03,6.545017005041273706e+00,7.537832742773844075e+00,7.301550292968727263e+00,9.969594385104973977e-05,9.969594385104973977e-05,1.000000163912774867e-04
2.156773734363723065e+02,2.459147649778138316e+02,2.440745849609375000e+02,3.095204856794955568e-03,3.095204856794955568e-03,3.099999949336052028e-03,6.434511011341726316e+00,7.456865763698772298e+00,7.137963867187522737e+00,9.968619123126333526e-05,9.968619123126333526e-05,1.000002026557921496e-04
2.221118844477140328e+02,2.533716307415126039e+02,2.512125488281250227e+02,3.194891048026218903e-03,3.194891048026218903e-03,3.200000151991844177e-03,6.359268219112465204e+00,7.394563384699210928e+00,7.020031738281204525e+00,9.967588358123337725e-05,9.967588358123337725e-05,9.999983012676239014e-05
2.284711526668264980e+02,2.607661941262118148e+02,2.582325805664062273e+02,3.294566931607452280e-03,3.294566931607452280e-03,3.299999982118606567e-03,6.262298309016472331e+00,7.315559619444115924e+00,6.861523437500011369e+00,9.966632055647848751e-05,9.966632055647848751e-05,1.000002026557921496e-04
2.347334509758429704e+02,2.680817537456559307e+02,2.650941040039062386e+02,3.394233252163930768e-03,3.394233252163930768e-03,3.400000184774398717e-03,6.194012284570561633e+00,7.260663616831152467e+00,6.734692382812511369e+00,9.965601694112693684e-05,9.965601694112693684e-05,9.999983012676239014e-05
2.409274632604135320e+02,2.753424173624870832e+02,2.718287963867187500e+02,3.493889269105057704e-03,3.493889269105057704e-03,3.500000014901161107e-03,6.133889211201847047e+00,7.197469205212371435e+00,6.617004394531250000e+00,9.964608660902344803e-05,9.964608660902344803e-05,9.999983012676239014e-05
2.470613524716153790e+02,2.825398865676994546e+02,2.784458007812500000e+02,3.593535355714081152e-03,3.593535355714081152e-03,3.599999845027923497e-03,6.048802418339050746e+00,7.100096453873220526e+00,6.439953613281204525e+00,9.963652941138122221e-05,9.963652941138122221e-05,1.000002026557921496e-04
2.531101548899544298e+02,2.896399830215726752e+02,2.848857543945312045e+02,3.693171885125462375e-03,3.693171885125462375e-03,3.700000047683715647e-03,5.979741621476108548e+00,7.007203216731454631e+00,6.277355957031318212e+00,9.962623184377097235e-05,9.962623184377097235e-05,9.999983012676239014e-05
2.590898965114305383e+02,2.966471862383041298e+02,2.911631103515625227e+02,3.792798116969233347e-03,3.792798116969233347e-03,3.799999877810478037e-03,5.887008563519259496e+00,6.911635011613213919e+00,6.106457519531204525e+00,9.961667852832105721e-05,9.961667852832105721e-05,1.000002026557925833e-04
2.649769050749497978e+02,3.035588212499173437e+02,2.972695678710937273e+02,3.892414795497554404e-03,3.892414795497554404e-03,3.900000080466270620e-03,5.785619119688590217e+00,6.812654991975080065e+00,5.930126953125011369e+00,9.960638498917890465e-05,9.960638498917890465e-05,9.999983012676239014e-05
2.707625241946383881e+02,3.103714762418924238e+02,3.031996948242187386e+02,3.992021180486733309e-03,3.992021180486733309e-03,3.999999910593033010e-03,5.713665250606823065e+00,6.732864316333575516e+00,5.806140136718738631e+00,9.959683555314444159e-05,9.959683555314444159e-05,1.000002026557917159e-04
2.764761894452452111e+02,3.171043405582259993e+02,3.090058349609374773e+02,4.091618016039877750e-03,4.091618016039877750e-03,4.100000113248824726e-03,5.633794991972308708e+00,6.665969413751724915e+00,5.690112304687545475e+00,9.958654604051968978e-05,9.958654604051968978e-05,9.999983012676239014e-05
2.821099844372175198e+02,3.237703099719777242e+02,3.146959472656250227e+02,4.191204562080397440e-03,4.191204562080397440e-03,4.199999943375587116e-03,5.482305135850140232e+00,6.578924231330518069e+00,5.514013671874977263e+00,9.957700048201113124e-05,9.957700048201113124e-05,1.000002026557925833e-04
2.875922895730676601e+02,3.303492342033082423e+02,3.202099609375000000e+02,4.290781562562408571e-03,4.290781562562408571e-03,4.300000146031379700e-03,5.340676162166346330e+00,6.494770466430281886e+00,5.355566406249977263e+00,9.956671499307227780e-05,9.956671499307227780e-05,9.999983012676239014e-05
2.929329657352340064e+02,3.368440046697385242e+02,3.255655273437499773e+02,4.390348277555480849e-03,4.390348277555480849e-03,4.399999976158142090e-03,5.324322037586227907e+00,6.459026177506700606e+00,5.308923339843772737e+00,9.955717330953697819e-05,9.955717330953697819e-05,1.000002026557925833e-04
2.982572877728202343e+02,3.433030308472452248e+02,3.308744506835937500e+02,4.489905450865017827e-03,4.489905450865017827e-03,4.500000178813934673e-03,5.273723684959236380e+00,6.399283789656124100e+00,5.236340332031261369e+00,9.954689184211475139e-05,9.954689184211475139e-05,9.999983012676239014e-05
3.035310114577794707e+02,3.497023146369013489e+02,3.361107910156250114e+02,4.589452342707132579e-03,4.589452342707132579e-03,4.600000008940697063e-03,1.319378938114994071e+00,1.595720625640467460e+00,1.312158203124965894e+00,2.488526736855924820e-05,2.488526736855924820e-05,2.500005066394771214e-05
3.048503903958944647e+02,3.512980352625418163e+02,3.374229492187499773e+02,4.614337610075691827e-03,4.614337610075691827e-03,4.625000059604644775e-03,6.209247615935225895e+00,7.531918669163985669e+00,6.141735839843761369e+00,1.181962856647679819e-04,1.181962856647679819e-04,1.187499612569807225e-04
3.110596380118296906e+02,3.588299539317058020e+02,3.435646850585937386e+02,4.732533895740459809e-03,4.732533895740459809e-03,4.743750020861625498e-03,4.323331971712150334e+00,5.291988367413523520e+00,4.265917968749988631e+00,8.397295576423671748e-05,8.397295576423671748e-05,8.437484502792341051e-05
3.153829699835418410e+02,3.641219422991193255e+02,3.478306030273437273e+02,4.816506851504696526e-03,4.816506851504696526e-03,4.828124865889548908e-03,4.105480383259020982e+00,5.236713856124424638e+00,4.138061523437500000e+00,8.396627560703067567e-05,8.396627560703067567e-05,8.437521755695360365e-05
3.194884503668008620e+02,3.693586561552437502e+02,3.519686645507812273e+02,4.900473127111727202e-03,4.900473127111727202e-03,4.912500083446502512e-03,8.321196222445166768e+00,1.124951942427384211e+01,8.604382324218761369e+00,1.834569037084165036e-04,1.834569037084165036e-04,1.843750476837159938e-04
3.278096465892460287e+02,3.806081755795175923e+02,3.605730468749999886e+02,5.083930030820143706e-03,5.083930030820143706e-03,5.096875131130218506e-03,4.220869545875302720e+00,5.989192778918720705e+00,4.421264648437556843e+00,9.948777904189229360e-05,9.948777904189229360e-05,9.999983012676239014e-05
3.320305161351213314e+02,3.865973683584363130e+02,3.649943115234375455e+02,5.183417809862035999e-03,5.183417809862035999e-03,5.196874961256980896e-03,4.091868505254410593e+00,5.927226915067649315e+00,4.299951171874909051e+00,9.947825277459472482e-05,9.947825277459472482e-05,1.000002026557925833e-04
3.361223846403757420e+02,3.925245952735039623e+02,3.692942626953124545e+02,5.282896062636630724e-03,5.282896062636630724e-03,5.296875163912773479e-03,3.234529383109872924e+00,5.648428670287273690e+00,3.645056152343784106e+00,9.946798730672487543e-05,9.946798730672487543e-05,9.999983012676239014e-05
3.393569140234856150e+02,3.981730239437912360e+02,3.729393188476562386e+02,5.382364049943355599e-03,5.382364049943355599e-03,5.396874994039535869e-03,1.384202544659501655e+00,5.037016250896272140e+00,2.315319824218761369e+00,9.945809441024456438e-05,9.945809441024456438e-05,9.999983012676239014e-05
3.407411165681451166e+02,4.032100401946875081e+02,3.752546386718750000e+02,5.481822144353600164e-03,5.481822144353600164e-03,5.496874824166298260e-03,7.350560367119101102e-01,4.783763318468345460e+00,1.844274902343727263e+00,9.944857393692860953e-05,9.944857393692860953e-05,1.000002026557917159e-04
3.414761726048570267e+02,4.079938035131558536e+02,3.770989135742187273e+02,5.581270718290528773e-03,5.581270718290528773e-03,5.596875026822089975e-03,-2.119476198049312643e+00,3.686518042437398890e+00,-2.941406249999545253e-01,9.943831448284631835e-05,9.943831448284631835e-05,9.999983012676239014e-05
3.393566964068077141e+02,4.116803215555932525e+02,3.768047729492187727e+02,5.680709032773375092e-03,5.680709032773375092e-03,5.696874856948852366e-03,-3.002157066227937321e-01,1.614920506549992751e-01,-1.550415039062613687e-01,6.214867319086388175e-06,6.214867319086388175e-06,6.250292062759572886e-06
3.390564807001849204e+02,4.118418136062482517e+02,3.766497314453125114e+02,5.686923900092461480e-03,5.686923900092461480e-03,5.703125149011611938e-03,-2.114593332341303267e+01,-7.198150468968719906e+00,-2.069550781250001137e+01,9.695181842433401448e-05,9.695181842433401448e-05,9.750947356224060059e-05
3.179105473767718877e+02,4.046436631372795318e+02,3.559542236328125000e+02,5.783875718516795494e-03,5.783875718516795494e-03,5.800634622573852539e-03,-2.557782091434012273e+01,-9.811612620763185078e+00,-2.527186279296876137e+01,1.005136470870124366e-04,1.005136470870124366e-04,1.011017709970475978e-04
2.923327264624317650e+02,3.948320505165163468e+02,3.306823608398437386e+02,5.884389365603807931e-03,5.884389365603807931e-03,5.901736393570900137e-03,-1.430866280083648689e+01,-4.525276982337231857e+00,-1.376602783203122726e+01,1.020084681377592464e-04,1.020084681377592464e-04,1.026157289743421727e-04
2.780240636615952781e+02,3.903067735341791149e+02,3.169163330078125114e+02,5.986397833741567177e-03,5.986397833741567177e-03,6.004352122545242310e-03,-1.459994363192168976e+01,-5.180718500480793409e+00,-1.401193847656253411e+01,9.702276244856911785e-05,9.702276244856911785e-05,9.761005640029907227e-05
2.634241200296735883e+02,3.851260550336983215e+02,3.029043945312499773e+02,6.083420596190136295e-03,6.083420596190136295e-03,6.101962178945541382e-03,-1.359348960934164552e+01,-4.592318328831140661e+00,-1.264329833984373863e+01,1.044757533456728768e-04,1.044757533456728768e-04,1.051187515258792532e-04
2.498306304203319428e+02,3.805337367048671808e+02,2.902610961914062386e+02,6.187896349535809172e-03,6.187896349535809172e-03,6.207080930471420635e-03,-1.306489928472410611e+01,-4.505435506823573633e+00,-1.170789794921876137e+01,9.700321542352452475e-05,9.700321542352452475e-05,9.761005640029907227e-05
2.367657311356078367e+02,3.760283011980436072e+02,2.785531982421874773e+02,6.284899564959333697e-03,6.284899564959333697e-03,6.304690986871719707e-03,-1.425278683402021329e+01,-5.494536937472844329e+00,-1.282410888671870453e+01,9.699380671238967688e-05,9.699380671238967688e-05,9.761005640029907227e-05
2.225129443015876234e+02,3.705337642605707629e+02,2.657290893554687727e+02,6.381893371671723374e-03,6.381893371671723374e-03,6.402301043272018780e-03,-8.983024824062681546e+00,-2.099066822306554059e+00,-7.726989746093750000e+00,9.884907907924990467e-05,9.884907907924990467e-05,9.948685765266349068e-05
2.135299194775249418e+02,3.684346974382642088e+02,2.580020996093750227e+02,6.480742450750973278e-03,6.480742450750973278e-03,6.501787900924682270e-03,-1.122159256564179941e+01,-2.644823858125789684e+00,-9.041113281250005684e+00,1.174877680844314473e-04,1.174877680844314473e-04,1.182585954666139430e-04
2.023083269118831424e+02,3.657898735801384191e+02,2.489609863281250171e+02,6.598230218835404726e-03,6.598230218835404726e-03,6.620046496391296213e-03,-8.722211315555995270e+00,-1.540235150242153850e+00,-7.079748535156255684e+00,1.132784937041362433e-04,1.132784937041362433e-04,1.140348613262176514e-04
1.935861155963271472e+02,3.642496384298962653e+02,2.418812377929687614e+02,6.711508712539540969e-03,6.711508712539540969e-03,6.734081357717513865e-03,-7.325599078772256689e+00,-2.551596306697547334e+00,-6.151623535156261369e+00,6.902287130589393471e-05,6.902287130589393471e-05,6.949007511138950710e-05
1.862605165175548905e+02,3.616980421231987179e+02,2.357296142578125000e+02,6.780531583845434904e-03,6.780531583845434904e-03,6.803571432828903372e-03,-7.482113164031716224e+00,-1.062431224249394290e+00,-5.674267578125011369e+00,1.008711828259512000e-04,1.008711828259512000e-04,1.015625894069671631e-04
1.787784033535231742e+02,3.606356108989493237e+02,2.300553466796874886e+02,6.881402766671386104e-03,6.881402766671386104e-03,6.905134022235870535e-03,-5.960966721760456721e+00,-1.756666988501365267e-01,-4.245446777343715894e+00,9.555239890834954508e-05,9.555239890834954508e-05,9.621679782867431641e-05
1.728174366317627175e+02,3.604599442000991871e+02,2.258098999023437727e+02,6.976955165579735649e-03,6.976955165579735649e-03,7.001350820064544851e-03,-7.289877253154855907e+00,-7.350018900370400843e-01,-5.002648925781272737e+00,1.074859062855162972e-04,1.074859062855162972e-04,1.082442700862879317e-04
1.655275593786078616e+02,3.597249423100621470e+02,2.208072509765625000e+02,7.084441071865251946e-03,7.084441071865251946e-03,7.109595090150832783e-03,-5.230569991743607261e+00,-3.888632237408273795e-02,-3.616784667968772737e+00,9.553300100722129234e-05,9.553300100722129234e-05,9.621679782867431641e-05
1.602969893868642544e+02,3.596860559876880643e+02,2.171904663085937273e+02,7.179974072872473238e-03,7.179974072872473238e-03,7.205811887979507099e-03,-4.033817031131206932e+00,9.614773839597887672e-01,-2.593029785156232947e+00,1.029862475858192572e-04,1.029862475858192572e-04,1.037336885929109401e-04
1.562631723557330474e+02,3.606475333716478531e+02,2.145974365234374943e+02,7.282960320458292496e-03,7.282960320458292496e-03,7.309545576572418039e-03,-5.282556660929515147e+00,9.210185465908011793e-01,-3.680200195312494316e+00,1.208835604351778809e-04,1.208835604351778809e-04,1.217745244503024710e-04
1.509806156948035323e+02,3.615685519182386543e+02,2.109172363281250000e+02,7.403843880893470376e-03,7.403843880893470376e-03,7.431320101022720510e-03,-5.812717579203791729e+00,6.115114019212910534e-01,-4.114916992187488631e+00,1.208689493659943423e-04,1.208689493659943423e-04,1.217745244503016036e-04
1.451678981155997405e+02,3.621800633201599453e+02,2.068023193359375114e+02,7.524712830259464719e-03,7.524712830259464719e-03,7.553094625473022114e-03,-2.539388733630573824e+00,5.325570822187160047e-01,-1.656030273437522737e+00,6.042862692202683600e-05,6.042862692202683600e-05,6.088688969612190971e-05
1.426285093819691667e+02,3.627126204023786613e+02,2.051462890624999886e+02,7.585141457181491555e-03,7.585141457181491555e-03,7.613981515169144024e-03,-3.467151798851858757e+00,1.822971221689556387e+00,-2.040191650390625000e+00,1.208470394286169369e-04,1.208470394286169369e-04,1.217745244503016036e-04
1.391613575831173080e+02,3.645355916240682177e+02,2.031060974121093636e+02,7.705988496610108492e-03,7.705988496610108492e-03,7.735756039619445627e-03,-4.156928799042447054e+00,2.477537543655785157e+00,-2.142266845703090894e+00,1.510384501030000506e-04,1.510384501030000506e-04,1.522183418273927516e-04
1.350044287840748609e+02,3.670131291677240029e+02,2.009638305664062727e+02,7.857026946713108542e-03,7.857026946713108542e-03,7.887974381446838379e-03,-2.763383193220533940e+00,1.350637537044576675e+00,-1.587445068359386369e+00,9.921265521246197538e-05,9.921265521246197538e-05,1.000002026557925833e-04
1.322410455908543270e+02,3.683637667047685795e+02,1.993763854980468864e+02,7.956239601925570518e-03,7.956239601925570518e-03,7.987974584102630962e-03,-2.583137902276916975e+00,1.306917508008837103e+00,-1.576782226562500000e+00,9.920281303774786119e-05,9.920281303774786119e-05,1.000002026557925833e-04
1.296579076885774100e+02,3.696706842127774166e+02,1.977996032714843864e+02,8.055442414963318379e-03,8.055442414963318379e-03,8.087974786758423545e-03,-6.292671982041611045e-01,3.295190268834744529e-01,-3.824829101562556843e-01,2.479879611754290392e-05,2.479879611754290392e-05,2.499967813491751900e-05
1.290286404903732489e+02,3.700002032396608911e+02,1.974171203613281307e+02,8.080241211080861283e-03,8.080241211080861283e-03,8.112974464893341064e-03,-3.674098449674431777e+00,3.578106200889692445e-01,-2.257507324218750000e+00,8.679242175752173438e-05,8.679242175752173438e-05,8.750036358833382377e-05
1.253545420406988171e+02,3.703580138597498603e+02,1.951596130371093807e+02,8.167033632838383017e-03,8.167033632838383017e-03,8.200474828481674888e-03,-5.320518492710519354e+00,-4.142437805215308799e-01,-3.454473876953130684e+00,9.918116599325066396e-05,9.918116599325066396e-05,9.999945759773219700e-05
1.200340235479882978e+02,3.699437700792283295e+02,1.917051391601562500e+02,8.266214798831633681e-03,8.266214798831633681e-03,8.300474286079407085e-03,-2.734898082608822278e+00,2.217691861392836472e+00,-1.269848632812511369e+00,1.350035012577886079e-04,1.350035012577886079e-04,1.361332833766937256e-04
1.172991254653794755e+02,3.721614619406211659e+02,1.904352905273437386e+02,8.401218300089422289e-03,8.401218300089422289e-03,8.436607569456100811e-03,-8.677126341005561017e-01,1.535735288709986435e+00,-2.270019531250113687e-01,7.059296475698563500e-05,7.059296475698563500e-05,7.119104266166582928e-05
1.164314128312789194e+02,3.736971972293311524e+02,1.902082885742187273e+02,8.471811264846407924e-03,8.471811264846407924e-03,8.507798612117766640e-03,-1.253967278959237319e+00,2.164857484843594193e+00,-3.780944824218579470e-01,9.915168259582926580e-05,9.915168259582926580e-05,1.000002026557925833e-04
1.151774455523196821e+02,3.758620547141747466e+02,1.898301940917968693e+02,8.570962947442237190e-03,8.570962947442237190e-03,8.607798814773559223e-03,-1.626560935894602267e+00,1.872296096906893581e+00,-7.996520996093465783e-01,9.914185251455077952e-05,9.914185251455077952e-05,1.000002026557925833e-04
1.135508846164250798e+02,3.777343508110816401e+02,1.890305419921875227e+02,8.670104799956787969e-03,8.670104799956787969e-03,8.707799017429351807e-03,-2.106475871651241505e+00,1.576519397146000756e+00,-1.248645019531295475e+00,9.913128582879175699e-05,9.913128582879175699e-05,9.999945759773219700e-05
1.114444087447738383e+02,3.793108702082276409e+02,1.877818969726562273e+02,8.769236085785579726e-03,8.769236085785579726e-03,8.807798475027084004e-03,-2.199436325730786734e+00,1.472534871602931617e+00,-1.412261962890596578e+00,9.912219827102643210e-05,9.912219827102643210e-05,1.000002026557925833e-04
1.092449724190430516e+02,3.807834050798305725e+02,1.863696350097656307e+02,8.868358284056606158e-03,8.868358284056606158e-03,8.907798677682876587e-03,-1.598509813282220193e+00,1.828952766427732968e+00,-8.795104980468693157e-01,9.911237403462981599e-05,9.911237403462981599e-05,1.000002026557925833e-04
1.076464626057608314e+02,3.826123578462583055e+02,1.854901245117187614e+02,8.967470658091235974e-03,8.967470658091235974e-03,9.007798880338669170e-03,-1.586621461525254517e+00,1.858920788985471972e+00,-8.055969238281477374e-01,9.910255174522611399e-05,9.910255174522611399e-05,1.000002026557925833e-04
1.060598411442355768e+02,3.844712786352437774e+02,1.846845275878906136e+02,9.066573209836462088e-03,9.066573209836462088e-03,9.107799082994461753e-03,-2.316790492136036050e+00,1.376261161667855504e+00,-1.400976562499977263e+00,9.909199314263143765e-05,9.909199314263143765e-05,9.999945759773219700e-05
1.037430506520995408e+02,3.858475397969116329e+02,1.832835510253906364e+02,9.165665202979093526e-03,9.165665202979093526e-03,9.207798540592193950e-03,-1.989756381579667277e+00,1.524226610762298151e+00,-1.153851318359386369e+00,9.908291307932776126e-05,9.908291307932776126e-05,1.000002026557925833e-04
1.017532942705198735e+02,3.873717664076739311e+02,1.821296997070312500e+02,9.264748116058421287e-03,9.264748116058421287e-03,9.307798743247986534e-03,-1.630089102147252333e+00,1.681206000658391986e+00,-8.894775390625113687e-01,9.907309662851755683e-05,9.907309662851755683e-05,1.000002026557908485e-04
1.001232051683726212e+02,3.890529724083323231e+02,1.812402221679687386e+02,9.363821212686938844e-03,9.363821212686938844e-03,9.407798945903777382e-03,-1.212938487990726344e+00,1.895977973007177297e+00,-5.711669921875000000e-01,9.906328212216757023e-05,9.906328212216757023e-05,1.000002026557925833e-04
9.891026668038189484e+01,3.909489503813395004e+02,1.806690551757812386e+02,9.462884494809106414e-03,9.462884494809106414e-03,9.507799148559569966e-03,-1.033640223053410523e+00,1.809828988213382672e+00,-4.653320312500000000e-01,9.905273159281115236e-05,9.905273159281115236e-05,9.999945759773219700e-05
9.787662645732848432e+01,3.927587793695528831e+02,1.802037231445312386e+02,9.561937226401917567e-03,9.561937226401917567e-03,9.607798606157302163e-03,-9.359389676131542046e-01,1.815628013386742623e+00,-3.418518066406193157e-01,9.904365901538224326e-05,9.904365901538224326e-05,1.000002026557925833e-04
9.694068748971533012e+01,3.945744073829396257e+02,1.798618713378906193e+02,9.660980885417299810e-03,9.660980885417299810e-03,9.707798808813094746e-03,-1.009945050809861300e+00,1.688940402080902459e+00,-5.138610839843806843e-01,9.903385034069206450e-05,9.903385034069206450e-05,1.000002026557925833e-04
9.593074243890546882e+01,3.962633477850205281e+02,1.793480102539062386e+02,9.760014735757991874e-03,9.760014735757991874e-03,9.807799011468887329e-03,-1.211302635255677274e+00,1.498873614530566556e+00,-5.711486816406079470e-01,9.902330585959649711e-05,9.902330585959649711e-05,9.999945759773219700e-05
9.471943980364979154e+01,3.977622213995510947e+02,1.787768615722656307e+02,9.859038041617588372e-03,9.859038041617588372e-03,9.907798469066619526e-03,-1.277197302855554994e+00,1.463408299380773769e+00,-5.837402343750000000e-01,9.901423889110104459e-05,9.901423889110104459e-05,1.000002026557925833e-04
9.344224250079423655e+01,3.992256296989318685e+02,1.781931213378906307e+02,9.958052280508689416e-03,9.958052280508689416e-03,1.000779867172241211e-02,-1.411465211234002481e+00,1.451877742441013197e+00,-6.880920410156079470e-01,9.900443604221077776e-05,9.900443604221077776e-05,1.000002026557925833e-04
9.203077728956023407e+01,4.006775074413728817e+02,1.775050292968750227e+02,1.005705671655090019e-02,1.005705671655090019e-02,1.010779887437820469e-02,-1.596886248805290620e+00,1.786735990286729248e+00,-7.209716796875227374e-01,1.175543929360645112e-04,1.175543929360645112e-04,1.187495887279513967e-04
9.043389104075494345e+01,4.024642434316596109e+02,1.767840576171875000e+02,1.017461110948696471e-02,1.017461110948696471e-02,1.022654846310615609e-02,-1.379176198077203708e+00,1.758941976673327190e+00,-6.364685058593693157e-01,1.113550008060293361e-04,1.113550008060293361e-04,1.125000417232513428e-04
8.905471484267773974e+01,4.042231854083329381e+02,1.761475891113281307e+02,1.028596611029299404e-02,1.028596611029299404e-02,1.033904850482940743e-02,-8.264034019970978306e-01,1.057954374066639502e+00,-4.467224121093806843e-01,6.959067135993771136e-05,6.959067135993771136e-05,7.031261920928920384e-05
8.822831144068064191e+01,4.052811397823995776e+02,1.757008666992187500e+02,1.035555678165293175e-02,1.035555678165293175e-02,1.040936112403869664e-02,-1.430691299810007422e+00,1.001903222648934388e+00,-1.108172607421863631e+00,9.801248689106367706e-05,9.801248689106367706e-05,9.903758764266863690e-05
8.679762014087063449e+01,4.062830430050485120e+02,1.745926940917968864e+02,1.045356926854399543e-02,1.045356926854399543e-02,1.050839871168136527e-02,-1.931665714018663493e+00,6.249393421852573738e-01,-1.493426513671863631e+00,9.521243220630450088e-05,9.521243220630450088e-05,9.621754288673470268e-05
8.486595442685197099e+01,4.069079823472337694e+02,1.730992675781250227e+02,1.054878170075029993e-02,1.054878170075029993e-02,1.060461625456809998e-02,-6.275089358075831569e+00,-3.305971589333182692e+00,-5.474682617187511369e+00,9.557416396711003459e-05,9.557416396711003459e-05,9.659230709075858345e-05
7.859086506877613942e+01,4.036020107579005867e+02,1.676245849609375114e+02,1.064435586471740997e-02,1.064435586471740997e-02,1.070120856165885856e-02,-1.347580459202774250e+00,1.026722456434697506e+00,-9.259765625000113687e-01,1.003996511476697856e-04,1.003996511476697856e-04,1.014791429042819632e-04
7.724328460957336517e+01,4.046287332143352842e+02,1.666986083984375000e+02,1.074475551586507975e-02,1.074475551586507975e-02,1.080268770456314052e-02,-1.558936922504003064e+00,4.015466241841636474e-01,-1.346850585937488631e+00,1.003888350484555964e-04,1.003888350484555964e-04,1.014783978462215769e-04
7.568434768706936211e+01,4.050302798385194478e+02,1.653517578125000114e+02,1.084514435091353535e-02,1.084514435091353535e-02,1.090416610240936210e-02,-6.566588894218199357e-01,1.254452854149803898e+00,-4.710083007812500000e-01,1.038298772248445745e-04,1.038298772248445745e-04,1.049675047397613525e-04
7.502768879764754217e+01,4.062847326926692517e+02,1.648807495117187614e+02,1.094897422813837992e-02,1.094897422813837992e-02,1.100913360714912345e-02,-1.540167508802723972e+01,-4.659109004090214512e+01,-2.890252075195314774e+01,9.269084876008075458e-05,9.269084876008075458e-05,9.371563792228733425e-05
5.962601370962030245e+01,3.596936426517671066e+02,1.359782287597656136e+02,1.104166507689846068e-02,1.104166507689846068e-02,1.110284924507141079e-02,3.275940685872456015e-01,2.836512450662041829e+00,6.530822753906306843e-01,1.432569769318822045e-04,1.432569769318822045e-04,1.448579132556915283e-04
5.995360777820754805e+01,3.625301551024291484e+02,1.366313110351562443e+02,1.118492205383034288e-02,1.118492205383034288e-02,1.124770715832710231e-02,2.100448119758624443e-01,1.699538237589081291e+00,4.202514648437443157e-01,8.248254062795043473e-05,8.248254062795043473e-05,8.341372013092110405e-05
6.016365259018341050e+01,3.642296933400182297e+02,1.370515624999999886e+02,1.126740459445829332e-02,1.126740459445829332e-02,1.133112087845802342e-02,2.236816997515518324e-01,1.646690097605130632e+00,4.325988769531363687e-01,7.732065099532066388e-05,7.732065099532066388e-05,7.819980382919346218e-05
6.038733428993496233e+01,3.658763834376233604e+02,1.374841613769531250e+02,1.134472524545361398e-02,1.134472524545361398e-02,1.140932068228721688e-02,5.681159771354842292e-01,3.663732762120787356e+00,1.009600830078113631e+00,1.684436995992508179e-04,1.684436995992508179e-04,1.703798770904541016e-04
6.095545026707044656e+01,3.695401161997441477e+02,1.384937622070312386e+02,1.151316894505286480e-02,1.151316894505286480e-02,1.157970055937767098e-02,3.634418946530288963e-01,1.961735802928672001e+00,5.591125488281250000e-01,9.885059985091301793e-05,9.885059985091301793e-05,1.000002026557908485e-04
6.131889216172347545e+01,3.715018520026728197e+02,1.390528747558593636e+02,1.161201954490377782e-02,1.161201954490377782e-02,1.167970076203346183e-02,3.319685420586182545e-01,1.605152813986933324e+00,4.250915527343863687e-01,9.884082937541144309e-05,9.884082937541144309e-05,1.000002026557925833e-04
6.165086070378209371e+01,3.731070048166597530e+02,1.394779663085937500e+02,1.171086037427918926e-02,1.171086037427918926e-02,1.177970096468925441e-02,3.046113745419987140e-01,1.235123496009464361e+00,2.822448730468636313e-01,9.883032452073954588e-05,9.883032452073954588e-05,9.999945759773219700e-05
6.195547207832409242e+01,3.743421283126692174e+02,1.397602111816406136e+02,1.180969069879992880e-02,1.180969069879992880e-02,1.187970042228698661e-02,7.657744485645423538e-02,2.788018702047452280e-01,5.674438476563636868e-02,2.470660726368832660e-05,2.470660726368832660e-05,2.500042319297790527e-05
6.203204952318054666e+01,3.746209301828739626e+02,1.398169555664062500e+02,1.183439730606361713e-02,1.183439730606361713e-02,1.190470084547996452e-02,-4.877372228531910991e-01,-5.193530421261073116e+00,-2.288354492187494316e+00,1.173456565530736628e-04,1.173456565530736628e-04,1.187495887279513967e-04
6.154431230032735556e+01,3.694273997616128895e+02,1.375286010742187557e+02,1.195174296261669079e-02,1.195174296261669079e-02,1.202345043420791591e-02,5.064629884765281531e-02,-4.931683621748561563e-01,-3.672241210937556843e-01,8.336894557121367344e-05,8.336894557121367344e-05,8.437484502792427787e-05
6.159495859917500837e+01,3.689342313994380333e+02,1.371613769531250000e+02,1.203511190818790447e-02,1.203511190818790447e-02,1.210782527923584019e-02,2.973162092212646712e-01,4.944566079046808227e-01,2.869262695310226263e-02,1.111480288467185662e-04,1.111480288467185662e-04,1.125000417232513428e-04
6.189227480839627304e+01,3.694286880073427142e+02,1.371900695800781023e+02,1.214625993703462303e-02,1.214625993703462303e-02,1.222032532095909153e-02,3.431658627354536861e-01,9.463236895902014112e-01,2.063842773437727374e-01,1.041901963997494268e-04,1.041901963997494268e-04,1.054689288139346731e-04
6.223544067113172673e+01,3.703750116969329156e+02,1.373964538574218750e+02,1.225045013343437246e-02,1.225045013343437246e-02,1.232579424977302621e-02,4.480715135439794494e-01,1.668725328195193924e+00,4.001281738281363687e-01,1.250142023413863823e-04,1.250142023413863823e-04,1.265630125999450684e-04
6.268351218467570618e+01,3.720437370251281095e+02,1.377965820312500114e+02,1.237546433577575884e-02,1.237546433577575884e-02,1.245235726237297127e-02,2.148444686414592297e-01,1.092591907812789032e+00,9.136962890625000000e-02,9.374929284972251253e-05,9.374929284972251253e-05,9.492114186286822186e-05
6.289835665331716541e+01,3.731363289329408985e+02,1.378879516601562614e+02,1.246921362862548135e-02,1.246921362862548135e-02,1.254727840423583950e-02,1.834808060319019773e-01,1.099117331026491229e+00,-1.916503906250000000e-02,9.875614408596730676e-05,9.875614408596730676e-05,1.000002026557925833e-04
6.308183745934906739e+01,3.742354462639673898e+02,1.378687866210937614e+02,1.256796977271144866e-02,1.256796977271144866e-02,1.264727860689163208e-02,5.469095113661381902e-02,5.452831609545114588e-01,-4.154052734375000000e-01,9.874639227301813815e-05,9.874639227301813815e-05,1.000002026557925833e-04
6.313652841048568121e+01,3.747807294249219012e+02,1.374533813476562614e+02,1.266671616498446680e-02,1.266671616498446680e-02,1.274727880954742466e-02,-3.694345009440517913e+00,-1.333510997494698813e+01,-9.173352050781261369e+00,5.554083677631986571e-05,5.554083677631986571e-05,5.625039339065586452e-05
5.944218340104516329e+01,3.614456194499749131e+02,1.282800292968750000e+02,1.272225700176078667e-02,1.272225700176078667e-02,1.280352920293808053e-02,-8.346187586801370628e+00,-4.321770590126374145e+01,-2.195358276367187500e+01,9.550054493122524246e-05,9.550054493122524246e-05,9.672790765762225018e-05
5.109599581424379267e+01,3.182279135487111716e+02,1.063264465332031250e+02,1.281775754669201191e-02,1.281775754669201191e-02,1.290025711059570278e-02,-1.577654775467903647e+01,-1.270323018514164914e+02,-4.361488952636718608e+01,1.176679391510105505e-04,1.176679391510105505e-04,1.191928982734683645e-04
3.531944805956475619e+01,1.911956116972946802e+02,6.271155700683593892e+01,1.293542548584302246e-02,1.293542548584302246e-02,1.301945000886917114e-02,1.127585539308668672e-01,4.015885862236814319e-01,1.101989746093323674e-02,8.567121351293026377e-05,8.567121351293026377e-05,8.679032325744663601e-05
3.543220661349562306e+01,1.915972002835183616e+02,6.272257690429687216e+01,1.302109669935595272e-02,1.302109669935595272e-02,1.310624033212661778e-02,2.481428613181506648e-01,6.014426656931846082e-01,-4.721679687499857891e-02,1.757924565277766554e-04,1.757924565277766554e-04,1.781120896339419973e-04
3.568034947481377372e+01,1.921986429492115462e+02,6.267536010742187358e+01,1.319688915588372938e-02,1.319688915588372938e-02,1.328435242176055978e-02,1.464026440854979683e-01,2.676998501854086498e-01,-5.707092285155823674e-02,9.868431134111600722e-05,9.868431134111600722e-05,1.000002026557908485e-04
3.582675211889927169e+01,1.924663427993969549e+02,6.261828918457031534e+01,1.329557346722484538e-02,1.329557346722484538e-02,1.338435262441635062e-02,1.348200633915581648e-01,1.773617731149386145e-01,-8.930053710938068434e-02,9.867457370853378873e-05,9.867457370853378873e-05,1.000002026557925833e-04
3.596157218229082986e+01,1.926437045725118935e+02,6.252898864746093466e+01,1.339424804093337917e-02,1.339424804093337917e-02,1.348435282707214321e-02,1.174095238993118073e-01,1.257116066426533507e-01,-1.254302978515582367e-01,9.866483799791762876e-05,9.866483799791762876e-05,1.000002026557925833e-04
3.607898170619014167e+01,1.927694161791545469e+02,6.240355834960937642e+01,1.349291287893129680e-02,1.349291287893129680e-02,1.358435302972793579e-02,9.222903734485043969e-02,7.837678682423643295e-02,-1.526000976562542633e-01,9.865363420778414105e-05,9.865363420778414105e-05,9.999871253967354545e-05
3.617121074353499210e+01,1.928477929659787833e+02,6.225095825195312216e+01,1.359156651313908094e-02,1.359156651313908094e-02,1.368435174226760934e-02,7.729103818380167468e-02,-4.113183931212915923e-02,-2.032440185546846578e-01,9.864537248354017518e-05,9.864537248354017518e-05,1.000002026557908485e-04
3.624850178171879378e+01,1.928066611266666541e+02,6.204771423339843750e+01,1.369021188562262112e-02,1.369021188562262112e-02,1.378435194492340019e-02,7.659702662682832397e-02,-8.167680336552507470e-02,-2.188507080078139211e-01,9.863564253361628564e-05,9.863564253361628564e-05,1.000002026557925833e-04
3.632509880834562210e+01,1.927249843233011291e+02,6.182886352539062358e+01,1.378884752815623740e-02,1.378884752815623740e-02,1.388435214757919277e-02,8.371625295300333391e-02,-1.215901184402525814e-01,-2.329101562499928946e-01,9.862591450337902799e-05,9.862591450337902799e-05,1.000002026557925833e-04
3.640881506129862544e+01,1.926033942048608765e+02,6.159595336914063068e+01,1.388747344265961643e-02,1.388747344265961643e-02,1.398435235023498535e-02,8.299241582604821588e-02,-2.077382708488357821e-01,-2.652465820312528422e-01,9.861618839160715688e-05,9.861618839160715688e-05,1.000002026557925833e-04
3.649180747712467365e+01,1.923956559340120407e+02,6.133070678710937784e+01,1.398608963105122359e-02,1.398608963105122359e-02,1.408435255289077793e-02,7.860692162675775307e-02,-2.539362991020368554e-01,-2.771850585937585265e-01,9.860646419772994831e-05,9.860646419772994831e-05,1.000002026557925833e-04
3.657041439875143141e+01,1.921417196349100038e+02,6.105352172851561932e+01,1.408469609524895354e-02,1.408469609524895354e-02,1.418435275554657052e-02,-1.154567439025768749e-01,-1.866779003458901798e+00,-1.018484497070303973e+00,9.859674192183760788e-05,9.859674192183760788e-05,1.000002026557908485e-04
3.645495765484885453e+01,1.902749406314511020e+02,6.003503723144531534e+01,1.418329283717079115e-02,1.418329283717079115e-02,1.428435295820236137e-02,-4.389314444366554824e+00,-2.996504005108502611e+01,-1.274049682617187784e+01,1.555650228710937777e-05,1.555650228710937777e-05,1.577883958816563015e-05
3.206564321048229971e+01,1.603099005803660759e+02,4.729454040527343750e+01,1.419884933945790052e-02,1.419884933945790052e-02,1.430013179779052700e-02,-6.570326634320441173e+00,-3.916960172257221018e+01,-1.638023986816406108e+01,1.100022021603176692e-04,1.100022021603176692e-04,1.115813851356502878e-04
2.549531657616185853e+01,1.211402988577938657e+02,3.091430053710937642e+01,1.430885154161821819e-02,1.430885154161821819e-02,1.441171318292617728e-02,-4.713828069019854183e-02,-6.324175551190904798e-01,-4.605651855468764211e-01,9.211336671611364268e-05,9.211336671611364268e-05,9.344518184661865234e-05
2.544817829547165999e+01,1.205078813026747753e+02,3.045373535156250000e+01,1.440096490833433183e-02,1.440096490833433183e-02,1.450515836477279594e-02,-7.952815391457136229e+00,-5.080900884267927609e+01,-2.233375854492187429e+01,1.054976448983009629e-04,1.054976448983009629e-04,1.070335507392886770e-04
1.749536290401452376e+01,6.969887245999549918e+01,8.119976806640625711e+00,1.450646255323263280e-02,1.450646255323263280e-02,1.461219191551208461e-02,-6.339734078342722512e-01,-6.369684765718773178e+00,-2.428486442565919390e+00,8.905238744848394117e-05,8.905238744848394117e-05,9.035766124725411186e-05
1.686138949618025151e+01,6.332918769427672601e+01,5.691490364074706321e+00,1.459551494068111674e-02,1.459551494068111674e-02,1.470254957675933873e-02,2.825366004435991840e-02,-5.992073625550631277e-02,-3.788122177124018108e-01,1.042392865879693958e-04,1.042392865879693958e-04,1.057773828506466257e-04
1.688964315622461143e+01,6.326926695802121969e+01,5.312678146362304510e+00,1.469975422726908613e-02,1.469975422726908613e-02,1.480832695960998535e-02,3.283219580010765526e-02,-1.156738999060493711e-01,-6.365158081054689276e-01,1.725848915714815052e-04,1.725848915714815052e-04,1.751556992530822754e-04
1.692247535202471909e+01,6.315359305811517032e+01,4.676162338256835582e+00,1.487233911884056764e-02,1.487233911884056764e-02,1.498348265886306763e-02,2.055139089566893063e-02,-2.595149328953993972e-02,-3.560621261596672582e-01,9.851911728550252767e-05,9.851911728550252767e-05,1.000002026557925833e-04
1.694302674292038802e+01,6.312764156482563038e+01,4.320100212097168324e+00,1.497085823612607017e-02,1.497085823612607017e-02,1.508348286151886021e-02,3.472114699546224870e-02,4.913996918990193308e-02,-3.252725601196293503e-01,9.850941222494177807e-05,9.850941222494177807e-05,1.000002026557925833e-04
1.697774788991585027e+01,6.317678153401553232e+01,3.994827651977538974e+00,1.506936764835101195e-02,1.506936764835101195e-02,1.518348306417465279e-02,3.531945281098813894e-02,5.901372839504404055e-02,-3.219569206237791192e-01,9.849970907670549392e-05,9.849970907670549392e-05,1.000002026557908485e-04
1.701306734272683840e+01,6.323579526241057636e+01,3.672870731353759854e+00,1.516786735742771744e-02,1.516786735742771744e-02,1.528348326683044364e-02,4.478332700516318710e-02,8.401208049953368118e-02,-3.147109031677248758e-01,9.849000783936079362e-05,9.849000783936079362e-05,1.000002026557925833e-04
1.705785066973200159e+01,6.331980734291011004e+01,3.358159828186034979e+00,1.526635736526707823e-02,1.526635736526707823e-02,1.538348346948623623e-02,5.118352534107728502e-02,1.095756371693710207e-01,-3.065249443054196554e-01,9.848030851321298851e-05,9.848030851321298851e-05,1.000002026557925833e-04
1.710903419507307888e+01,6.342938298007948106e+01,3.051634883880615323e+00,1.536483767378029122e-02,1.536483767378029122e-02,1.548348367214202881e-02,5.013640875927549700e-02,1.069181819796938271e-01,-3.000764846801762253e-01,9.847061109704430271e-05,9.847061109704430271e-05,1.000002026557925833e-04
1.715917060383235437e+01,6.353630116205917489e+01,2.751558399200439098e+00,1.546330828487733552e-02,1.546330828487733552e-02,1.558348387479782139e-02,5.020791755674025580e-02,1.108620330117062736e-01,-2.979920387268064630e-01,9.845944848360481394e-05,9.845944848360481394e-05,9.999871253967181073e-05
1.720937852138909463e+01,6.364716319507088116e+01,2.453566360473632635e+00,1.556176773336094034e-02,1.556176773336094034e-02,1.568348258733749320e-02,-8.617789412347391931e-01,-2.730242101462671656e+00,-1.474754357337951571e+00,9.845122213725764071e-05,9.845122213725764071e-05,1.000002026557943180e-04
1.634759958015435544e+01,6.091692109360820950e+01,9.788120031356811745e-01,1.566021895549819798e-02,1.566021895549819798e-02,1.578348278999328752e-02,4.133571371393784943e-02,1.719151782995922417e-01,-2.872546464204788208e-01,9.844153044848494294e-05,9.844153044848494294e-05,1.000002026557908485e-04
1.638893529386829329e+01,6.108883627190780174e+01,6.915573567152023537e-01,1.575866048594668292e-02,1.575866048594668292e-02,1.588348299264907837e-02,5.072265475964954362e-02,2.076040017811564553e-01,-2.746106594800949430e-01,9.843184066743795868e-05,9.843184066743795868e-05,1.000002026557908485e-04
1.643965794862794283e+01,6.129644027368895820e+01,4.169466972351074108e-01,1.585709232661412088e-02,1.585709232661412088e-02,1.598348319530486922e-02,5.181761638565163253e-02,2.011071134856905473e-01,-2.768530607223510520e-01,9.842215279354943336e-05,9.842215279354943336e-05,1.000002026557943180e-04
1.649147556501359446e+01,6.149754738717464875e+01,1.400936365127563588e-01,1.595551447940767031e-02,1.595551447940767031e-02,1.608348339796066354e-02,5.267100906784705217e-02,2.017533353737874791e-01,-2.770145893096923606e-01,9.841246682691304204e-05,9.841246682691304204e-05,1.000002026557908485e-04
1.654414657408144151e+01,6.169930072254843623e+01,-1.369209527969360018e-01,1.605392694623458336e-02,1.605392694623458336e-02,1.618348360061645438e-02,5.289195475745245290e-02,2.028215340499173180e-01,-2.786275029182433971e-01,9.840278276609243369e-05,9.840278276609243369e-05,1.000002026557943180e-04
1.659703852883889397e+01,6.190212225659835354e+01,-4.155484557151793990e-01,1.615232972900067579e-02,1.615232972900067579e-02,1.628348380327224870e-02,5.152021087492997253e-02,2.034930118833386814e-01,-2.794884562492371272e-01,9.839310061139985852e-05,9.839310061139985852e-05,1.000002026557908485e-04
1.664855873971382394e+01,6.210561526848169223e+01,-6.950369119644165261e-01,1.625072282961207565e-02,1.625072282961207565e-02,1.638348400592803955e-02,5.109416337459293800e-02,2.043941376858455783e-01,-2.797912120819091575e-01,9.838195440935865177e-05,9.838195440935865177e-05,9.999871253967354545e-05
1.669965290308841688e+01,6.231000940616753780e+01,-9.748281240463256836e-01,1.634910478402143430e-02,1.634910478402143430e-02,1.648348271846771310e-02,5.248757413504989700e-02,2.207392812659492165e-01,-2.713724613189698598e-01,9.837374216059568965e-05,9.837374216059568965e-05,1.000002026557908485e-04
1.675214047722346677e+01,6.253074868743348702e+01,-1.246200585365295543e+00,1.644747852618202999e-02,1.644747852618202999e-02,1.658348292112350394e-02,5.425679209639255873e-02,2.311071946566798374e-01,-2.645093679428098810e-01,9.836406571912814645e-05,9.836406571912814645e-05,1.000002026557943180e-04
1.680639726931985933e+01,6.276185588209016686e+01,-1.510709953308105424e+00,1.654584259190115814e-02,1.654584259190115814e-02,1.668348312377929826e-02,5.539972782114332972e-02,2.366933644888575827e-01,-2.619453430175779918e-01,9.835439118154390425e-05,9.835439118154390425e-05,1.000002026557908485e-04
1.686179699714100266e+01,6.299854924657902444e+01,-1.772655296325683416e+00,1.664419698308270204e-02,1.664419698308270204e-02,1.678348332643508911e-02,5.739174537258406872e-02,2.450244708460829202e-01,-2.567121982574462891e-01,9.834471854661477885e-05,9.834471854661477885e-05,1.000002026557908485e-04
1.691918874251358673e+01,6.324357371742510736e+01,-2.029367494583129705e+00,1.674254170162931682e-02,1.674254170162931682e-02,1.688348352909087996e-02,5.884432330065081374e-02,2.532462925237410900e-01,-2.510396003723149860e-01,9.833504781378912818e-05,9.833504781378912818e-05,1.000002026557943180e-04
1.697803306581423755e+01,6.349682000994884845e+01,-2.280407094955444691e+00,1.684087674944310595e-02,1.684087674944310595e-02,1.698348373174667428e-02,5.944685995580201165e-02,2.532514184499206067e-01,-2.507965564727778762e-01,9.832537898315715785e-05,9.832537898315715785e-05,1.000002026557908485e-04
1.703747992577003956e+01,6.375007142839876906e+01,-2.531203651428222567e+00,1.693920212842626311e-02,1.693920212842626311e-02,1.708348393440246513e-02,6.058657216404483847e-02,2.639100440976136497e-01,-2.433444976806642401e-01,9.831424711007757944e-05,9.831424711007757944e-05,9.999871253967354545e-05
1.709806649793408440e+01,6.401398147249638271e+01,-2.774548149108886808e+00,1.703751637553634068e-02,1.703751637553634068e-02,1.718348264694213867e-02,6.119734944442356550e-02,2.661898285807922093e-01,-2.436653137207032138e-01,9.830604716848725944e-05,9.830604716848725944e-05,1.000002026557908485e-04
1.715926384737850796e+01,6.428017130107717492e+01,-3.018213462829590021e+00,1.713582242270482794e-02,1.713582242270482794e-02,1.728348284959792952e-02,6.145588275335356343e-02,2.682031635271329151e-01,-2.451936721801755148e-01,9.829638403929460977e-05,9.829638403929460977e-05,1.000002026557943180e-04
1.722071973013186152e+01,6.454837446460430783e+01,-3.263407135009765536e+00,1.723411880674412255e-02,1.723411880674412255e-02,1.738348305225372384e-02,6.177348599708309962e-02,2.667145094331857536e-01,-2.403969764709472656e-01,9.828672281005437772e-05,9.828672281005437772e-05,1.000002026557908485e-04
1.728249321612894462e+01,6.481508897403749359e+01,-3.503804111480712802e+00,1.733240552955417693e-02,1.733240552955417693e-02,1.748348325490951469e-02,6.320757731563730886e-02,2.685978855599842063e-01,-2.404730796813967508e-01,9.827706347933021225e-05,9.827706347933021225e-05,1.000002026557943180e-04
1.734570079344458193e+01,6.508368685959747779e+01,-3.744277191162109553e+00,1.743068259303350714e-02,1.743068259303350714e-02,1.758348345756530900e-02,6.233142964627447213e-02,2.707116253896089120e-01,-2.409308433532713067e-01,9.826740604743783303e-05,9.826740604743783303e-05,1.000002026557908485e-04
1.740803222309085641e+01,6.535439848498708670e+01,-3.985208034515380859e+00,1.752894999908094498e-02,1.752894999908094498e-02,1.768348366022109985e-02,6.187744003852557739e-02,2.754598854668159902e-01,-2.395613670349119317e-01,9.825775051316640307e-05,9.825775051316640307e-05,1.000002026557908485e-04
1.746990966312938198e+01,6.562985837045390269e+01,-4.224769401550292791e+00,1.762720774959411138e-02,1.762720774959411138e-02,1.778348386287689070e-02,6.352472229981032115e-02,2.766495747208210787e-01,-2.402240753173829901e-01,9.824663294018612381e-05,9.824663294018612381e-05,9.999871253967354545e-05
1.753343438542919230e+01,6.590650794517472377e+01,-4.464993476867675781e+00,1.772545438253429750e-02,1.772545438253429750e-02,1.788348257541656425e-02,6.387706934757275690e-02,2.800455053501735847e-01,-2.384307861328132105e-01,9.823844527947350747e-05,9.823844527947350747e-05,1.000002026557943180e-04
1.759731145477676506e+01,6.618655345052489736e+01,-4.703424263000488992e+00,1.782369282781377101e-02,1.782369282781377101e-02,1.798348277807235857e-02,6.442522855450150132e-02,2.840823555115434829e-01,-2.365653991699208092e-01,9.822879543553916792e-05,9.822879543553916792e-05,1.000002026557908485e-04
1.766173668333126656e+01,6.647063580603644084e+01,-4.939989662170409801e+00,1.792192162324931018e-02,1.792192162324931018e-02,1.808348298072814941e-02,6.417808984396700112e-02,2.896988620762073197e-01,-2.335968017578125000e-01,9.821914748698451492e-05,9.821914748698451492e-05,1.000002026557908485e-04
1.772591477317523356e+01,6.676033466811264816e+01,-5.173586463928222301e+00,1.802014077073629469e-02,1.802014077073629469e-02,1.818348318338394026e-02,6.428202835380147917e-02,2.872870864143663994e-01,-2.343009948730472303e-01,9.820950143325096748e-05,9.820950143325096748e-05,1.000002026557943180e-04
1.779019680152903504e+01,6.704762175452701456e+01,-5.407887458801269531e+00,1.811835027216954566e-02,1.811835027216954566e-02,1.828348338603973458e-02,6.472008879512003432e-02,2.902760440715894674e-01,-2.304159164428707385e-01,9.819985727443913959e-05,9.819985727443913959e-05,1.000002026557908485e-04
1.785491689032415508e+01,6.733789779859860403e+01,-5.638303375244140270e+00,1.821655012944398480e-02,1.821655012944398480e-02,1.838348358869552543e-02,6.246660383579438758e-02,2.936761437589723300e-01,-2.289405822753911579e-01,9.819021500911268019e-05,9.819021500911268019e-05,1.000002026557943180e-04
1.791738349415994946e+01,6.763157394235757636e+01,-5.867243957519531428e+00,1.831474034445309748e-02,1.831474034445309748e-02,1.848348379135131975e-02,6.189257954741833601e-02,2.959270946169141325e-01,-2.291688919067382812e-01,9.818057463759077841e-05,9.818057463759077841e-05,1.000002026557908485e-04
1.797927607370736780e+01,6.792750103697449049e+01,-6.096412849426269709e+00,1.841292091909068826e-02,1.841292091909068826e-02,1.858348399400711060e-02,6.173804095461576935e-02,2.990490491164052855e-01,-2.291505813598631036e-01,9.816947337234691040e-05,9.816947337234691040e-05,9.999871253967354545e-05
1.804101411466198357e+01,6.822655008609089577e+01,-6.325563430786132812e+00,1.851109039246303517e-02,1.851109039246303517e-02,1.868348270654678414e-02,6.158195153360068730e-02,2.959104174644693330e-01,-2.318096160888671875e-01,9.816129971555731526e-05,9.816129971555731526e-05,1.000002026557908485e-04
1.810259606619558426e+01,6.852246050355536511e+01,-6.557373046875000000e+00,1.860925169217859249e-02,1.860925169217859249e-02,1.878348290920257499e-02,-2.030310944840607590e-02,-9.669252042333198460e-02,-1.220363616943362928e-01,1.671932775929724224e-05,1.671932775929724224e-05,1.703351736068864364e-05
1.808229295674717818e+01,6.842576798313203312e+01,-6.679409408569336293e+00,1.862597101993788973e-02,1.862597101993788973e-02,1.880051642656326363e-02,7.045425987117326372e-02,3.622603299268263299e-01,-2.892221450805667615e-01,1.210009285322923012e-04,1.210009285322923012e-04,1.232832670211778114e-04
1.815274721661835144e+01,6.878802831305885945e+01,-6.968631553649903054e+00,1.874697194847018203e-02,1.874697194847018203e-02,1.892379969358444144e-02,9.764190908720138395e-02,4.833529868051158473e-01,-3.712444305419921875e-01,1.573711484967321717e-04,1.573711484967321717e-04,1.603618264198296284e-04
1.825038912570555283e+01,6.927138129986397530e+01,-7.339875984191895242e+00,1.890434309696691420e-02,1.890434309696691420e-02,1.908416152000427107e-02,6.142315408285625722e-02,2.976418837786667382e-01,-2.345773696899406957e-01,9.812270700140443558e-05,9.812270700140443558e-05,1.000002026557943180e-04
1.831181227978840909e+01,6.956902318364264204e+01,-7.574453353881835938e+00,1.900246580396831864e-02,1.900246580396831864e-02,1.918416172266006539e-02,6.188742273378267100e-02,3.001873424488934461e-01,-2.348896026611324572e-01,9.811161795635764404e-05,9.811161795635764404e-05,9.999871253967354545e-05
1.837369970252219176e+01,6.986921052609153548e+01,-7.809342956542968395e+00,1.910057742192467628e-02,1.910057742192467628e-02,1.928416043519973894e-02,6.215122430193886771e-02,3.011222841645349035e-01,-2.349269866943366480e-01,9.810345479194584883e-05,9.810345479194584883e-05,1.000002026557908485e-04
1.843585092682413062e+01,7.017033281025607039e+01,-8.044269943237305043e+00,1.919868087671662213e-02,1.919868087671662213e-02,1.938416063785552979e-02,6.230618059850812074e-02,3.008066724061961850e-01,-2.361537933349602270e-01,9.809383144818162314e-05,9.809383144818162314e-05,1.000002026557908485e-04
1.849815710742263875e+01,7.047113948266226657e+01,-8.280423736572265270e+00,1.929677470816480375e-02,1.929677470816480375e-02,1.948416084051132063e-02,6.211424409134380653e-02,3.042061103555795398e-01,-2.355739593505870033e-01,9.808420999199429779e-05,9.808420999199429779e-05,1.000002026557943180e-04
1.856027135151398255e+01,7.077534559301784611e+01,-8.515997695922852273e+00,1.939485891815679805e-02,1.939485891815679805e-02,1.958416104316711495e-02,6.201560249018456261e-02,2.980158742805798511e-01,-2.358230590820298289e-01,9.807459042348101730e-05,9.807459042348101730e-05,1.000002026557908485e-04
1.862228695400416711e+01,7.107336146729842596e+01,-8.751820755004882102e+00,1.949293350858027907e-02,1.949293350858027907e-02,1.968416124582290580e-02,5.941632849233258185e-02,2.972700348160230988e-01,-2.352264404296882105e-01,9.806497274121930841e-05,9.806497274121930841e-05,1.000002026557943180e-04
1.868170328249649970e+01,7.137063150211444906e+01,-8.987047195434570312e+00,1.959099848132149838e-02,1.959099848132149838e-02,1.978416144847870012e-02,5.873510529144709835e-02,2.999414176700412327e-01,-2.345996856689449572e-01,9.805535694552489079e-05,9.805535694552489079e-05,1.000002026557908485e-04
1.874043838778794679e+01,7.167057291978449030e+01,-9.221646881103515270e+00,1.968905383826702327e-02,1.968905383826702327e-02,1.988416165113449097e-02,1.469134899805624173e-02,7.543005641794309213e-02,-5.859069824218821054e-02,2.451197173219954450e-05,2.451197173219954450e-05,2.499967813491751900e-05
1.875512973678600304e+01,7.174600297620243339e+01,-9.280237579345703480e+00,1.971356580999922281e-02,1.971356580999922281e-02,1.990916132926940849e-02,-1.769820873148795215e-01,-1.446873316990590297e+00,-1.208445739746093039e+00,8.906177836007916904e-05,8.906177836007916904e-05,9.083896875381608504e-05
