Sigma_1,Sigma_2,Sigma_12,Epsilon_1,Epsilon_2,Epsilon_12,dSigma_1,dSigma_2,dSigma_12,dEpsilon_1,dEpsilon_2,dEpsilon_12
-0.000000000000000000e+00,-0.000000000000000000e+00,-0.000000000000000000e+00,0.000000000000000000e+00,0.000000000000000000e+00,0.000000000000000000e+00,1.431751085974414117e+01,2.728741817190494245e+01,2.159438171386718608e+01,1.333245136466212346e-04,3.999200403183193276e-04,2.666659886017441641e-04
1.431751085974414117e+01,2.728741817190494245e+01,2.159438171386718608e+01,1.333245136466212346e-04,3.999200403183193276e-04,2.666659886017441641e-04,1.072620973256194965e+01,2.044941051381814745e+01,1.616772308349609233e+01,9.998170976860729477e-05,2.998350955465478107e-04,1.999994972720742334e-04
2.504372059230609082e+01,4.773682868572308990e+01,3.776210479736327841e+01,2.333062234152285294e-04,6.997551358648671383e-04,4.666654858738183975e-04,7.145507869609684093e+00,1.362564768641339441e+01,1.076607666015625853e+01,6.664892784620174231e-05,1.998400682629553581e-04,1.333330292254686356e-04
3.218922846191577491e+01,6.136247637213648431e+01,4.852818145751953693e+01,2.999551512614302717e-04,8.995952041278224964e-04,5.999985150992870331e-04,1.427831697532150201e+01,2.723378703233639442e+01,2.150241851806640625e+01,1.332845309335490311e-04,3.995605542795829281e-04,2.666659653186798313e-04
4.646754543723727693e+01,8.859626340447287873e+01,7.003059997558594318e+01,4.332396821949793028e-04,1.299155758407405424e-03,8.666644804179668643e-04,7.132813140364703486e+00,1.360815026703235731e+01,1.073635559082029545e+01,6.663562754297103988e-05,1.997203318511342647e-04,1.333329826593399698e-04
5.360035857760198041e+01,1.022044136715052360e+02,8.076695556640623863e+01,4.998753097379503426e-04,1.498876090258539689e-03,9.999974630773068342e-04,1.069020680933726908e+01,2.040060783512494424e+01,1.608428039550781818e+01,9.994504667126780876e-05,2.995057737740641768e-04,1.999995671212672320e-04
6.429056538693924949e+01,1.226050215066301803e+02,9.685123596191405682e+01,5.998203564092181514e-04,1.798381864032603866e-03,1.199997030198574066e-03,1.422039122400937572e+01,2.716541274695944708e+01,2.137903747558594603e+01,1.332445721943557263e-04,3.992016675598575055e-04,2.666659653186797228e-04
7.851095661094862521e+01,1.497704342535896274e+02,1.182302734375000028e+02,7.330649286035738777e-04,2.197583531592461371e-03,1.466662995517253789e-03,1.062880425984204180e+01,2.032967106889338993e+01,1.595611572265623579e+01,9.992179093262407684e-05,2.992967041546517985e-04,1.999994739890099005e-04
8.913976087079066701e+01,1.701001053224830173e+02,1.341863891601562386e+02,8.329867195361979545e-04,2.496880235747113170e-03,1.666662469506263690e-03,7.062148308426344556e+00,1.352370186685618592e+01,1.058801879882813068e+01,6.660894983419351264e-05,1.994813818423663704e-04,1.333329826593398614e-04
9.620190917921701157e+01,1.836238071893392032e+02,1.447744079589843693e+02,8.995956693703914672e-04,2.696361617589479540e-03,1.799995452165603551e-03,1.055432542389273465e+01,2.023252681802816255e+01,1.580675048828126705e+01,9.990519961912728512e-05,2.991472953544262875e-04,1.999994739890101174e-04
1.067562346031097462e+02,2.038563340073673658e+02,1.605811584472656364e+02,9.995008689895187523e-04,2.995508912943905828e-03,1.999994926154613668e-03,1.050351766379252183e+01,2.015466516588625723e+01,1.570466918945311363e+01,9.989512653698793751e-05,2.990580186635464523e-04,1.999996602535247803e-04
1.172597522669022680e+02,2.240109991732536230e+02,1.762858276367187500e+02,1.099395995526506690e-03,3.294566931607452280e-03,2.199994586408138449e-03,1.043092724417182637e+01,2.004423317187283260e+01,1.557199096679687500e+01,9.988514849765305417e-05,2.989684241066288724e-04,1.999994739890096837e-04
1.276906795110740944e+02,2.440552323451264556e+02,1.918578186035156250e+02,1.199281144024159744e-03,3.593535355714081152e-03,2.399994060397148132e-03,1.370613134400598199e+01,2.637773179094756415e+01,2.040680541992185226e+01,1.331647730550436590e-04,3.984858247726521564e-04,2.666659653186797228e-04
1.413968108550800764e+02,2.704329641360740197e+02,2.122646240234374773e+02,1.332445917079203403e-03,3.992021180486733309e-03,2.666660025715827855e-03,1.005218200477992241e+01,1.934723319854225565e+01,1.489552001953126137e+01,9.986187414604452868e-05,2.987603820756752626e-04,1.999994739890101174e-04
1.514489928598599988e+02,2.897801973346162754e+02,2.271601440429687386e+02,1.432307791225247932e-03,4.290781562562408571e-03,2.866659499704837973e-03,9.874810573855256735e+00,1.891861779508423069e+01,1.449046630859373863e+01,9.985199573747552231e-05,2.986707801447240074e-04,1.999994739890096837e-04
1.613238034337152556e+02,3.086988151297005061e+02,2.416506103515624773e+02,1.532159786962723454e-03,4.589452342707132579e-03,3.066658973693847656e-03,9.690795046837735072e+00,1.838413785349052887e+01,1.399570312500003411e+01,9.984193333158046003e-05,2.985816025436712276e-04,1.999996602535247803e-04
1.710145984805529906e+02,3.270829529831910349e+02,2.556463134765625114e+02,1.632001720294303914e-03,4.888033945250803806e-03,3.266658633947372437e-03,9.387890278017636092e+00,1.784264137003026462e+01,1.332888183593746589e+01,9.983196591508715877e-05,2.984928487825156546e-04,1.999992877244950208e-04
1.804024887585706267e+02,3.449255943532212996e+02,2.689751953124999773e+02,1.731833686209391073e-03,5.186526794033319461e-03,3.466657921671867457e-03,6.141231703155398236e+00,1.162203901676491569e+01,8.587780761718761369e+00,6.654910747241849986e-05,1.989456216230922614e-04,1.333329826593396446e-04
1.865437204617260250e+02,3.565476333699862153e+02,2.775629760742187386e+02,1.798382793681809573e-03,5.385472415656411722e-03,3.599990904331207102e-03,1.211188394773915888e+01,2.270241840302207947e+01,1.669692382812502274e+01,1.330849300671974132e-04,3.977721741404019809e-04,2.666659653186801565e-04
1.986556044094651838e+02,3.792500517730082947e+02,2.942598999023437614e+02,1.931467723749006986e-03,5.783244589796813703e-03,3.866656869649887258e-03,5.977319857495444921e+00,1.121516795032914615e+01,8.173693847656238631e+00,6.653600966612582476e-05,1.988269544400183761e-04,1.333329826593400783e-04
2.046329242669606288e+02,3.904652197233374409e+02,3.024335937500000000e+02,1.998003733415132811e-03,5.982071544236832079e-03,3.999989852309227337e-03,1.161086125572418837e+01,2.216285907317211468e+01,1.561933593750001137e+01,1.330583679472522284e-04,3.975357218527590664e-04,2.666659653186792892e-04
2.162437855226848171e+02,4.126280787965095556e+02,3.180529296875000114e+02,2.131062101362385039e-03,6.379607266089591146e-03,4.266655817627906626e-03,5.620784370522358131e+00,1.094708772164466382e+01,7.468762207031261369e+00,6.652254536391490058e-05,1.987080585046756276e-04,1.333333551883702714e-04
2.218645698932071753e+02,4.235751665181542194e+02,3.255216918945312727e+02,2.197584646726299940e-03,6.578315324594266773e-03,4.399989172816276897e-03,1.111780505149104670e+01,2.176369970596311987e+01,1.466523437499995453e+01,1.330318164524182944e-04,3.972984414260874453e-04,2.666659653186792892e-04
2.329823749446982220e+02,4.453388662241173392e+02,3.401869262695312273e+02,2.330616463178718234e-03,6.975613766020354219e-03,4.666655138134956186e-03,5.475345619092422567e+00,1.084414449487712773e+01,7.179553222656295475e+00,6.650927226566592798e-05,1.985896742514522972e-04,1.333329826593400783e-04
2.384577205637906445e+02,4.561830107189944670e+02,3.473664794921875227e+02,2.397125735444384162e-03,7.174203440271806516e-03,4.799988120794296265e-03,8.073672832415468292e+00,1.620225504573926401e+01,1.061044921874997726e+01,9.975580090292122254e-05,2.978116942338772388e-04,1.999992877244945871e-04
2.465313933962061128e+02,4.723852657647337310e+02,3.579769287109375000e+02,2.496881536347305384e-03,7.472015134505683755e-03,4.999987408518790852e-03,1.044663903727177967e+01,2.126225424244546502e+01,1.349382324218748863e+01,1.329920090484344904e-04,3.969436049279509091e-04,2.666659653186801565e-04
2.569780324334778925e+02,4.936475200071791960e+02,3.714707519531249886e+02,2.629873545395739875e-03,7.868958739433634664e-03,5.266653373837471008e-03,5.140330635634370537e+00,1.051884467271321455e+01,6.547900390624988631e+00,6.648937253451179044e-05,1.984123619754082218e-04,1.333329826593400783e-04
2.621183630691122630e+02,5.041663646798924105e+02,3.780186523437499773e+02,2.696362917930251665e-03,8.067371101409042886e-03,5.399986356496811087e-03,-7.956180695847436368e+01,-1.357754787441515418e+02,-1.664100952148437216e+02,1.014613649177450658e-04,3.027229772597766350e-04,2.034805715084072458e-04
1.825565561106378993e+02,3.683908859357408687e+02,2.116085571289062557e+02,2.797824282847996731e-03,8.370094078668819521e-03,5.603466928005218332e-03,-9.478913061328199774e+00,-1.504083076249429496e+01,-1.822308349609375000e+01,9.859461289970063505e-05,2.941112960217259070e-04,1.977507025003434962e-04
1.730776430493096996e+02,3.533500551732465738e+02,1.933854736328125057e+02,2.896418895747697366e-03,8.664205374690545428e-03,5.801217630505561829e-03,-6.355298142966461228e+00,-7.470764045402233933e+00,-1.164189453125001705e+01,9.919029918326917328e-05,2.958302392907664197e-04,1.989651471376420802e-04
1.667223449063432383e+02,3.458792911278443398e+02,1.817435791015624886e+02,2.995609194930966539e-03,8.960035613981311847e-03,6.000182777643203909e-03,-8.391863150005065108e+00,-1.539463828610826113e+01,-1.469298706054686932e+01,1.034613254839158655e-04,3.085067768923022841e-04,2.075538039207460231e-04
1.583304817563381732e+02,3.304846528417360787e+02,1.670505920410156193e+02,3.099070520414882405e-03,9.268542390873614131e-03,6.207736581563949932e-03,-4.896301383491532988e+00,-4.658018391376174350e+00,-7.393475341796857947e+00,1.010486202150926750e-04,3.012512100100481899e-04,2.027340233325958252e-04
1.534341803728466402e+02,3.258266344503599043e+02,1.596571166992187614e+02,3.200119140629975080e-03,9.569793600883662321e-03,6.410470604896545757e-03,-5.183344010133026813e+00,-1.112237574986875188e+01,-1.170852050781252274e+01,9.459631245746849548e-05,2.819606223258240563e-04,1.898080110549925023e-04
1.482508363627136134e+02,3.147042587004911525e+02,1.479485961914062386e+02,3.294715453087443575e-03,9.851754223209486377e-03,6.600278615951538259e-03,-1.380572640979380594e+00,-3.039369625483345771e+00,-4.898510742187511369e+00,9.961247208634983752e-05,2.968539529937391785e-04,1.998908817768098659e-04
1.468702637217342328e+02,3.116648890750078067e+02,1.430500854492187273e+02,3.394327925173793413e-03,1.014860817620322556e-02,6.800169497728348125e-03,-4.212555803098211982e+00,-1.025074522288582557e+01,-8.353857421874977263e+00,1.162435262007273373e-04,3.463439779714128780e-04,2.332910895347590011e-04
1.426577079186360208e+02,3.014141438521219811e+02,1.346962280273437500e+02,3.510571451374520750e-03,1.049495215417463843e-02,7.033460587263107126e-03,-2.556869004330650341e+00,-8.661864661777656238e+00,-5.639752197265636369e+00,8.913013905957915470e-05,2.655055827336799679e-04,1.788944005966189993e-04
1.401008389143053705e+02,2.927522791903443249e+02,1.290564758300781136e+02,3.599701590434099905e-03,1.076045773690831840e-02,7.212354987859726126e-03,-1.828479811151026979e+00,-1.308781192452414643e+01,-7.670306396484363631e+00,9.650523068259475590e-05,2.874221381720144797e-04,1.937150955200195312e-04
1.382723591031543435e+02,2.796644672658201785e+02,1.213861694335937500e+02,3.696206821116694661e-03,1.104787987508033288e-02,7.406070083379745657e-03,-2.109565140612801315e+00,-9.395925660200362017e+00,-7.120617675781261369e+00,1.141046087714233173e-04,3.397677663263994063e-04,2.290666103363031905e-04
1.361627939625415422e+02,2.702685416056198164e+02,1.142655517578124886e+02,3.810311429888117978e-03,1.138764764140673229e-02,7.635136693716048847e-03,2.182031368241723612e-01,-4.499717201696341817e+00,-2.812280273437494316e+00,8.672740536222554170e-05,2.581967770284940983e-04,1.741245388984687115e-04
1.363809970993657146e+02,2.657688244039234746e+02,1.114532714843749943e+02,3.897038835250343520e-03,1.164584441843522639e-02,7.809261232614517559e-03,-2.160172487155591625e-01,-4.731717690950972610e+00,-2.960595703124994316e+00,9.960629547252136326e-05,2.964824210235049440e-04,1.999996602535247803e-04
1.361649798506501554e+02,2.610371067129725020e+02,1.084926757812500000e+02,3.996645130722864883e-03,1.194232683945873133e-02,8.009260892868042339e-03,-1.288055782505011848e+00,-1.524295676572805291e+01,-7.015097045898443184e+00,9.544666228996842583e-05,2.840466796515932896e-04,1.916661858558654785e-04
1.348769240681451436e+02,2.457941499472444491e+02,1.014775787353515568e+02,4.092091793012833309e-03,1.222637351911032462e-02,8.200927078723907818e-03,4.731819327962227817e-01,-2.252066935690797322e+01,-6.851489257812488631e+00,1.035829590462760547e-04,3.081998768473797473e-04,2.080254256725307810e-04
1.353501060009413663e+02,2.232734805903364759e+02,9.462608947753906818e+01,4.195674752059109364e-03,1.253457339595770437e-02,8.408952504396438599e-03,-7.479707844177596598e-02,-1.643953230226335904e+01,-5.292651367187517053e+00,1.229105248288630409e-04,3.656248004403114121e-04,2.468690276145931589e-04
1.352753089224995904e+02,2.068339482880731168e+02,8.933343811035155113e+01,4.318585276887972405e-03,1.290019819639801578e-02,8.655821532011031758e-03,-1.524407776031466710e-02,-2.618330980023327470e+01,-6.805609130859366473e+00,8.997128537628976130e-05,2.675833377892861825e-04,1.807287335395812988e-04
1.352600648447392757e+02,1.806506384878398421e+02,8.252782897949218466e+01,4.408556562264262166e-03,1.316778153418730196e-02,8.836550265550613056e-03,-6.140448613767830466e-01,-1.775378794985033437e+01,-4.999557495117173289e+00,9.449987422660392766e-05,2.810010240877416909e-04,1.898437738418589510e-04
1.346460199833624927e+02,1.628968505379895078e+02,7.752827148437501137e+01,4.503056436490866093e-03,1.344878255827504365e-02,9.026394039392472007e-03,3.733087784541169185e-01,-6.637345621611302704e+00,-1.974047851562517053e+00,9.954595359459167403e-05,2.959491770468444111e-04,1.999989151954643940e-04
1.350193287618166096e+02,1.562595049163782051e+02,7.555422363281249432e+01,4.602602390085457768e-03,1.374473173532188806e-02,9.226392954587936401e-03,7.259866385645352693e-01,-5.196475335431046005e+00,-1.208999633789062500e+00,9.953567440250127990e-05,2.958601477037903910e-04,1.999996602535247803e-04
1.357453154003811449e+02,1.510630295809471590e+02,7.434522399902343182e+01,4.702138064487959047e-03,1.404059188302567845e-02,9.426392614841461182e-03,6.215504360614545476e-01,-2.622092844806218181e+00,-5.888916015624943157e-01,9.952613878247765222e-05,2.957741092718922660e-04,1.999996602535247803e-04
1.363668658364425994e+02,1.484409367361409409e+02,7.375633239746093750e+01,4.801664203270436700e-03,1.433636599229757072e-02,9.626392275094985962e-03,1.523970595043238063e-01,-2.592975257778874720e+00,-8.877410888671875000e-01,9.951586360838846762e-05,2.956866528148957562e-04,1.999996602535247803e-04
1.365192628959469232e+02,1.458479614783620661e+02,7.286859130859375000e+01,4.901180066878825167e-03,1.463205264511246648e-02,9.826391935348510742e-03,-1.751124028125730092e-01,-3.195987719798011994e+00,-1.271868896484377842e+00,9.950633185758662319e-05,2.955977800245049303e-04,1.999996602535247803e-04
1.363441504931343502e+02,1.426519737585640542e+02,7.159672241210937216e+01,5.000686398736411790e-03,1.492765042513697141e-02,1.002639159560203552e-02,-7.340356473615941013e-01,-4.840578412626001636e+00,-2.123153686523423289e+00,9.949606069867451830e-05,2.955118954012011384e-04,1.999989151954643940e-04
1.356101148457727561e+02,1.378113953459380525e+02,6.947356872558594887e+01,5.100182459435086309e-03,1.522316232053817255e-02,1.022639051079749992e-02,-8.612225938369704181e-01,-5.547344905221962108e+00,-2.371704101562500000e+00,9.948653281454961778e-05,2.954231267488262314e-04,1.999996602535247803e-04
1.347488922519357857e+02,1.322640504407160904e+02,6.710186462402344887e+01,5.199668992249635927e-03,1.551858544728699878e-02,1.042639017105102470e-02,-6.413861898240895698e-01,-5.663078884912167155e+00,-2.025027465820329553e+00,9.947663622868543887e-05,2.953373444363419781e-04,1.999996602535247803e-04
1.341075060621116961e+02,1.266009715558039233e+02,6.507683715820311932e+01,5.299145628478321365e-03,1.581392279172334075e-02,1.062638983130454948e-02,-7.503053569745645746e-01,-3.785361332451898875e+00,-1.983807373046872158e+00,9.946637108862975418e-05,2.952486797380415862e-04,1.999996602535247803e-04
1.333572007051371315e+02,1.228156102233520244e+02,6.309302978515624716e+01,5.398611999566951120e-03,1.610917147146138234e-02,1.082638949155807426e-02,-6.714964417897988369e-01,-3.339978370473701830e+00,-1.741336059570315342e+00,9.945684900017001673e-05,2.951629995553532726e-04,1.999989151954661287e-04
1.326857042633473327e+02,1.194756318528783225e+02,6.135169372558593182e+01,5.498068848567121136e-03,1.640433447101673561e-02,1.102638840675354039e-02,-5.661120480990859960e-01,-2.503798395095813589e+00,-1.575558471679684658e+00,9.944658786933870814e-05,2.950759040655608068e-04,1.999996602535247803e-04
1.321195922152482467e+02,1.169718334577825090e+02,5.977613525390624716e+01,5.597515436436459844e-03,1.669941037508229642e-02,1.122638806700706517e-02,-3.862988348626572588e-01,-1.983367068793086219e+00,-1.265951538085928973e+00,9.943706964153468941e-05,2.949873949542360096e-04,1.999996602535247803e-04
1.317332933803855894e+02,1.149884663889894227e+02,5.851018371582031818e+01,5.696952506077994534e-03,1.699439777003653243e-02,1.142638772726058995e-02,-3.741125533098283995e-01,-2.292136476265923761e+00,-1.237850952148441763e+00,9.942718289403761067e-05,2.949018676263424898e-04,1.999996602535247803e-04
1.313591808270757610e+02,1.126963299127234990e+02,5.727233276367187642e+01,5.796379688972032145e-03,1.728929963766287492e-02,1.162638738751411473e-02,-1.319084251328774826e-01,-1.767257950213874551e+00,-9.122375488281235789e-01,9.941692777292246430e-05,2.948134620104798931e-04,1.999996602535247803e-04
1.312272724019428836e+02,1.109290719625096244e+02,5.636009521484375284e+01,5.895796616744954609e-03,1.758411309967335481e-02,1.182638704776763951e-02,-6.456673497601173040e-02,-1.481784342248971598e+00,-7.891784667968764211e-01,9.940741533231035182e-05,2.947280363600687791e-04,1.999989151954643940e-04
1.311627056669668718e+02,1.094472876202606528e+02,5.557091674804687642e+01,5.995204032077264961e-03,1.787884113603342359e-02,1.202638596296310390e-02,3.795732776978866241e-02,-1.194217813318743993e+00,-6.287292480468735789e-01,9.939716421470193297e-05,2.946411973379185756e-04,1.999996602535247803e-04
1.312006629947366605e+02,1.082530698069419088e+02,5.494218750000000284e+01,6.094601196291966894e-03,1.817348233337134217e-02,1.222638562321662868e-02,6.242981918222767490e-02,-1.170295291522478465e+00,-6.036346435546917633e-01,9.938765562895503225e-05,2.945529466241124383e-04,1.999996602535247803e-04
1.312630928139188882e+02,1.070827745154194304e+02,5.433855285644531108e+01,6.193988851920921926e-03,1.846803527999545461e-02,1.242638528347015346e-02,-3.703659471522371405e-01,-1.182993698984503794e+00,-8.329757690429673289e-01,9.937777870471994901e-05,2.944676731520268209e-04,1.999989151954661287e-04
1.308927268667666510e+02,1.058997808164349266e+02,5.350557708740234375e+01,6.293366630625641875e-03,1.876250295314748143e-02,1.262638419866561959e-02,-1.455100547470749461e+00,-1.564163358382643310e+00,-1.440225219726563921e+00,9.936790374294283967e-05,2.943795254788522664e-04,2.000004053115834318e-04
1.294376263192959016e+02,1.043356174580522833e+02,5.206535186767577983e+01,6.392734534368584715e-03,1.905688247862633369e-02,1.282638460397720302e-02,-2.781073007806597275e+00,-1.816732736629376177e+00,-2.193681335449220171e+00,9.935729050722375000e-05,2.942943532343832158e-04,1.999989151954661287e-04
1.266565533114893043e+02,1.025188847214229071e+02,4.987167053222655966e+01,6.492091824875808465e-03,1.935117683186071691e-02,1.302638351917266915e-02,-3.258429993666595692e+00,-1.816438097739151658e+00,-2.446551513671870737e+00,9.934815977972241002e-05,2.942077695485025013e-04,2.000004053115834318e-04
