Sigma_1,Sigma_2,Sigma_12,Epsilon_1,Epsilon_2,Epsilon_12,dSigma_1,dSigma_2,dSigma_12,dEpsilon_1,dEpsilon_2,dEpsilon_12
-0.000000000000000000e+00,-0.000000000000000000e+00,-0.000000000000000000e+00,0.000000000000000000e+00,0.000000000000000000e+00,0.000000000000000000e+00,6.973999295842003399e+00,1.343272445996644571e+01,5.820440864562987926e+00,6.666447875155136660e-05,1.999800121638574792e-04,6.666670087724923816e-05
6.973999295842003399e+00,1.343272445996644571e+01,5.820440864562987926e+00,6.666447875155136660e-05,1.999800121638574792e-04,6.666670087724923816e-05,3.485350368085787132e+00,6.714164046403213959e+00,2.907248497009279120e+00,3.333057289245535239e-05,9.997499944099476950e-05,3.333335043862462586e-05
1.045934966392779053e+01,2.014688850636965967e+01,8.727689361572267046e+00,9.999505164400671899e-05,2.999550116048522487e-04,1.000000513158738640e-04,3.484748682159617417e+00,6.713192050781074727e+00,2.905952835083006391e+00,3.332946200261451561e-05,9.996502871346707886e-05,3.333335043862461231e-05
1.394409834608740795e+01,2.686008055715073439e+01,1.163364219665527344e+01,1.333245136466212346e-04,3.999200403183193276e-04,1.333334017544984763e-04,3.484144623644294114e+00,6.712223939239390091e+00,2.904652786254882102e+00,3.332835118637794171e-05,9.995499016253158245e-05,3.333335043862462586e-05
1.742824296973170206e+01,3.357230449639012448e+01,1.453829498291015554e+01,1.666528648329991763e-04,4.998750304808509100e-04,1.666667521931231022e-04,3.483540481510761566e+00,6.711250557530775041e+00,2.903352355957029118e+00,3.332724044440422929e-05,9.994504669895497122e-05,3.333335043862462586e-05
2.091178345124246363e+01,4.028355505392089952e+01,1.744164733886718466e+01,1.999801052774034056e-04,5.998200771798058812e-04,2.000001026317477280e-04,3.482937781710042202e+00,6.710279534496116582e+00,2.902052307128908382e+00,3.332611813782512377e-05,9.993505868506125708e-05,3.333333879709243232e-05
2.439472123295250583e+01,4.699383458841701611e+01,2.034369964599609304e+01,2.333062234152285294e-04,6.997551358648671383e-04,2.333334414288401604e-04,3.482333473009674663e+00,6.709304764207900007e+00,2.900753784179688211e+00,3.332503082141061970e-05,9.992507266705201192e-05,3.333336208015679229e-05
2.787705470596218049e+01,5.370313935262491611e+01,2.324445343017578125e+01,2.666312542366391491e-04,7.996802085319191502e-04,2.666668035089969527e-04,3.481730605811041102e+00,6.708341512346230218e+00,2.899455261230468039e+00,3.332389702479112261e-05,9.991499559590334614e-05,3.333333879709245943e-05
3.135878531177322159e+01,6.041148086497114633e+01,2.614390869140624929e+01,2.999551512614302717e-04,8.995952041278224964e-04,3.000001423060894121e-04,3.481126130138040509e+00,6.707365361557471317e+00,2.898156738281251421e+00,3.332280985485512386e-05,9.990510662625400919e-05,3.333336208015679229e-05
3.483991144191126210e+01,6.711884622652861765e+01,2.904206542968750071e+01,3.332779611162853955e-04,9.995003107540765055e-04,3.333335043862462044e-04,3.480524622182812777e+00,6.706394622030856567e+00,2.896861267089843039e+00,3.332167620780199409e-05,9.989512659297180089e-05,3.333333879709245943e-05
3.832043606409407488e+01,7.382524084855947422e+01,3.193892669677734375e+01,3.665996373240873896e-04,1.099395437347048306e-03,3.666668431833386638e-04,3.479923032617350032e+00,6.705423190365465302e+00,2.895561218261718750e+00,3.332058918431525431e-05,9.988514855340403092e-05,3.333336208015679229e-05
4.180035909671142491e+01,8.053066403892493952e+01,3.483448791503906250e+01,3.999202265084026440e-04,1.199280585900452337e-03,4.000002052634954561e-04,3.479318304793878269e+00,6.704457178011480778e+00,2.894265747070313921e+00,3.331945568657665880e-05,9.987517250695308706e-05,3.333333879709240522e-05
4.527967740150530318e+01,8.723512121693642030e+01,3.772875366210937642e+01,4.332396821949793028e-04,1.299155758407405424e-03,4.333335440605878613e-04,3.478713494244118465e+00,6.703484363289163639e+00,2.892970275878901987e+00,3.331834553766088421e-05,9.986519845280017980e-05,3.333333879709245943e-05
4.875839089574942165e+01,9.393860558022558394e+01,4.062172393798827841e+01,4.665580277326401870e-04,1.399020956860205604e-03,4.666668828576803207e-04,3.478114709074809241e+00,6.702516959740179914e+00,2.891673278808596592e+00,3.331728200531015567e-05,9.985513339833408490e-05,3.333338536322112515e-05
5.223650560482423089e+01,1.006411225399657638e+02,4.351339721679687500e+01,4.998753097379503426e-04,1.498876090258539689e-03,5.000002682209014459e-04,3.477506676040711397e+00,6.701542780678806821e+00,2.890379333496099434e+00,3.331612545952788908e-05,9.984534931301090703e-05,3.333333879709245943e-05
5.571401228086494228e+01,1.073426653206445707e+02,4.640377655029297443e+01,5.331914351974782317e-04,1.598721439571550596e-03,5.333336070179939053e-04,3.476913828788404714e+00,6.700573995293609642e+00,2.889085388183588066e+00,3.331501553251257474e-05,9.983528824037877190e-05,3.333333879709245943e-05
5.919092610965334700e+01,1.140432393159381803e+02,4.929286193847656250e+01,5.665064507299908065e-04,1.698556727811929368e-03,5.666669458150863647e-04,3.476302577605409283e+00,6.699610621011800049e+00,2.887786865234375000e+00,3.331390567922734493e-05,9.982513622067449785e-05,3.333333879709245943e-05
6.266722868725875628e+01,1.207428499369499804e+02,5.218064880371093750e+01,5.998203564092181514e-04,1.798381864032603866e-03,6.000002846121788242e-04,3.475703460034324621e+00,6.698634371685045608e+00,2.886495971679693184e+00,3.331284243627598025e-05,9.981535806883657692e-05,3.333338536322112515e-05
6.614293214729308090e+01,1.274414843086350260e+02,5.506714477539063068e+01,6.331331988454941316e-04,1.898197222101440443e-03,6.333336699753999493e-04,3.475104253460912673e+00,6.697669640458585150e+00,2.885202026367181816e+00,3.331168619293304808e-05,9.980539595727186408e-05,3.333333879709245943e-05
6.961803640075399358e+01,1.341391539490936111e+02,5.795234680175781250e+01,6.664448850384271797e-04,1.998002618058712307e-03,6.666670087724924088e-04,3.474498859007979945e+00,6.696704220755492543e+00,2.883911132812500000e+00,3.331057656145975342e-05,9.979543583449714331e-05,3.333333879709245943e-05
7.309253525976197352e+01,1.408358581698491037e+02,6.083625793457031250e+01,6.997554615998869331e-04,2.097798053893209450e-03,7.000003475695848682e-04,3.473899488928410051e+00,6.695738112575725154e+00,2.882614135742187500e+00,3.330946700368694457e-05,9.978547769925192115e-05,3.333333879709245943e-05
7.656643474869038357e+01,1.475315962824248288e+02,6.371887207031250000e+01,7.330649286035738777e-04,2.197583531592461371e-03,7.333336863666773276e-04,3.473293931370321275e+00,6.694759080811877539e+00,2.881326293945306816e+00,3.330840405068387529e-05,9.977552155116279839e-05,3.333338536322112515e-05
8.003972868006070485e+01,1.542263553632367064e+02,6.660019836425780682e+01,7.663733326542577530e-04,2.297359053143624170e-03,7.666670717298984528e-04,3.472126310250459369e+00,6.693448976049836574e+00,2.879174804687508527e+00,3.330724810899493571e-05,9.976556738963563223e-05,3.333333879709245943e-05
8.351185499031116422e+01,1.609198043392865429e+02,6.947937316894531534e+01,7.996805807632526887e-04,2.397124620533259802e-03,8.000004105269909122e-04,3.469736832544711547e+00,6.691305926951656602e+00,2.875079345703127842e+00,3.330613877294526584e-05,9.975561521385336791e-05,3.333333879709245943e-05
8.698159182285587576e+01,1.676111102662381995e+02,7.235445251464844318e+01,8.329867195361979545e-04,2.496880235747113170e-03,8.333337493240833716e-04,3.468141237692506706e+00,6.689504523361193833e+00,2.872067260742170447e+00,3.330502951123229163e-05,9.974566502388756278e-05,3.333333879709235101e-05
9.044973306054838247e+01,1.743006147895993934e+02,7.522651977539061363e+01,8.662917490474302462e-04,2.596625900771000733e-03,8.666670881211757226e-04,3.467211342303386346e+00,6.687959222065529730e+00,2.869760131835946027e+00,3.330392032296122101e-05,9.973571681847880760e-05,3.333333879709245943e-05
9.391694440285176881e+01,1.809885740116649231e+02,7.809627990722655966e+01,8.995956693703914672e-04,2.696361617589479540e-03,9.000004269182681821e-04,3.465804812392605072e+00,6.686168235955221917e+00,2.867108154296872158e+00,3.330281120901188406e-05,9.972577059725457049e-05,3.333333879709245943e-05
9.738274921524437389e+01,1.876747422476201450e+02,8.096338806152343182e+01,9.328984805794033512e-04,2.796087388186734111e-03,9.333337657153606415e-04,3.464550854299872640e+00,6.684682340700334180e+00,2.864956665039073869e+00,3.330170216871142490e-05,9.971564063366786246e-05,3.333333879709245943e-05
1.008473000695442465e+02,1.943594245883204792e+02,8.382834472656250568e+01,9.662001827481147762e-04,2.895803028820401973e-03,9.666671045124531009e-04,3.462349766629358783e+00,6.681812141403071337e+00,2.860479736328130684e+00,3.330068624140397615e-05,9.970588412350385454e-05,3.333343192934979087e-05
1.043096498361736053e+02,2.010412367297235505e+02,8.668882446289063637e+01,9.995008689895187523e-04,2.995508912943905828e-03,1.000000536441802892e-03,3.457698378090313440e+00,6.675548821308638026e+00,2.850210571289039763e+00,3.329948430637373960e-05,9.969594385104973977e-05,3.333333879709256785e-05
1.077673482142639187e+02,2.077167855510321886e+02,8.953903503417967613e+01,1.032800353295892492e-03,3.095204856794955568e-03,1.033333875238895460e-03,3.454677888217403847e+00,6.670581356448991528e+00,2.843338012695312500e+00,3.329837548786342312e-05,9.968619123126333526e-05,3.333333879709235101e-05
1.112220261024813226e+02,2.143873669074811801e+02,9.238237304687498863e+01,1.066098728783755915e-03,3.194891048026218903e-03,1.066667214035987811e-03,3.451400443998565493e+00,6.666616169633755362e+00,2.837390136718767053e+00,3.329726674275077479e-05,9.967588358123337725e-05,3.333333879709256785e-05
1.146734265464798881e+02,2.210539830771149354e+02,9.521976318359375568e+01,1.099395995526506690e-03,3.294566931607452280e-03,1.100000552833080378e-03,3.449051435245735320e+00,6.662527077123399977e+00,2.832263183593738631e+00,3.329615807191573310e-05,9.966632055647848751e-05,3.333333879709235101e-05
1.181224779817256234e+02,2.277165101542383354e+02,9.805202636718749432e+01,1.132692153598422423e-03,3.394233252163930768e-03,1.133333891630172729e-03,3.446237760558304331e+00,6.657848211058364996e+00,2.827090454101565342e+00,3.329504947468522533e-05,9.965601694112693684e-05,3.333333879709235101e-05
1.215687157422839277e+02,2.343743583652967004e+02,1.008791168212890597e+02,1.165987203073107648e-03,3.493889269105057704e-03,1.166667230427265081e-03,3.441737190117891032e+00,6.649247320141626005e+00,2.817349243164059658e+00,3.329394095105209575e-05,9.964608660902344803e-05,3.333333879709256785e-05
1.250104529324018188e+02,2.410236056854383264e+02,1.036964660644531193e+02,1.199281144024159744e-03,3.593535355714081152e-03,1.200000569224357648e-03,3.438433911751758387e+00,6.643192011874674563e+00,2.810791015625000000e+00,3.329283250167445508e-05,9.963652941138122221e-05,3.333333879709235101e-05
1.284488868441535772e+02,2.476667976973130010e+02,1.065072570800781193e+02,1.232573976525834199e-03,3.693171885125462375e-03,1.233333908021449999e-03,3.433810263571587029e+00,6.635712921145596965e+00,2.802563476562511369e+00,3.329181714022957581e-05,9.962623184377097235e-05,3.333343192934989929e-05
1.318826971077251642e+02,2.543025106184585979e+02,1.093098205566406307e+02,1.265865793666063775e-03,3.792798116969233347e-03,1.266667339950799899e-03,3.430163938588748351e+00,6.627128469838680758e+00,2.795068359374994316e+00,3.329061582056321890e-05,9.961667852832105721e-05,3.333333879709256785e-05
1.353128610463139125e+02,2.609296390882972787e+02,1.121048889160156250e+02,1.299156409486626994e-03,3.892414795497554404e-03,1.300000678747892466e-03,3.425893849918651313e+00,6.618687938658581515e+00,2.787506103515625000e+00,3.328950759257640925e-05,9.960638498917890465e-05,3.333333879709235101e-05
1.387387548962325639e+02,2.675483270269558602e+02,1.148923950195312500e+02,1.332445917079203403e-03,3.992021180486733309e-03,1.333334017544984818e-03,3.421317719174680860e+00,6.610122117734988478e+00,2.779620361328127842e+00,3.328839943815054860e-05,9.959683555314444159e-05,3.333333879709235101e-05
1.421600726154072447e+02,2.741584491446908487e+02,1.176720153808593778e+02,1.365734316517353952e-03,4.091618016039877750e-03,1.366667356342077169e-03,3.415005283497777100e+00,6.597066606079522444e+00,2.769012451171860789e+00,3.328729135727804753e-05,9.958654604051968978e-05,3.333333879709256785e-05
1.455750778989050218e+02,2.807555157507703711e+02,1.204410278320312386e+02,1.399021607874631999e-03,4.191204562080397440e-03,1.400000695139169736e-03,3.407420843832284163e+00,6.583075284662754711e+00,2.755664062500017053e+00,3.328618335061593256e-05,9.957700048201113124e-05,3.333333879709235101e-05
1.489824987427373060e+02,2.873385910354331259e+02,1.231966918945312557e+02,1.432307791225247932e-03,4.290781562562408571e-03,1.433334033936262087e-03,3.398454206493113361e+00,6.564812443918469853e+00,2.741851806640610789e+00,3.328507541727125478e-05,9.956671499307227780e-05,3.333333879709256785e-05
1.523809529492304193e+02,2.939034034793515957e+02,1.259385437011718665e+02,1.465592866642519186e-03,4.390348277555480849e-03,1.466667372733354655e-03,3.388508623840635892e+00,6.541908952061248783e+00,2.725384521484372158e+00,3.328396755812221795e-05,9.955717330953697819e-05,3.333333879709235101e-05
1.557694615730710552e+02,3.004453124314128445e+02,1.286639282226562386e+02,1.498876834200641404e-03,4.489905450865017827e-03,1.500000711530447006e-03,3.376092439123112854e+00,6.508893147490880438e+00,2.703125000000000000e+00,3.328295276208204957e-05,9.954689184211475139e-05,3.333343192934989929e-05
1.591455540121941681e+02,3.069542055789037249e+02,1.313670532226562386e+02,1.532159786962723454e-03,4.589452342707132579e-03,1.533334143459796906e-03,3.358539977557143175e+00,6.465099058392866027e+00,2.673571777343738631e+00,3.328175205751546066e-05,9.953698324480144549e-05,3.333333879709235101e-05
1.625040939897513113e+02,3.134193046372965910e+02,1.340406249999999773e+02,1.565441539020238915e-03,4.688989325951934024e-03,1.566667482256889257e-03,3.333283021192613660e+00,6.400685375983584890e+00,2.631085205078136369e+00,3.328064441913795857e-05,9.952744736913595597e-05,3.333333879709256785e-05
1.658373770109439249e+02,3.198199900132801758e+02,1.366717102050781136e+02,1.598722183439376873e-03,4.788516773321069980e-03,1.600000821053981824e-03,3.305529219122519180e+00,6.329750416318972839e+00,2.583734130859397737e+00,3.327953685492704081e-05,9.951717192973382614e-05,3.333333879709235101e-05
1.691429062300664441e+02,3.261497404295991487e+02,1.392554443359375114e+02,1.632001720294303914e-03,4.888033945250803806e-03,1.633334159851074175e-03,3.282822530500141056e+00,6.270596020826189942e+00,2.545556640624994316e+00,3.327842936398889111e-05,9.950763992344451025e-05,3.333333879709256785e-05
1.724257287605665852e+02,3.324203364504253386e+02,1.418010009765625057e+02,1.665280149658292805e-03,4.987541585174248317e-03,1.666667498648166743e-03,3.265249222008634433e+00,6.218539535509819416e+00,2.514019775390607947e+00,3.327732194720258059e-05,9.949736849937558525e-05,3.333333879709235101e-05
1.756909779825752196e+02,3.386388759859351580e+02,1.443150207519531136e+02,1.698557471605495386e-03,5.087038953673623902e-03,1.700000837445259094e-03,3.250462164739957416e+00,6.171081101648780987e+00,2.486535644531272737e+00,3.327621460389568707e-05,9.948784035969555906e-05,3.333333879709235101e-05
1.789414401473151770e+02,3.448099570875839390e+02,1.468015563964843864e+02,1.731833686209391073e-03,5.186526794033319461e-03,1.733334176242351445e-03,3.236052696175676147e+00,6.124295100041308615e+00,2.460131835937488631e+00,3.327510733406148849e-05,9.947757294902128539e-05,3.333333879709256785e-05
1.821774928434908531e+02,3.509342521876252476e+02,1.492616882324218750e+02,1.765108793543452561e-03,5.286004366982340746e-03,1.766667515039444013e-03,3.222864668041950154e+00,6.078869600394568806e+00,2.436029052734397737e+00,3.327400013835701137e-05,9.946804867407097600e-05,3.333333879709235101e-05
1.854003575115328033e+02,3.570131217880198164e+02,1.516977172851562727e+02,1.798382793681809573e-03,5.385472415656411722e-03,1.800000853836536364e-03,3.209430713800969670e+00,6.028569351122200715e+00,2.412048339843750000e+00,3.327289301588843944e-05,9.945778527396722385e-05,3.333333879709256785e-05
1.886097882253337730e+02,3.630416911391420172e+02,1.541097656250000227e+02,1.831655686697698012e-03,5.484930200930378946e-03,1.833334192633628932e-03,3.196802565224629689e+00,5.982894100071234789e+00,2.389312744140596578e+00,3.327178596753484381e-05,9.944826486120526138e-05,3.333333879709235101e-05
1.918065907905584027e+02,3.690245852392132520e+02,1.564990783691406193e+02,1.864927472665232856e-03,5.584378465791584208e-03,1.866667531430721283e-03,3.184968099510030015e+00,5.945822777034663886e+00,2.368225097656278422e+00,3.327067899262445283e-05,9.943800546951576946e-05,3.333333879709235101e-05
1.949915588900684327e+02,3.749704080162479158e+02,1.588673034667968977e+02,1.898198151657857309e-03,5.683816471261099977e-03,1.900000870227813634e-03,3.174893642341658051e+00,5.913381197895603236e+00,2.349194335937454525e+00,3.326957209114967708e-05,9.942811853571372621e-05,3.333333879709256785e-05
1.981664525324100907e+02,3.808837892141435191e+02,1.612164978027343523e+02,1.931467723749006986e-03,5.783244589796813703e-03,1.933334209024906202e-03,3.165552058294593962e+00,5.884367869919742589e+00,2.334100341796897737e+00,3.326865116272522890e-05,9.941860391166155303e-05,3.333352506160723074e-05
2.013320045907046847e+02,3.867681570840632617e+02,1.635505981445312500e+02,1.964736374911732215e-03,5.882663193708475256e-03,1.966667734086513433e-03,3.158423338212742237e+00,5.859176701485921512e+00,2.320764160156272737e+00,3.326735850340059586e-05,9.940835052835682306e-05,3.333333879709235101e-05
2.044904279289174269e+02,3.926273337855491832e+02,1.658713623046875227e+02,1.998003733415132811e-03,5.982071544236832079e-03,2.000001072883605784e-03,3.152284702579549958e+00,5.836090379781637694e+00,2.309136962890590894e+00,3.326625182329670180e-05,9.939883976092106499e-05,3.333333879709278469e-05
2.076427126314969769e+02,3.984634241653308209e+02,1.681804992675781136e+02,2.031269985238429512e-03,6.081470383997753144e-03,2.033334411680698568e-03,3.147050620576663960e+00,5.813930022472675319e+00,2.299847412109386369e+00,3.326514521637688807e-05,9.938859037987232692e-05,3.333333879709235101e-05
2.107897632520736408e+02,4.042773541878034962e+02,1.704803466796875000e+02,2.064535130454806400e-03,6.180858974377625471e-03,2.066667750477790919e-03,3.141094268065188544e+00,5.786358080049751607e+00,2.288336181640630684e+00,3.326403868352152682e-05,9.937908346629650835e-05,3.333333879709235101e-05
2.139308575201388294e+02,4.100637122678532478e+02,1.727686828613281307e+02,2.097799169138327927e-03,6.280238057843921980e-03,2.100001089274883270e-03,3.136336141466330218e+00,5.760374498371618301e+00,2.278228759765625000e+00,3.326293222405711167e-05,9.936920824566916610e-05,3.333333879709235101e-05
2.170671936616051596e+02,4.158240867662248661e+02,1.750469116210937557e+02,2.131062101362385039e-03,6.379607266089591146e-03,2.133334428071975621e-03,3.132287061092085878e+00,5.744555638797237407e+00,2.272906494140613631e+00,3.326182583797670372e-05,9.935859474057701091e-05,3.333333879709235101e-05
2.201994807226972455e+02,4.215686424050221035e+02,1.773198181152343693e+02,2.164323927200361743e-03,6.478965860830168157e-03,2.166667766869067972e-03,3.128213088139716547e+00,5.732664376671607442e+00,2.266357421875000000e+00,3.326071952593819686e-05,9.934946376409861668e-05,3.333333879709278469e-05
2.233276938108369620e+02,4.273013067816937109e+02,1.795861755371093693e+02,2.197584646726299940e-03,6.578315324594266773e-03,2.200001105666160757e-03,3.124530185337363264e+00,5.723079222711248804e+00,2.260333251953142053e+00,3.325961328704777481e-05,9.933959442865424039e-05,3.333333879709235101e-05
2.264522239961743253e+02,4.330243860044049597e+02,1.818465087890625114e+02,2.230844260013347714e-03,6.677654919022921014e-03,2.233334444463253108e-03,3.119085097474453505e+00,5.713687516010111267e+00,2.254431152343727263e+00,3.325850712218364133e-05,9.932972705362433374e-05,3.333333879709235101e-05
2.295713090936487788e+02,4.387380735204150710e+02,1.841009399414062386e+02,2.264102767135531356e-03,6.776984646076545347e-03,2.266667783260345459e-03,3.085816811338105481e+00,5.688707028290707512e+00,2.208062744140647737e+00,3.325740103067402476e-05,9.931912168674623953e-05,3.333333879709235101e-05
2.326571259049868843e+02,4.444267805487057785e+02,1.863090026855468864e+02,2.297360168166205380e-03,6.876303767763291587e-03,2.300001122057437810e-03,3.059299189271229125e+00,5.664604474380325883e+00,2.168798828124977263e+00,3.325629501251285355e-05,9.930999825706263162e-05,3.333333879709235101e-05
2.357164250942581134e+02,4.500913850230861044e+02,1.884778015136718636e+02,2.330616463178718234e-03,6.975613766020354219e-03,2.333334460854530161e-03,3.047315175618905414e+00,5.648460399490261352e+00,2.155468750000011369e+00,3.325518906835585320e-05,9.930013676086660301e-05,3.333333879709278469e-05
2.387637402698770188e+02,4.557398454225763658e+02,1.906332702636718750e+02,2.363871652247074087e-03,7.074913902781220822e-03,2.366667799651622946e-03,3.040322368026636468e+00,5.635605880757736941e+00,2.151214599609375000e+00,3.325408319731007478e-05,9.928953749058569422e-05,3.333333879709235101e-05
2.418040626379036553e+02,4.613754513033341027e+02,1.927844848632812500e+02,2.397125735444384162e-03,7.174203440271806516e-03,2.400001138448715297e-03,3.032447797738029749e+00,5.624912001417499141e+00,2.143792724609369316e+00,3.325297740025458942e-05,9.928041971579183722e-05,3.333333879709235101e-05
2.448365104356416850e+02,4.670003633047516018e+02,1.949282775878906193e+02,2.430378712844638751e-03,7.273483859987598353e-03,2.433334477245807648e-03,3.020118102118601655e+00,5.607622882566829503e+00,2.131072998046903422e+00,3.325187167651719178e-05,9.927056409229483708e-05,3.333333879709235101e-05
2.478566285377602867e+02,4.726079861873184313e+02,1.970593505859375227e+02,2.463630584521155943e-03,7.372754424079893190e-03,2.466667816042899999e-03,3.003504061013984483e+00,5.586983070344842872e+00,2.108343505859352263e+00,3.325095182614944134e-05,9.926071042579056453e-05,3.333352506160744758e-05
2.508601325987742712e+02,4.781949692576632742e+02,1.991676940917968750e+02,2.496881536347305384e-03,7.472015134505683755e-03,2.500001341104507446e-03,2.995895385425598079e+00,5.571945136724650638e+00,2.105364990234363631e+00,3.324966044345378444e-05,9.925011927653173971e-05,3.333333879709235101e-05
2.538560279841998693e+02,4.837669143943879249e+02,2.012730590820312386e+02,2.530131196790759169e-03,7.571265253782215494e-03,2.533334679901599797e-03,2.990978416863953271e+00,5.557641171289333215e+00,2.107916259765630684e+00,3.324855494007050369e-05,9.924100903304765992e-05,3.333333879709235101e-05
2.568470064010638225e+02,4.893245555656772581e+02,2.033809753417968693e+02,2.563379751730829673e-03,7.670506262815263154e-03,2.566668018698692148e-03,2.976123057175641407e+00,5.541708370768333225e+00,2.098443603515619316e+00,3.324744951064021944e-05,9.923116123247179010e-05,3.333333879709278469e-05
2.598231294582394639e+02,4.948662639364455913e+02,2.054794189453124886e+02,2.596627201241469892e-03,7.769737424047734944e-03,2.600001357495784933e-03,2.960605280493837199e+00,5.526803993088890365e+00,2.087390136718767053e+00,3.324634415426998280e-05,9.922131538589971933e-05,3.333333879709235101e-05
2.627837347387333011e+02,5.003930679295344817e+02,2.075668090820312557e+02,2.629873545395739875e-03,7.868958739433634664e-03,2.633334696292877284e-03,2.952062498938630597e+00,5.511451511970733463e+00,2.084216308593738631e+00,3.324523887183843118e-05,9.921073234855047607e-05,3.333333879709235101e-05
2.657357972376719317e+02,5.059045194415052151e+02,2.096510253906249943e+02,2.663118784267578306e-03,7.968169471782185140e-03,2.666668035089969635e-03,2.945061084572785148e+00,5.492156991487888718e+00,2.078796386718750000e+00,3.324413366267335926e-05,9.920162962685774577e-05,3.333333879709235101e-05
2.686808583222447169e+02,5.113966764329931038e+02,2.117298217773437443e+02,2.696362917930251665e-03,8.067371101409042886e-03,2.700001373887061986e-03,2.927923903591363342e+00,5.469016212420456213e+00,2.056384277343767053e+00,3.324302852676826181e-05,9.919178963989187803e-05,3.333333879709235101e-05
2.716087822258360802e+02,5.168656926454135601e+02,2.137862060546875114e+02,2.729605946457019927e-03,8.166562891048934764e-03,2.733334712684154337e-03,2.909707803337369114e+00,5.440599866726870459e+00,2.038409423828113631e+00,3.324192346477973167e-05,9.918121267944723929e-05,3.333333879709278469e-05
2.745184900291734493e+02,5.223062925121404305e+02,2.158246154785156250e+02,2.762847869921799659e-03,8.265744103728382003e-03,2.766668051481247122e-03,2.893326048788651406e+00,5.415474479374779548e+00,2.028985595703119316e+00,3.324081847581395258e-05,9.917211559391098108e-05,3.333333879709235101e-05
2.774118160779621007e+02,5.277217669915152101e+02,2.178536010742187443e+02,2.796088688397613611e-03,8.364916219322292984e-03,2.800001390278339473e-03,2.875791929329295726e+00,5.382265038168156934e+00,2.013989257812482947e+00,3.323971356075129668e-05,9.916228146044335501e-05,3.333333879709235101e-05
2.802876080072913965e+02,5.331040320296833670e+02,2.198675903320312273e+02,2.829328401958364908e-03,8.464078500782736339e-03,2.833334729075431824e-03,2.861953133768054158e+00,5.358550274678009373e+00,2.004016113281267053e+00,3.323860871891782393e-05,9.915244927757339843e-05,3.333333879709235101e-05
2.831495611410594506e+02,5.384625823043613764e+02,2.218716064453124943e+02,2.862567010677282732e-03,8.563230950060309737e-03,2.866668067872524175e-03,2.844415724920054345e+00,5.331774059702979685e+00,1.988989257812505684e+00,3.323750395030789645e-05,9.914188041192095735e-05,3.333333879709235101e-05
2.859939768659795050e+02,5.437943563640643561e+02,2.238605957031250000e+02,2.895804514627590628e-03,8.662372830472230695e-03,2.900001406669616526e-03,2.835324107099324920e+00,5.314792672480507463e+00,1.982580566406227263e+00,3.323639925557723973e-05,9.913279083276042847e-05,3.333333879709278469e-05
2.888293009730788299e+02,5.491091490365448635e+02,2.258431762695312273e+02,2.929040913883167868e-03,8.761505621304991123e-03,2.933334745466709310e-03,2.833112267934041029e+00,5.304702303498743277e+00,1.989880371093761369e+00,3.323529463383420590e-05,9.912296449664584341e-05,3.333333879709235101e-05
2.916624132410128709e+02,5.544138513400436068e+02,2.278330566406249886e+02,2.962276208517002074e-03,8.860628585801636967e-03,2.966668084263801661e-03,2.830336981502227900e+00,5.291504766540356286e+00,1.993640136718767053e+00,3.323419008595613136e-05,9.911314010815040765e-05,3.333333879709235101e-05
2.944927502225150988e+02,5.597053561065839631e+02,2.298266967773437557e+02,2.995510398602958205e-03,8.959741725909787374e-03,3.000001423060894012e-03,2.827096125408388616e+00,5.278992393478461054e+00,1.995935058593744316e+00,3.323308561127167812e-05,9.910257932822449933e-05,3.333333879709235101e-05
2.973198463479234874e+02,5.649843485000624241e+02,2.318226318359375000e+02,3.028743484214229884e-03,9.058844305238011874e-03,3.033334761857986363e-03,2.823512138199987476e+00,5.269729127229084042e+00,1.992163085937505684e+00,3.323216690486775760e-05,9.909349724595770126e-05,3.333352506160744758e-05
3.001433584861234749e+02,5.702540776272915082e+02,2.338147949218750057e+02,3.061975651119097641e-03,9.157937802483969575e-03,3.066668286919593811e-03,2.816425630369508326e+00,5.259181048265759273e+00,1.983349609374982947e+00,3.323087687594813294e-05,9.908367869792579496e-05,3.333333879709235101e-05
3.029597841164929832e+02,5.755132586755572675e+02,2.357981445312499886e+02,3.095206527995045774e-03,9.257021481181895370e-03,3.100001625716686162e-03,2.803975020027849041e+00,5.247889791600528042e+00,1.970031738281250000e+00,3.322977262124396369e-05,9.907312397528997283e-05,3.333333879709235101e-05
3.057637591365208323e+02,5.807611484671577955e+02,2.377681762695312386e+02,3.128436300616289738e-03,9.356094605157185343e-03,3.133334964513778513e-03,2.790959791033344572e+00,5.234574754659092832e+00,1.954626464843755684e+00,3.322848276378527477e-05,9.906404751053483893e-05,3.333315253257768812e-05
3.085547189275541768e+02,5.859957232218168883e+02,2.397228027343749943e+02,3.161664783380075013e-03,9.455158652667720182e-03,3.166668117046356201e-03,2.784139941441992505e+00,5.231558077049839994e+00,1.949938964843767053e+00,3.322775000901175002e-05,9.905423479688452160e-05,3.333352506160744758e-05
3.113388588689961693e+02,5.912272812988667283e+02,2.416727416992187614e+02,3.194892533389086763e-03,9.554212887464604703e-03,3.200001642107963649e-03,2.775751611328871604e+00,5.217496604513144121e+00,1.934729003906227263e+00,3.322627463405803186e-05,9.904442402746370389e-05,3.333315253257725444e-05
3.141146104803250410e+02,5.964447779033798724e+02,2.436074707031249886e+02,3.228118808023144794e-03,9.653257311492068407e-03,3.233334794640540903e-03,2.753401184341669250e+00,5.192533438057580497e+00,1.901525878906284106e+00,3.322554200156429757e-05,9.903387737350728692e-05,3.333352506160744758e-05
3.168680116646667102e+02,6.016373113414374529e+02,2.455089965820312727e+02,3.261344350024709092e-03,9.752291188865575694e-03,3.266668319702148351e-03,2.744471333627075182e+00,5.172938391954858162e+00,1.883630371093715894e+00,3.322406679756367484e-05,9.902480839029878523e-05,3.333315253257768812e-05
3.196124829982937854e+02,6.068102497333923111e+02,2.473926269531249886e+02,3.294568416822272767e-03,9.851315997255874479e-03,3.300001472234726039e-03,2.734683470542790928e+00,5.161079458458175395e+00,1.870666503906278422e+00,3.322333428732284280e-05,9.901500344854617663e-05,3.333352506160744758e-05
3.223471664688365763e+02,6.119713291918504865e+02,2.492632934570312671e+02,3.327791751109595610e-03,9.950331000704420656e-03,3.333334997296333486e-03,2.729916228736158246e+00,5.142015793505947840e+00,1.850268554687460210e+00,3.322223053383102642e-05,9.900520044805495579e-05,3.333352506160701390e-05
3.250770826975727346e+02,6.171133449853564343e+02,2.511135620117187273e+02,3.361013981643426636e-03,1.004933620115247561e-02,3.366668522357940500e-03,2.717701262673188012e+00,5.112587211614822991e+00,1.806909179687522737e+00,3.322075558730586825e-05,9.899466185375044303e-05,3.333315253257768812e-05
3.277947839602459226e+02,6.222259321969712573e+02,2.529204711914062500e+02,3.394234737230732504e-03,1.014833086300622605e-02,3.400001674890518188e-03,2.693848808673692474e+00,5.059570261602175378e+00,1.721752929687511369e+00,3.322002325962256433e-05,9.898560034264820839e-05,3.333352506160744758e-05
3.304886327689196150e+02,6.272855024585734327e+02,2.546422241210937614e+02,3.427454760490355069e-03,1.024731646334887426e-02,3.433335199952125636e-03,2.690450128058785140e+00,5.057500839778526824e+00,1.716613769531250000e+00,3.321854848441262512e-05,9.897580316356457963e-05,3.333315253257725444e-05
3.331790828969784002e+02,6.323430032983519595e+02,2.563588378906250114e+02,3.460673308974767694e-03,1.034629226651243884e-02,3.466668352484702890e-03,2.674409589312915614e+00,5.042157359125781113e+00,1.698303222656250000e+00,3.321781627891717131e-05,9.896527060702063616e-05,3.333352506160744758e-05
3.358534924862913158e+02,6.373851606574777406e+02,2.580571411132812614e+02,3.493891125253684865e-03,1.044525753711945948e-02,3.500001877546310338e-03,2.634944874752250144e+00,5.018618579362396304e+00,1.666589355468715894e+00,3.321634167454670314e-05,9.895621469486678978e-05,3.333315253257768812e-05
3.384884373610435659e+02,6.424037792368401369e+02,2.597237304687499773e+02,3.527107466928231568e-03,1.054421375181432627e-02,3.533335030078888026e-03,2.620516624755111934e+00,5.001339577441967776e+00,1.650292968750022737e+00,3.321560959121394596e-05,9.894642333112789456e-05,3.333352506160744758e-05
3.411089539857986779e+02,6.474051188142821047e+02,2.613740234375000000e+02,3.560323076519445514e-03,1.064316017514545416e-02,3.566668555140495474e-03,6.487857953986804205e-01,1.248229482251758782e+00,4.086181640624886313e-01,8.303451612070526094e-06,2.473470758331507147e-05,8.333101868629108622e-06
3.417577397811973583e+02,6.486533482965338635e+02,2.617826416015624886e+02,3.568626528131516040e-03,1.066789488272876923e-02,3.575001657009124582e-03,1.774148772088494752e+00,3.350754306043199904e+00,5.912841796875341061e-01,2.491068354624342840e-05,7.420192632196474791e-05,2.500005066394814582e-05
3.435318885532858530e+02,6.520041026025770634e+02,2.623739257812500227e+02,3.593537211677759469e-03,1.074209680905073398e-02,3.600001707673072728e-03,-1.194030255335683819e+02,-2.284483635584870740e+02,-2.067848236083984546e+02,3.723736189265068955e-05,1.109107928542411164e-04,3.737211227416992188e-05
2.241288630197174712e+02,4.235557390440899894e+02,5.558910217285156108e+01,3.630774573570410158e-03,1.085300760190497510e-02,3.637373819947242650e-03,-5.489270477485263200e+00,-1.058186055060912167e+01,-9.367922973632808237e+00,3.657418774432935268e-05,1.089301405485191415e-04,3.670789301395442281e-05
2.186395925422322080e+02,4.129738784934808677e+02,4.622117919921875284e+01,3.667348761314739511e-03,1.096193774245349424e-02,3.674081712961197073e-03,-1.776107073704594086e+00,-3.566905438328944911e+00,-4.408212280273446027e+00,3.491083114282164321e-05,1.039665974011047545e-04,3.503970801830257054e-05
2.168634854685276139e+02,4.094069730551519228e+02,4.181296691894530682e+01,3.702259592457561154e-03,1.106590433985459900e-02,3.709121420979499643e-03,-7.512389526226485259e+00,-1.772181445646043585e+01,-1.247492065429687003e+01,2.992222840216907445e-05,8.910657133445396005e-05,3.003366291523014431e-05
2.093510959423011286e+02,3.916851585986914870e+02,2.933804626464843679e+01,3.732181820859730229e-03,1.115501091118905296e-02,3.739155083894729788e-03,-7.450267740871652222e-01,-3.479692730068677520e-01,-2.844443511962889914e+00,3.740180482052603630e-05,1.113711288413931494e-04,3.754235804080945788e-05
2.086060691682139634e+02,3.913371893256846192e+02,2.649360275268554688e+01,3.769583625680256265e-03,1.126638204003044610e-02,3.776697441935539246e-03,-2.704927421505658458e-01,8.027004272937574569e-01,-1.891131591796874289e+00,3.320755670764910517e-05,9.887499668880493642e-05,3.333352506160744758e-05
2.083355764260633975e+02,3.921398897529783767e+02,2.460247116088867259e+01,3.802791182387905370e-03,1.136525703671925104e-02,3.810030966997146693e-03,-8.790292104748687052e-02,1.223194607611219453e+00,-1.573367309570311789e+00,3.320608289983069741e-05,9.886522139014065902e-05,3.333315253257725444e-05
2.082476735050159107e+02,3.933630843605895961e+02,2.302910385131836080e+01,3.835997265287736067e-03,1.146412225810939170e-02,3.843364119529723948e-03,-7.896914983982696867e-01,6.714528964445776182e-01,-2.101220703125001421e+00,3.320535138301525940e-05,9.885471153205614703e-05,3.333352506160744758e-05
2.074579820066176410e+02,3.940345372570341738e+02,2.092788314819335938e+01,3.869202616670751327e-03,1.156297696964144785e-02,3.876697644591331395e-03,-1.022977091011171069e+00,-2.751649799973279187e-01,-2.462446975708008523e+00,3.320387774585287569e-05,9.884567666352053750e-05,3.333315253257725444e-05
2.064350049156064699e+02,3.937593722770368458e+02,1.846543617248535085e+01,3.902406494416604203e-03,1.166182264630496838e-02,3.910030797123908650e-03,-9.755076079628111074e-01,-5.611135396181907709e-01,-2.482773208618164418e+00,3.320314635105398385e-05,9.883590716161169687e-05,3.333352506160788126e-05
2.054594973076436588e+02,3.931982587374186551e+02,1.598266296386718643e+01,3.935609640767658186e-03,1.176065855346658008e-02,3.943364322185516531e-03,-8.060415499006126083e-01,-3.412559349634420869e-01,-2.306549835205077059e+00,3.320167288517819615e-05,9.882613959022457095e-05,3.333315253257768812e-05
2.046534557577430462e+02,3.928570028024552130e+02,1.367611312866210938e+01,3.968811313652836383e-03,1.185948469305680465e-02,3.976697474718094219e-03,-4.296039445659403100e-01,7.165810566948493943e-01,-1.791118431091309304e+00,3.320094161170499686e-05,9.881563774822438306e-05,3.333352506160701390e-05
2.042238518131771059e+02,3.935735838591500624e+02,1.188499469757080007e+01,4.002012255264541379e-03,1.195830033080502904e-02,4.010030999779701233e-03,-3.682039771194638433e-01,8.385860285516173462e-01,-1.713598251342773438e+00,3.319946831708501384e-05,9.880661031123547100e-05,3.333315253257768812e-05
2.038556478360576421e+02,3.944121698877016797e+02,1.017139644622802663e+01,4.035211723581626393e-03,1.205710694111626451e-02,4.043364152312278921e-03,-4.074015185824748642e-01,6.853032161124019694e-01,-1.763691329956053266e+00,3.319873716535557545e-05,9.879684852973427689e-05,3.333352506160701390e-05
2.034482463174751672e+02,3.950974731038140817e+02,8.407705116271973367e+00,4.068410460746981969e-03,1.215590378964599878e-02,4.076697677373885935e-03,-9.824756745901765953e-01,-4.160467860109520188e-01,-2.447523474693298340e+00,3.319763504601534049e-05,9.878635269319410717e-05,3.333352506160788126e-05
2.024657706428849906e+02,3.946814263178031297e+02,5.960181641578675027e+00,4.101608095792997309e-03,1.225469014233919289e-02,4.110031202435493816e-03,-1.464179675688342286e+00,-1.556603302063990668e+00,-3.070257782936096635e+00,3.319616200744314460e-05,9.877733082444377366e-05,3.333315253257682076e-05
2.010015909671966483e+02,3.931248230157391390e+02,2.889923858642578391e+00,4.134804257800440454e-03,1.235346747316363666e-02,4.143364354968070637e-03,-1.655048764738296541e+00,-2.029168863757490726e+00,-3.327324867248535156e+00,3.319543103872182876e-05,9.876757482702412660e-05,3.333352506160788126e-05
1.993465422024583518e+02,3.910956541519816483e+02,-4.374010086059567648e-01,4.167999688839162283e-03,1.245223504799066079e-02,4.176697880029678518e-03,-9.269965610402550737e-01,-7.889077099736141463e-01,-2.482606124877930309e+00,3.319395817132347187e-05,9.875782075634449708e-05,3.333315253257768812e-05
1.984195456414180967e+02,3.903067464420080341e+02,-2.920007133483887074e+00,4.201193647010485754e-03,1.255099286874700529e-02,4.210031032562256206e-03,-6.203670551373363651e-01,-3.521335036771233717e-01,-2.154135084152221324e+00,3.319322732383764296e-05,9.874806861249682544e-05,3.333352506160701390e-05
1.977991785862807603e+02,3.899546129383309108e+02,-5.074142217636108398e+00,4.234386874334323397e-03,1.264974093735950211e-02,4.243364557623863220e-03,-8.138717684100527094e-01,-8.966810110991900729e-01,-2.410453176498412731e+00,3.319175462758016532e-05,9.873831839402914812e-05,3.333315253257768812e-05
1.969853068178707076e+02,3.890579319272317207e+02,-7.484595394134521129e+00,4.267578628961903563e-03,1.274847925575353126e-02,4.276697710156440908e-03,-4.252954454689188424e-01,-2.169220922219210479e-01,-1.952474403381348367e+00,3.319102390174615697e-05,9.872709900660310567e-05,3.333352506160701390e-05
1.965600113724017888e+02,3.888410098350097996e+02,-9.437069797515869496e+00,4.300769652863649720e-03,1.284720635476013437e-02,4.310031235218047922e-03,2.844481774982909883e-02,6.092065327618456649e-01,-1.424092578887938387e+00,3.318955137637802366e-05,9.871882387793400049e-05,3.333315253257768812e-05
1.965884561901516179e+02,3.894502163677716453e+02,-1.086116237640380788e+01,4.333959204240027743e-03,1.294592517863806837e-02,4.343364387750625610e-03,1.193208585018226131e-01,7.645042420651293469e-01,-1.300801849365235796e+00,3.318882077216981502e-05,9.870907943391495076e-05,3.333352506160701390e-05
1.967077770486534405e+02,3.902147206098367747e+02,-1.216196422576904368e+01,4.367148025012197558e-03,1.304463425807198332e-02,4.376697912812232624e-03,1.417288722140597201e-01,7.213824498281837805e-01,-1.292246055603026633e+00,3.318734841765719895e-05,9.869933691300340761e-05,3.333315253257768812e-05
1.968495059208675002e+02,3.909361030596649584e+02,-1.345421028137207031e+01,4.400335373429854757e-03,1.314333359498498673e-02,4.410031065344810312e-03,4.178403342388037345e-02,4.777341669484371778e-01,-1.427029418945313211e+00,3.318661793527081377e-05,9.868959631549600875e-05,3.333352506160788126e-05
1.968912899542913806e+02,3.914138372266133956e+02,-1.488123970031738352e+01,4.433521991365125571e-03,1.324202319130048273e-02,4.443364590406418194e-03,-1.583256557665890796e-03,1.473674179649719918e-01,-1.535314559936523438e+00,3.318514575113840070e-05,9.867985764017324357e-05,3.333315253257682076e-05
1.968897066977337147e+02,3.915612046445783676e+02,-1.641655426025390696e+01,4.466707137116263972e-03,1.334070304894065598e-02,4.476697742938995014e-03,7.149830636760157176e-02,1.912606759451023208e-01,-1.469976425170894885e+00,3.318441539054868550e-05,9.867012088646438805e-05,3.333352506160788126e-05
1.969612050041013163e+02,3.917524653205234699e+02,-1.788653068542480185e+01,4.499891552506812657e-03,1.343937316982712037e-02,4.510031268000602896e-03,8.871908395445871065e-02,1.689933247287740414e-01,-1.436375808715823155e+00,3.318294337742791478e-05,9.865891597550871528e-05,3.333315253257768812e-05
1.970499240880557750e+02,3.919214586452522440e+02,-1.932290649414062500e+01,4.533074495884240572e-03,1.353803208580262908e-02,4.543364420533180584e-03,7.723427463295706730e-02,6.267200667247152523e-02,-1.434575653076173296e+00,3.318221313794444960e-05,9.865065328794157817e-05,3.333352506160701390e-05
1.971271583626887320e+02,3.919841306519247155e+02,-2.075748214721679830e+01,4.566256709022185022e-03,1.363668273909057066e-02,4.576697945594787598e-03,-5.048343934319632353e-02,-3.327318417861420130e-01,-1.622865295410154118e+00,3.318074129580322884e-05,9.864092229650879562e-05,3.333315253257768812e-05
1.970766749233455357e+02,3.916513988101385735e+02,-2.238034744262695241e+01,4.599437450317988250e-03,1.373532366138707946e-02,4.610031098127365286e-03,-1.242937015138096513e+00,-3.566959888062569917e+00,-3.233827209472654118e+00,3.318001117784321469e-05,9.863119322441570025e-05,3.333352506160701390e-05
1.958337379082074392e+02,3.880844389220760036e+02,-2.561417465209960653e+01,4.632617461495831465e-03,1.383395485461149516e-02,4.643364623188972300e-03,-2.349537878412775171e+00,-7.153861782614171716e+00,-4.818923187255862217e+00,3.317891030144969750e-05,9.862146607175076296e-05,3.333352506160788126e-05
1.934842000297946640e+02,3.809305771394618318e+02,-3.043309783935546875e+01,4.665796371797281163e-03,1.393257632068324592e-02,4.676698148250580181e-03,-2.091219386830971416e+00,-6.746756227902380942e+00,-4.465367126464840908e+00,3.317743871494339969e-05,9.861174083706895910e-05,3.333315253257682076e-05
1.913929806429636926e+02,3.741838209115594509e+02,-3.489846496582030966e+01,4.698973810512224562e-03,1.403118806152031488e-02,4.710031300783157002e-03,-8.821954888855998433e-01,-3.198660305851092289e+00,-2.950463867187501421e+00,3.317670877966191062e-05,9.860201752068427361e-05,3.333352506160788126e-05
1.905107851540780928e+02,3.709851606057083586e+02,-3.784892883300781108e+01,4.732150519291886473e-03,1.412979007904099915e-02,4.743364825844764883e-03,-7.040391180235303636e-01,-2.877070236346241927e+00,-2.746395874023441763e+00,3.317523736405363077e-05,9.859229612136505283e-05,3.333315253257768812e-05
1.898067460360545624e+02,3.681080903693621167e+02,-4.059532470703125284e+01,4.765325756655940104e-03,1.422838237516236420e-02,4.776697978377342571e-03,-1.114731138862140369e+00,-4.382474042426736105e+00,-3.475645446777335223e+00,3.317450754978992083e-05,9.858110771915513937e-05,3.333352506160701390e-05
1.886920148971924220e+02,3.637256163269353806e+02,-4.407097015380858807e+01,4.798500264205730025e-03,1.432696348288151934e-02,4.810031503438949585e-03,-7.149289543415022763e-01,-3.400766351754157313e+00,-3.097390747070321027e+00,3.317303630504669920e-05,9.857285921689891428e-05,3.333315253257768812e-05
1.879770859428509198e+02,3.603248499751812233e+02,-4.716836090087890909e+01,4.831673300510776724e-03,1.442553634209841826e-02,4.843364655971527273e-03,-1.733248515227245434e+00,-9.206237681291440822e+00,-5.828643798828125000e+00,3.317230661221623467e-05,9.856314356623298301e-05,3.333352506160701390e-05
1.862438374276236743e+02,3.511186122938897824e+02,-5.299700469970703409e+01,4.864845607122992958e-03,1.452409948566465124e-02,4.876698181033134287e-03,-1.278270398030323918e+01,-1.124826062430713591e+02,-2.620308380126952841e+01,2.643317971244996817e-05,7.853483914954662026e-05,2.656243741512315931e-05
1.734611334473204352e+02,2.386360060508184233e+02,-7.920008850097656250e+01,4.891278786835442927e-03,1.460263432481419786e-02,4.903260618448257446e-03,1.290150645334307455e+00,-5.355994571827693562e+00,-3.957003784179690342e+00,3.323483108332893343e-05,9.873804707530471625e-05,3.339834511280077162e-05
1.747512840926547426e+02,2.332800114789907298e+02,-8.315709228515625284e+01,4.924513617918771860e-03,1.470137237188950258e-02,4.936658963561058218e-03,2.543226106209800719e+00,-6.632265013213981319e+00,-6.223355102539059658e+00,5.678206302105800324e-05,1.686794155720244132e-04,5.706399679183959961e-05
1.772945101988645433e+02,2.266477464657767484e+02,-8.938044738769531250e+01,4.981295680939829863e-03,1.487005178746152699e-02,4.993722960352897818e-03,1.597680352339352794e+00,-3.437817708592376675e+00,-3.582723999023443184e+00,3.316697308079243067e-05,9.851934262031063205e-05,3.333315253257768812e-05
1.788921905512038961e+02,2.232099287571843718e+02,-9.296317138671875568e+01,5.014462654020622294e-03,1.496857113008183762e-02,5.027056112885475506e-03,1.580855058911964761e+00,-2.946225819617922070e+00,-3.360848999023431816e+00,3.316624372241925439e-05,9.850963751579198957e-05,3.333352506160701390e-05
1.804730456101158609e+02,2.202637029375664497e+02,-9.632402038574218750e+01,5.047628897743041548e-03,1.506708076759762961e-02,5.060389637947082520e-03,1.579597575818411315e+00,-2.606384036761966172e+00,-3.234646606445309658e+00,3.316477311822441099e-05,9.849993432295943430e-05,3.333315253257768812e-05
1.820526431859342722e+02,2.176573189008044835e+02,-9.955866699218749716e+01,5.080793670861265959e-03,1.516558070192058905e-02,5.093722790479660208e-03,1.562843564836157384e+00,-1.815569114110132887e+00,-2.769519042968752842e+00,3.316404388118820296e-05,9.848876549773885603e-05,3.333352506160701390e-05
1.836154867507704296e+02,2.158417497866943506e+02,-1.023281860351562500e+02,5.113957714742454162e-03,1.526406946741832790e-02,5.127056315541267222e-03,1.619413406211577922e+00,-1.785461238106307746e+00,-2.815051269531252842e+00,3.316257344748371749e-05,9.848053381504399961e-05,3.333315253257768812e-05
1.852349001569820075e+02,2.140562885485880429e+02,-1.051432373046875028e+02,5.147120288189937880e-03,1.536255000123337190e-02,5.160389468073844910e-03,1.580426883879340494e+00,-1.420073965811752714e+00,-2.617227172851556816e+00,3.316184433175672214e-05,9.847083635472660135e-05,3.333352506160701390e-05
1.868153270408613480e+02,2.126362145827762902e+02,-1.077604644775390597e+02,5.180282132521694602e-03,1.546102083758809850e-02,5.193722993135451924e-03,1.525705120079493327e+00,-9.244693018994212252e-01,-2.324496459960940342e+00,3.316037406851223696e-05,9.846114080383494560e-05,3.333315253257768812e-05
1.883410321609408413e+02,2.117117452808768689e+02,-1.100849609375000000e+02,5.213442506590206839e-03,1.555948197839193345e-02,5.227056145668029612e-03,1.461148773961411962e+00,-9.185300262314797237e-01,-2.158142089843750000e+00,3.315964507429134539e-05,9.845144716180698197e-05,3.333352506160788126e-05
1.898021809349022533e+02,2.107932152546453892e+02,-1.122431030273437500e+02,5.246602151664498184e-03,1.565793342555374043e-02,5.260389670729637493e-03,1.482033438828153749e+00,-1.192278684080662288e+00,-2.322723388671875000e+00,3.315854554846852514e-05,9.844175542873465079e-05,3.333352506160701390e-05
1.912842143737304070e+02,2.096009365705647269e+02,-1.145658264160156250e+02,5.279760697212966709e-03,1.575637518098247508e-02,5.293723195791244507e-03,1.424293019450999509e+00,-1.188920885042392683e+00,-2.182897949218755684e+00,3.315707554085289138e-05,9.843206560317813159e-05,3.333315253257768812e-05
1.927085073931814065e+02,2.084120156855223343e+02,-1.167487243652343807e+02,5.312917772753819601e-03,1.585480724658565321e-02,5.327056348323822195e-03,1.176188773759605510e+00,-1.742347709452502613e+00,-1.744793701171857947e+00,3.315634672828877277e-05,9.842237768545314403e-05,3.333352506160701390e-05
1.938846961669410121e+02,2.066696679760698316e+02,-1.184935180664062386e+02,5.346074119482108374e-03,1.595322962427110636e-02,5.360389873385429209e-03,9.790534829929811167e-01,-1.477014239957611608e+00,-1.152160644531250000e+00,3.315487689105073993e-05,9.841122528595272478e-05,3.333315253257768812e-05
1.948637496499339932e+02,2.051926537361122200e+02,-1.196456787109374886e+02,5.379228996373159113e-03,1.605164084955705908e-02,5.393723025918006897e-03,7.991917715675072031e-01,-1.485645321011929809e+00,-6.870300292968920530e-01,3.315414819970736310e-05,9.840300771377444300e-05,3.333352506160701390e-05
1.956629414215015004e+02,2.037070084151002902e+02,-1.203327087402343807e+02,5.412383144572866477e-03,1.615004385727083352e-02,5.427056550979613911e-03,6.161576825608392483e-01,-1.808250621884099019e+00,-3.346069335937329470e-01,3.315267853281570615e-05,9.839332551437804386e-05,3.333315253257768812e-05
1.962790991040623396e+02,2.018987577932161912e+02,-1.206673156738281136e+02,5.445535823105682183e-03,1.624843718278521157e-02,5.460389703512191599e-03,5.020491115804190940e-01,-1.128962693913763360e+00,1.584350585937386313e-01,3.315194996288736012e-05,9.838364522056150530e-05,3.333352506160788126e-05
1.967811482156427587e+02,2.007697950993024278e+02,-1.205088806152343750e+02,5.478687773068569543e-03,1.634682082800577307e-02,5.493723228573799480e-03,4.887149635933383252e-01,-9.140959454807102702e-01,2.451721191406193157e-01,3.315048046586763220e-05,9.837396683110011253e-05,3.333315253257682076e-05
1.972698631792360970e+02,1.998556991538217176e+02,-1.202637084960937557e+02,5.511838253534437175e-03,1.644519479483687319e-02,5.527056381106376301e-03,5.225521002470827625e-01,-8.153170764440744733e-01,1.880798339843750000e-01,3.314975201732916349e-05,9.836429034543875405e-05,3.333352506160788126e-05
1.977924152794831798e+02,1.990403820773776431e+02,-1.200756286621093807e+02,5.544988005551766339e-03,1.654355908518231194e-02,5.560389906167984182e-03,5.624687327817810001e-01,-7.169061858293446221e-01,1.126525878906363687e-01,3.314828269081193657e-05,9.835461576366763548e-05,3.333315253257768812e-05
1.983548840122649608e+02,1.983234758915482985e+02,-1.199629760742187443e+02,5.578136288242578275e-03,1.664191370094597958e-02,5.593723058700561870e-03,-4.811324835986852122e-02,-1.887867356229293136e+00,1.216619873046880684e+00,3.314755436297379260e-05,9.834347770561538415e-05,3.333352506160701390e-05
1.983067707639050923e+02,1.964356085353190053e+02,-1.187463562011718636e+02,5.611283842605552068e-03,1.674025717865159496e-02,5.627056583762168884e-03,-2.692714055700662357e+00,-7.502370507217790419e+00,5.800030517578107947e+00,3.314608520692697430e-05,9.833527245189585542e-05,3.333315253257768812e-05
1.956140567082044299e+02,1.889332380281012149e+02,-1.129463256835937557e+02,5.644429927812479042e-03,1.683859245110349082e-02,5.660389736294746572e-03,-2.483115634785463044e+00,-5.583100373345843082e+00,4.566339111328119316e+00,7.380094264729242237e-06,2.189476292321218542e-05,7.421895861625844859e-06
1.931309410734189669e+02,1.833501376547553718e+02,-1.083799865722656364e+02,5.651810022077208284e-03,1.686048721402670300e-02,5.667811632156372417e-03,-3.292094269538893059e+01,-6.759170349139571954e+01,6.026172790527344603e+01,3.537539202887532430e-05,1.049381685725297997e-04,3.557652235031127930e-05
1.602099983780300363e+02,1.157584341633596523e+02,-4.811825866699219034e+01,5.687185414106083609e-03,1.696542538259923280e-02,5.703388154506683697e-03,-1.710673440368850606e-01,-1.730765067018381842e+00,1.823002624511715908e+00,3.986230734962133149e-05,1.182415014494564431e-04,4.009045660495740709e-05
1.600389310339931512e+02,1.140276690963412705e+02,-4.629525604248047443e+01,5.727047721455704940e-03,1.708366688404868924e-02,5.743478611111641104e-03,2.543174455121572919e-01,-7.228777132263957128e-01,7.992080688476619343e-01,3.314261876243528027e-05,9.830151062186626154e-05,3.333352506160701390e-05
1.602932484795053085e+02,1.133047913831148747e+02,-4.549604797363281250e+01,5.760190340218140220e-03,1.718196839467055551e-02,5.776812136173248118e-03,4.162187398910930369e-01,-6.994492399871177213e-01,4.091934204101548289e-01,3.314114998870677092e-05,9.829184838490087617e-05,3.333315253257768812e-05
1.607094672193964016e+02,1.126053421431277570e+02,-4.508685455322265767e+01,5.793331490206846991e-03,1.728026024305545638e-02,5.810145288705825806e-03,4.115065869004581600e-01,-3.716490015409021908e-01,5.598846435546889211e-01,3.314042205396303814e-05,9.828218804674992981e-05,3.333352506160701390e-05
1.611209738062968597e+02,1.122336931415868548e+02,-4.452696990966796875e+01,5.826471912260810029e-03,1.737854243110220631e-02,5.843478813767432820e-03,4.081690657264971378e-01,-3.688671096223146151e-01,5.624176025390639211e-01,3.313895345037967677e-05,9.827252960772220325e-05,3.333315253257768812e-05
1.615291428720233569e+02,1.118648260319645402e+02,-4.396455230712890483e+01,5.859610865711189706e-03,1.747681496070992851e-02,5.876811966300010508e-03,3.946764505432440728e-01,-3.784955823251863194e-01,5.714508056640639211e-01,3.313822563688877815e-05,9.826140891047371873e-05,3.333352506160788126e-05
1.619238193225666009e+02,1.114863304496393539e+02,-4.339310150146484091e+01,5.892749091348078484e-03,1.757507636962040223e-02,5.910145491361618389e-03,4.608768683605717342e-01,-2.703156541457474304e-01,4.586654663085880657e-01,3.313675720297698524e-05,9.825321856692798006e-05,3.333315253257682076e-05
1.623846961909271727e+02,1.112160147954936065e+02,-4.293443603515625284e+01,5.925885848551055470e-03,1.767332958818733021e-02,5.943478643894195210e-03,4.950700497347213513e-01,-2.104904695818845539e-01,4.026260375976562500e-01,3.313602951071550201e-05,9.824356582015247863e-05,3.333352506160788126e-05
1.628797662406618940e+02,1.110055243259117219e+02,-4.253180999755859659e+01,5.959021878061770972e-03,1.777157315400748269e-02,5.976812168955803091e-03,4.825764361813753567e-01,-2.340585287406327097e-01,4.308380126953181843e-01,3.313456124710411482e-05,9.823391497027628150e-05,3.333315253257768812e-05
1.633623426768432694e+02,1.107714657971710892e+02,-4.210097198486327841e+01,5.992156439308875086e-03,1.786980706897775897e-02,6.010145321488380779e-03,4.546078850456467535e-01,-2.894252394490024471e-01,4.923355102539090922e-01,3.313383367538422913e-05,9.822426601606773500e-05,3.333352506160701390e-05
1.638169505618889161e+02,1.104820405577220868e+02,-4.160863647460936932e+01,6.025290272984259315e-03,1.796803133499382671e-02,6.043478846549987793e-03,-7.953395783789147799e+00,-2.175404347383033610e+01,1.635793380737304403e+01,2.416935401000543798e-05,7.164556661144738658e-05,2.431571483612043200e-05
1.558635547780997683e+02,8.872799708389175066e+01,-2.525070266723632528e+01,6.049459626994264753e-03,1.803967690160527410e-02,6.067794561386108225e-03,7.346555617658054871e-01,-4.744797069161137415e-01,8.339523315429673289e-01,5.317370693439568002e-05,1.576112525290447597e-04,5.349777638912183580e-05
1.565982103398655738e+02,8.825351737697563692e+01,-2.441675033569335795e+01,6.102633333928660433e-03,1.819728815413431885e-02,6.121292337775230061e-03,1.431385740121982053e-02,-1.267173607949104053e+00,1.551931762695311079e+00,3.313017341538028460e-05,9.819210627218591392e-05,3.333352506160788126e-05
1.566125241972667936e+02,8.698634376902653287e+01,-2.286481857299804688e+01,6.135763507344040718e-03,1.829548026040650477e-02,6.154625862836837942e-03,-2.257606673029783906e-01,-1.793342296117046430e+00,2.063177490234373579e+00,3.312870560525076752e-05,9.818246552887460732e-05,3.333315253257768812e-05
1.563867635299638152e+02,8.519300147290948644e+01,-2.080164108276367330e+01,6.168892212949291486e-03,1.839366272593537938e-02,6.187959015369415630e-03,-3.723224872209129899e-02,-1.405771943224749521e+00,1.652457427978518467e+00,3.312797835608970176e-05,9.817282667891336079e-05,3.333352506160701390e-05
1.563495312812417239e+02,8.378722952968473692e+01,-1.914918365478515483e+01,6.202020191305381187e-03,1.849183555261429274e-02,6.221292540431022644e-03,1.876490927413385634e-01,-1.063889436508745234e+00,1.301903533935544033e+00,3.312688092949479107e-05,9.816318972109480678e-05,3.333352506160701390e-05
1.565371803739830625e+02,8.272334009317599168e+01,-1.784728012084961080e+01,6.235147072234875978e-03,1.858999874233538754e-02,6.254626065492629658e-03,-3.314149295562742736e-01,-2.986981591309074702e+00,3.140635681152346592e+00,3.312541337451881118e-05,9.815355465486036435e-05,3.333315253257768812e-05
1.562057654444267882e+02,7.973635850186691698e+01,-1.470664443969726420e+01,6.268272485609394790e-03,1.868815229699024791e-02,6.287959218025207346e-03,-3.749847021581445006e-01,-3.159501017281925783e+00,3.280571746826170809e+00,3.312431611785481012e-05,9.814392148031064744e-05,3.333315253257768812e-05
1.558307807422686437e+02,7.657685748458499120e+01,-1.142607269287109339e+01,6.301396801727249600e-03,1.878629621847055856e-02,6.321292370557785034e-03,-2.265380674012078543e-01,-2.752721170269254003e+00,2.892616081237791903e+00,3.312395928722639687e-05,9.813282795593375463e-05,3.333389759063720703e-05
1.556042426748674359e+02,7.382413631431573720e+01,-8.533456611633301492e+00,6.334520761014475997e-03,1.888442904642649231e-02,6.354626268148422241e-03,1.312473631839168320e-01,-1.732581113769427361e+00,1.898466682434082564e+00,3.312212179806556939e-05,9.812466094576144382e-05,3.333315253257768812e-05
1.557354900380513527e+02,7.209155520054630983e+01,-6.634989929199218928e+00,6.367642882812541566e-03,1.898255370737225375e-02,6.387959420680999929e-03,2.080395670601546954e-01,-1.528441432586319593e+00,1.702319049835205433e+00,3.312102475944937036e-05,9.811503344114153036e-05,3.333315253257768812e-05
1.559435296051115074e+02,7.056311376795999024e+01,-4.932670879364013494e+00,6.400763907571990936e-03,1.908066874081339528e-02,6.421292573213577617e-03,4.317287008897494616e-01,-8.847155586072403821e-01,1.069270658493041815e+00,3.311992779328042785e-05,9.810540782598589638e-05,3.333315253257682076e-05
1.563752583060012569e+02,6.967839820935274986e+01,-3.863400220870971680e+00,6.433883835365271364e-03,1.917877414863938118e-02,6.454625725746154438e-03,4.114847925619073976e-01,-8.948586456148603929e-01,1.067585635185241966e+00,3.311957115548127412e-05,9.809578409885472139e-05,3.333389759063720703e-05
1.567867430985631643e+02,6.878353956373788947e+01,-2.795814585685729714e+00,6.467003406520752638e-03,1.927686993273823590e-02,6.487959623336791645e-03,3.877738066474307743e-01,-9.207735554014391255e-01,1.080889606475829767e+00,3.311773405506243662e-05,9.808616226006719452e-05,3.333315253257768812e-05
1.571745169052105950e+02,6.786276600833645034e+01,-1.714924979209899947e+00,6.500121140575815075e-03,1.937495609499830310e-02,6.521292775869369333e-03,3.881800450362504762e-01,-9.137984358411586072e-01,1.072999548912048517e+00,3.311663730707573722e-05,9.807654230841594822e-05,3.333315253257768812e-05
1.575626969502468455e+02,6.694896757249529173e+01,-6.419254302978515403e-01,6.533237777882890812e-03,1.947303263730671904e-02,6.554625928401947021e-03,3.929975160580170268e-01,-8.988730742857029554e-01,1.061782741546630771e+00,3.311554063172624657e-05,9.806546300699867103e-05,3.333315253257768812e-05
1.579556944663048625e+02,6.605009449820958878e+01,4.198573112487793413e-01,6.566353318514617059e-03,1.957109810031371772e-02,6.587959080934524710e-03,3.974715203457037660e-01,-8.840800190320550200e-01,1.049628877639770419e+00,3.311518418622812904e-05,9.805730820801675240e-05,3.333389759063720703e-05
1.583531659866505663e+02,6.516601447917753376e+01,1.469486188888549760e+00,6.599468502700845188e-03,1.966915540852173447e-02,6.621292978525161917e-03,4.037398190205578885e-01,-8.696126022872903150e-01,1.033113718032837136e+00,3.311334747440903420e-05,9.804769391528675437e-05,3.333315253257768812e-05
1.587569058056711242e+02,6.429640187689024344e+01,2.502599906921386896e+00,6.632581850175254222e-03,1.976720310243702122e-02,6.654626131057739605e-03,1.464357027182359161e-01,-3.131167019456384537e-01,3.718272447586059570e-01,1.196417438016194462e-05,3.542448592228075732e-05,1.204386353492736816e-05
