Sigma_1,Sigma_2,Sigma_12,Epsilon_1,Epsilon_2,Epsilon_12,dSigma_1,dSigma_2,dSigma_12,dEpsilon_1,dEpsilon_2,dEpsilon_12
-0.000000000000000000e+00,-0.000000000000000000e+00,-0.000000000000000000e+00,0.000000000000000000e+00,0.000000000000000000e+00,0.000000000000000000e+00,7.390178948910840262e+00,2.892670440673827947e+00,1.533057708740234304e+01,1.333241062473146973e-04,0.000000000000000000e+00,2.000000094994902611e-04
7.390178948910840262e+00,2.892670440673827947e+00,1.533057708740234304e+01,1.333241062473146973e-04,0.000000000000000000e+00,2.000000094994902611e-04,3.692457051378099209e+00,1.444056320190429510e+00,7.661305236816406961e+00,6.665539379159600257e-05,0.000000000000000000e+00,9.999999310821293700e-05
1.108263600028893947e+01,4.336726760864257457e+00,2.299188232421875000e+01,1.999795000389106999e-04,0.000000000000000000e+00,3.000000026077031981e-04,3.691016935659776621e+00,1.442585372924805043e+00,7.659437561035154829e+00,6.665093950772614040e-05,0.000000000000000000e+00,1.000000163912773241e-04
1.477365293594871609e+01,5.779312133789062500e+00,3.065131988525390483e+01,2.666304395466368403e-04,0.000000000000000000e+00,4.000000189989805222e-04,3.689576434105690694e+00,1.441114807128906605e+00,7.657568359374998579e+00,6.664652073144885841e-05,0.000000000000000000e+00,9.999996982514860414e-05
1.846322937005440679e+01,7.220426940917969105e+00,3.830888824462890341e+01,3.332769602780856987e-04,0.000000000000000000e+00,4.999999888241291263e-04,3.688137071915676302e+00,1.439643096923827414e+00,7.655699157714849434e+00,6.664205599510791356e-05,0.000000000000000000e+00,1.000000163912772699e-04
2.215136644197008309e+01,8.660070037841796520e+00,4.596458740234375284e+01,3.999190162731936123e-04,0.000000000000000000e+00,6.000000052154063962e-04,3.686695797432207655e+00,1.438173675537109730e+00,7.653833007812494316e+00,6.663761512720566124e-05,0.000000000000000000e+00,1.000000163912773783e-04
2.583806223940229074e+01,1.009824371337890625e+01,5.361842041015624716e+01,4.665566314003992735e-04,0.000000000000000000e+00,7.000000216066837744e-04,3.685258716675342328e+00,1.436703491210938211e+00,7.651968383789068184e+00,6.663317485134360616e-05,0.000000000000000000e+00,1.000000163912772699e-04
2.952332095607763307e+01,1.153494720458984446e+01,6.127038879394531534e+01,5.331898062517428797e-04,0.000000000000000000e+00,8.000000379979610443e-04,3.683816671644585483e+00,1.435234069824218750e+00,7.650100708007798289e+00,6.662878170556475309e-05,0.000000000000000000e+00,9.999992325901983000e-05
3.320713762772221855e+01,1.297018127441406321e+01,6.892048950195311363e+01,5.998185879573076328e-04,0.000000000000000000e+00,8.999999612569808743e-04,3.682377291135068731e+00,1.433764648437499289e+00,7.648239135742187500e+00,6.662429607150047780e-05,0.000000000000000000e+00,1.000000163912773783e-04
3.688951491885728728e+01,1.440394592285156250e+01,7.656872863769530113e+01,6.664428840288081106e-04,0.000000000000000000e+00,9.999999776482582526e-04,3.680940580254201677e+00,1.432295227050781605e+00,7.646371459960946027e+00,6.661985757060564020e-05,0.000000000000000000e+00,1.000000163912772699e-04
4.057045549911148896e+01,1.583624114990234411e+01,8.421510009765624716e+01,7.330627415994137508e-04,0.000000000000000000e+00,1.099999994039535522e-03,3.679497375844071883e+00,1.430827331542969816e+00,7.644512939453122158e+00,6.661541966061226231e-05,0.000000000000000000e+00,1.000000163912772699e-04
4.424995287495556084e+01,1.726706848144531392e+01,9.185961303710936932e+01,7.996781612600260131e-04,0.000000000000000000e+00,1.200000010430812792e-03,3.678059893887777321e+00,1.429359436035156250e+00,7.642648315429681816e+00,6.661098234228991083e-05,0.000000000000000000e+00,1.000000163912772699e-04
4.792801276884333816e+01,1.869642791748047017e+01,9.950226135253905113e+01,8.662891436023159239e-04,0.000000000000000000e+00,1.300000026822090062e-03,3.676618972194511059e+00,1.427891540527340908e+00,7.640786743164071027e+00,6.660654561463244614e-05,0.000000000000000000e+00,1.000000163912774867e-04
5.160463174103784922e+01,2.012431945800781108e+01,1.071430480957031222e+02,9.328956892169483700e-04,0.000000000000000000e+00,1.400000043213367549e-03,3.675183774379199519e+00,1.426423645019532671e+00,7.638928222656247158e+00,6.660210947818793244e-05,0.000000000000000000e+00,9.999992325901972158e-05
5.527981551541704874e+01,2.155074310302734375e+01,1.147819763183593693e+02,9.994977986951363025e-04,0.000000000000000000e+00,1.499999966472387270e-03,3.671536362622369154e+00,1.424038696289063211e+00,7.634570312500002842e+00,6.659767393283775802e-05,0.000000000000000000e+00,1.000001095235348181e-04
5.895135187803941790e+01,2.297478179931640696e+01,1.224165466308593722e+02,1.066095472627974061e-03,0.000000000000000000e+00,1.600000075995922089e-03,3.668065332831751846e+00,1.421549987792968039e+00,7.630126953125014211e+00,6.659333200475917904e-05,0.000000000000000000e+00,1.000000163912772699e-04
6.261941721087116974e+01,2.439633178710937500e+01,1.300466735839843864e+02,1.132688804632733240e-03,0.000000000000000000e+00,1.700000092387199358e-03,3.664666830795447083e+00,1.419357299804687500e+00,7.626495361328125000e+00,6.658880460742389387e-05,0.000000000000000000e+00,9.999983012676239014e-05
6.628408404166661683e+01,2.581568908691406250e+01,1.376731689453125114e+02,1.199277609240157133e-03,0.000000000000000000e+00,1.799999922513961749e-03,3.659538075055081663e+00,1.416198730468750000e+00,7.620294189453090894e+00,6.658437083376296008e-05,0.000000000000000000e+00,1.000000163912772699e-04
6.994362211672169849e+01,2.723188781738281250e+01,1.452934631347656023e+02,1.265861980073920093e-03,0.000000000000000000e+00,1.899999938905239018e-03,3.656565611221310519e+00,1.414117431640626421e+00,7.616790771484403422e+00,6.657993765072441235e-05,0.000000000000000000e+00,1.000000163912774867e-04
7.360018772794300901e+01,2.864600524902343892e+01,1.529102539062500057e+02,1.332441917724644506e-03,0.000000000000000000e+00,1.999999955296516505e-03,3.652761216239923669e+00,1.411141967773435368e+00,7.611248779296857947e+00,6.657550505752523988e-05,0.000000000000000000e+00,1.000000163912770530e-04
7.725294894418293268e+01,3.005714721679687429e+01,1.605215026855468636e+02,1.399017422782169746e-03,0.000000000000000000e+00,2.099999971687793558e-03,3.648094106420188609e+00,1.408670043945313921e+00,7.607177734375000000e+00,6.657107305493435885e-05,0.000000000000000000e+00,1.000000163912774867e-04
8.090104305060312129e+01,3.146581726074218821e+01,1.681286804199218636e+02,1.465588495837104105e-03,0.000000000000000000e+00,2.199999988079071045e-03,3.644709671158764763e+00,1.406158447265621447e+00,7.603277587890630684e+00,6.656664164194736437e-05,0.000000000000000000e+00,1.000000163912774867e-04
8.454575272176188605e+01,3.287197570800780966e+01,1.757319580078124943e+02,1.532155137479051469e-03,0.000000000000000000e+00,2.300000004470348532e-03,3.639979541324720458e+00,1.402304077148443184e+00,7.596264648437511369e+00,6.656221081911134485e-05,0.000000000000000000e+00,1.000000163912770530e-04
8.818573226308660651e+01,3.427427978515625284e+01,1.833282226562500057e+02,1.598717348298162814e-03,0.000000000000000000e+00,2.400000020861625585e-03,3.634172361123589212e+00,1.397607421874994316e+00,7.586822509765625000e+00,6.655778058630812226e-05,0.000000000000000000e+00,1.000000163912774867e-04
9.181990462421019572e+01,3.567188720703124716e+01,1.909150451660156307e+02,1.665275128884470936e-03,0.000000000000000000e+00,2.500000037252903071e-03,3.630100327809401506e+00,1.393701171875001421e+00,7.579699707031267053e+00,6.655335094275576999e-05,0.000000000000000000e+00,1.000000163912770530e-04
9.545000495201959723e+01,3.706558837890624858e+01,1.984947448730468977e+02,1.731828479827226706e-03,0.000000000000000000e+00,2.600000053644180124e-03,3.626730552795265794e+00,1.390435791015626421e+00,7.574542236328113631e+00,6.654892188922212001e-05,0.000000000000000000e+00,1.000000163912774867e-04
9.907673550481486302e+01,3.845602416992187500e+01,2.060692871093750114e+02,1.798377401716448826e-03,0.000000000000000000e+00,2.700000070035457611e-03,3.620626644495189339e+00,1.385409545898440342e+00,7.565307617187500000e+00,6.654449342470385165e-05,0.000000000000000000e+00,1.000000163912774867e-04
1.026973621493100524e+02,3.984143371582031534e+01,2.136345947265625114e+02,1.864921895141152678e-03,0.000000000000000000e+00,2.800000086426735098e-03,3.613292243040547191e+00,1.380319213867181816e+00,7.555761718749977263e+00,6.654006554974783647e-05,0.000000000000000000e+00,9.999983012676239014e-05
1.063106543923505996e+02,4.122175292968749716e+01,2.211903564453124886e+02,1.931461960690900514e-03,0.000000000000000000e+00,2.899999916553497488e-03,3.607583063749771668e+00,1.376239013671877842e+00,7.549096679687522737e+00,6.653563826423633011e-05,0.000000000000000000e+00,1.000000163912770530e-04
1.099182374561003712e+02,4.259799194335937500e+01,2.287394531250000114e+02,1.997997598955136844e-03,0.000000000000000000e+00,2.999999932944774541e-03,3.602582120135537025e+00,1.372665405273437500e+00,7.543408203125011369e+00,6.653121156738718914e-05,0.000000000000000000e+00,1.000000163912774867e-04
1.135208195762359082e+02,4.397065734863281250e+01,2.362828613281250227e+02,2.064528810522524033e-03,0.000000000000000000e+00,3.099999949336052028e-03,3.597604548919960621e+00,1.368545532226562500e+00,7.536889648437465894e+00,6.652678545996824552e-05,0.000000000000000000e+00,1.000002026557921496e-04
1.171184241251558689e+02,4.533920288085937500e+01,2.438197509765624886e+02,2.131055595982492279e-03,0.000000000000000000e+00,3.200000151991844177e-03,3.591426990382885265e+00,1.363775634765623579e+00,7.528991699218778422e+00,6.652254579665511577e-05,0.000000000000000000e+00,9.999983012676239014e-05
1.207098511155387541e+02,4.670297851562499858e+01,2.513487426757812671e+02,2.197578141779147395e-03,0.000000000000000000e+00,3.299999982118606567e-03,3.584868783805831072e+00,1.357830810546879263e+00,7.518859863281221578e+00,6.651793499859795511e-05,0.000000000000000000e+00,1.000002026557921496e-04
1.242947198993445852e+02,4.806080932617187784e+01,2.588676025390624886e+02,2.264096076777745350e-03,0.000000000000000000e+00,3.400000184774398717e-03,3.577648477422897599e+00,1.352185058593747158e+00,7.509252929687534106e+00,6.651351065743976027e-05,0.000000000000000000e+00,9.999983012676239014e-05
1.278723683767674828e+02,4.941299438476562500e+01,2.663768554687500227e+02,2.330609587435185110e-03,0.000000000000000000e+00,3.500000014901161107e-03,3.568566713535417989e+00,1.345968627929686079e+00,7.497290039062477263e+00,6.650908690435542586e-05,0.000000000000000000e+00,9.999983012676239014e-05
1.314409350903029008e+02,5.075896301269531108e+01,2.738741455078125000e+02,2.397118674339540536e-03,0.000000000000000000e+00,3.599999845027923497e-03,3.558822237254616994e+00,1.338839721679690342e+00,7.483801269531227263e+00,6.650466373989399188e-05,0.000000000000000000e+00,1.000002026557921496e-04
1.349997573275575178e+02,5.209780273437500142e+01,2.813579467773437273e+02,2.463623338079434528e-03,0.000000000000000000e+00,3.700000047683715647e-03,3.548390396888493115e+00,1.332232666015620737e+00,7.471276855468772737e+00,6.650024116393662976e-05,0.000000000000000000e+00,9.999983012676239014e-05
1.385481477244460109e+02,5.343003540039062216e+01,2.888292236328125000e+02,2.530123579243371158e-03,0.000000000000000000e+00,3.799999877810478037e-03,3.536316386128504519e+00,1.324041748046880684e+00,7.454907226562511369e+00,6.649581917570141290e-05,0.000000000000000000e+00,1.000002026557925833e-04
1.420844641105745154e+02,5.475407714843750284e+01,2.962841308593750114e+02,2.596619398419072570e-03,0.000000000000000000e+00,3.900000080466270620e-03,3.522856800026175961e+00,1.315374755859373579e+00,7.437744140625000000e+00,6.649139777595855852e-05,0.000000000000000000e+00,9.999983012676239014e-05
1.456073209106006914e+02,5.606945190429687642e+01,3.037218750000000114e+02,2.663110796195031129e-03,0.000000000000000000e+00,3.999999910593033010e-03,3.503971939716649331e+00,1.304132080078126421e+00,7.414123535156193157e+00,6.648697696370322804e-05,0.000000000000000000e+00,1.000002026557917159e-04
1.491112928503173407e+02,5.737358398437500284e+01,3.111359985351562045e+02,2.729597773158734357e-03,0.000000000000000000e+00,4.100000113248824726e-03,3.486490958802079376e+00,1.294427490234369316e+00,7.391821289062534106e+00,6.648255673948272673e-05,0.000000000000000000e+00,9.999983012676239014e-05
1.525977838091194201e+02,5.866801147460937216e+01,3.185278198242187386e+02,2.796080329898217084e-03,0.000000000000000000e+00,4.199999943375587116e-03,3.464293219304266813e+00,1.282916259765627842e+00,7.363073730468784106e+00,6.647813710318082811e-05,0.000000000000000000e+00,1.000002026557925833e-04
1.560620770284236869e+02,5.995092773437500000e+01,3.258908935546875227e+02,2.862558467001397912e-03,0.000000000000000000e+00,4.300000146031379700e-03,3.418890781908714871e+00,1.257702636718747158e+00,7.295922851562522737e+00,6.647371805401560557e-05,0.000000000000000000e+00,9.999983012676239014e-05
1.594809678103324018e+02,6.120863037109374716e+01,3.331868164062500455e+02,2.929032185055413517e-03,0.000000000000000000e+00,4.399999976158142090e-03,3.366867626813444758e+00,1.227978515625004263e+00,7.215832519531204525e+00,6.646929959275467426e-05,0.000000000000000000e+00,1.000002026557925833e-04
1.628478354371458465e+02,6.243660888671875142e+01,3.404026489257812500e+02,2.995501484648168192e-03,0.000000000000000000e+00,4.500000178813934673e-03,3.335025132397987591e+00,1.212384033203122158e+00,7.171997070312500000e+00,6.646488171839623135e-05,0.000000000000000000e+00,9.999983012676239014e-05
1.661828605695438341e+02,6.364899291992187358e+01,3.475746459960937500e+02,3.061966366366564423e-03,0.000000000000000000e+00,4.600000008940697063e-03,3.296576025640518992e+00,1.193646240234379263e+00,7.115063476562454525e+00,6.646065011424234434e-05,0.000000000000000000e+00,9.999983012676239014e-05
1.694794365951843531e+02,6.484263916015625284e+01,3.546897094726562045e+02,3.128427016480806767e-03,0.000000000000000000e+00,4.699999839067459453e-03,3.255608621390422286e+00,1.167907714843750000e+00,7.042236328125056843e+00,6.645586204915556947e-05,0.000000000000000000e+00,1.000002026557917159e-04
1.727350452165747754e+02,6.601054687500000284e+01,3.617319458007812614e+02,3.194882878529962337e-03,0.000000000000000000e+00,4.800000041723251169e-03,3.208338179410645807e+00,1.141955566406252842e+00,6.935778808593738631e+00,6.645181727696260893e-05,0.000000000000000000e+00,9.999983012676239014e-05
1.759433833959854212e+02,6.715250244140625568e+01,3.686677246093750000e+02,3.261334695806924946e-03,0.000000000000000000e+00,4.899999871850013559e-03,3.167720859074307782e+00,1.125433349609366473e+00,6.825244140624988631e+00,6.644703043510091431e-05,0.000000000000000000e+00,1.000002026557925833e-04
1.791111042550597290e+02,6.827793579101562216e+01,3.754929687499999886e+02,3.327781726242025860e-03,0.000000000000000000e+00,5.000000074505806143e-03,3.148652911127328480e+00,1.115283203125002842e+00,6.797204589843772737e+00,6.644298678719698370e-05,0.000000000000000000e+00,9.999983012676239014e-05
1.822597571661870575e+02,6.939321899414062500e+01,3.822901733398437614e+02,3.394224713029222844e-03,0.000000000000000000e+00,5.099999904632568533e-03,7.806017708361139285e-01,2.755065917968693157e-01,1.681628417968738631e+00,1.660996411223221794e-05,0.000000000000000000e+00,2.500005066394771214e-05
1.830403589370231714e+02,6.966872558593749432e+01,3.839718017578125000e+02,3.410834677141455062e-03,0.000000000000000000e+00,5.124999955296516245e-03,2.399239705224658792e+00,8.358581542968863687e-01,5.110534667968750000e+00,5.188380223275675107e-05,0.000000000000000000e+00,7.809400558471662340e-05
1.854395986422478302e+02,7.050458374023438068e+01,3.890823364257812500e+02,3.462718479374211813e-03,0.000000000000000000e+00,5.203093960881232868e-03,3.195682982765703173e+00,1.119873046875000000e+00,6.865075683593772737e+00,6.873222163691038167e-05,0.000000000000000000e+00,1.034595072269446636e-04
1.886352816250135334e+02,7.162445678710938068e+01,3.959474121093750227e+02,3.531450701011122194e-03,0.000000000000000000e+00,5.306553468108177532e-03,2.975865395645371336e+00,1.034277343749991473e+00,6.384216308593750000e+00,6.422272257696056905e-05,0.000000000000000000e+00,9.667836129665340061e-05
1.916111470206589047e+02,7.265873413085937216e+01,4.023316284179687727e+02,3.595673423588082764e-03,0.000000000000000000e+00,5.403231829404830933e-03,4.805916684990734211e+00,1.650158691406247158e+00,1.042008056640622726e+01,1.053910574897983302e-04,0.000000000000000000e+00,1.586645841598509007e-04
1.964170637056496389e+02,7.430889282226561932e+01,4.127517089843750000e+02,3.701064481077881094e-03,0.000000000000000000e+00,5.561896413564681833e-03,2.906209275813637305e+00,9.852233886718835265e-01,6.339086914062477263e+00,6.566108845710997080e-05,0.000000000000000000e+00,9.886026382446323757e-05
1.993232729814632762e+02,7.529411621093750284e+01,4.190907958984374773e+02,3.766725569534991064e-03,0.000000000000000000e+00,5.660756677389145071e-03,1.796981875169478826e+00,6.060058593750028422e-01,3.916918945312545475e+00,4.150874277000478688e-05,0.000000000000000000e+00,6.249994039535505114e-05
2.011202548566327550e+02,7.590012207031250568e+01,4.230077148437500227e+02,3.808234312304995851e-03,0.000000000000000000e+00,5.723256617784500122e-03,2.204390624727437853e+00,7.376647949218693157e-01,4.816870117187477263e+00,5.136518025138352844e-05,0.000000000000000000e+00,7.734410464763606663e-05
2.033246454813601929e+02,7.663778686523437500e+01,4.278245849609375000e+02,3.859599492556379380e-03,0.000000000000000000e+00,5.800600722432136189e-03,3.593432343656559169e+00,1.192938232421880684e+00,7.917333984374977263e+00,8.552126111183600693e-05,0.000000000000000000e+00,1.287832856178283691e-04
2.069180778250167521e+02,7.783072509765625568e+01,4.357419189453124773e+02,3.945120753668215387e-03,0.000000000000000000e+00,5.929384008049964558e-03,1.984039044790051776e+00,6.490295410156221578e-01,4.350024414062545475e+00,4.872448163974283514e-05,0.000000000000000000e+00,7.337778806686470756e-05
2.089021168698068038e+02,7.847975463867187784e+01,4.400919433593750227e+02,3.993845235307958222e-03,0.000000000000000000e+00,6.002761796116829265e-03,2.700549584832970140e+00,8.960632324218664735e-01,6.059252929687488631e+00,6.725988371825142309e-05,0.000000000000000000e+00,1.012973487377159809e-04
2.116026664546397740e+02,7.937581787109374432e+01,4.461511962890625114e+02,4.061105119026209645e-03,0.000000000000000000e+00,6.104059144854545246e-03,2.565512292802992533e+00,8.551635742187500000e-01,5.879394531250000000e+00,6.575802615215679131e-05,0.000000000000000000e+00,9.904168546199815931e-05
2.141681787474427665e+02,8.023098144531249432e+01,4.520305908203125114e+02,4.126863145178366436e-03,0.000000000000000000e+00,6.203100830316543406e-03,2.649691796150250411e+00,9.712036132812613687e-01,6.247143554687511369e+00,6.528776335255285362e-05,0.000000000000000000e+00,9.834021329879760742e-05
2.168178705435930169e+02,8.120218505859375568e+01,4.582777343750000227e+02,4.192150908530919290e-03,0.000000000000000000e+00,6.301441043615341013e-03,2.349642421241469492e+00,6.732299804687471578e-01,5.151806640624954525e+00,6.888056174848659896e-05,0.000000000000000000e+00,1.037590205669406546e-04
2.191675129648344864e+02,8.187541503906250284e+01,4.634295410156249773e+02,4.261031470279405889e-03,0.000000000000000000e+00,6.405200064182281668e-03,2.493989182540843785e+00,8.197570800781193157e-01,5.770996093750000000e+00,6.697114409321379414e-05,0.000000000000000000e+00,1.008890569210050756e-04
2.216615021473753302e+02,8.269517211914062216e+01,4.692005371093749773e+02,4.328002614372619683e-03,0.000000000000000000e+00,6.506089121103286743e-03,2.378808760419701684e+00,7.705200195312471578e-01,5.541577148437568212e+00,6.448833333400506157e-05,0.000000000000000000e+00,9.715557098388671875e-05
2.240403109077950319e+02,8.346569213867186932e+01,4.747421142578125455e+02,4.392490947706624745e-03,0.000000000000000000e+00,6.603244692087173462e-03,2.494207057885404311e+00,8.036743164062585265e-01,5.805493164062454525e+00,6.797630301262364699e-05,0.000000000000000000e+00,1.024164259433744603e-04
2.265345179656804362e+02,8.426936645507812784e+01,4.805476074218750000e+02,4.460467250719248392e-03,0.000000000000000000e+00,6.705661118030547922e-03,2.376966825153914442e+00,7.522033691406164735e-01,5.543920898437477263e+00,6.473567626200191910e-05,0.000000000000000000e+00,9.754151105880771999e-05
2.289114847908343506e+02,8.502156982421874432e+01,4.860915283203124773e+02,4.525202926981250311e-03,0.000000000000000000e+00,6.803202629089355642e-03,2.379660129659470158e+00,7.504272460937500000e-01,5.529736328125011369e+00,6.476782648494067846e-05,0.000000000000000000e+00,9.759590029716474352e-05
2.312911449204938208e+02,8.577199707031249432e+01,4.916212646484374886e+02,4.589970753466190989e-03,0.000000000000000000e+00,6.900798529386520386e-03,2.779664177641024025e+00,8.974914550781250000e-01,6.702075195312488631e+00,7.970560899179818942e-05,0.000000000000000000e+00,1.201130449771884573e-04
2.340708090981348448e+02,8.666948852539061932e+01,4.983233398437499773e+02,4.669676362457989179e-03,0.000000000000000000e+00,7.020911574363708843e-03,1.831689862028042626e+00,5.993225097656278422e-01,4.470605468750022737e+00,5.370391696821186223e-05,0.000000000000000000e+00,8.093565702438354492e-05
2.359024989601628874e+02,8.726881103515624716e+01,5.027939453125000000e+02,4.723380279426201041e-03,0.000000000000000000e+00,7.101847231388092388e-03,1.952247929494518530e+00,6.504333496093721578e-01,5.288867187500045475e+00,6.654756523969806298e-05,0.000000000000000000e+00,1.002974808216091501e-04
2.378547468896574060e+02,8.791924438476561932e+01,5.080828125000000455e+02,4.789927844665899104e-03,0.000000000000000000e+00,7.202144712209701538e-03,1.972797059501431249e+00,6.562072753906278422e-01,5.354125976562500000e+00,6.808868511566819326e-05,0.000000000000000000e+00,1.026272773742677516e-04
2.398275439491588372e+02,8.857545166015624716e+01,5.134369384765625455e+02,4.858016529781567297e-03,0.000000000000000000e+00,7.304771989583969290e-03,2.008056116013335668e+00,6.659423828125028422e-01,5.580273437499954525e+00,7.115342762660861742e-05,0.000000000000000000e+00,1.072540879249574489e-04
2.418356000651721729e+02,8.924139404296875000e+01,5.190172119140625000e+02,4.929169957408175914e-03,0.000000000000000000e+00,7.412026077508926739e-03,1.793643605057638979e+00,5.825195312500000000e-01,5.180883789062590949e+00,6.731339653098366432e-05,0.000000000000000000e+00,1.014724373817436909e-04
2.436292436702298119e+02,8.982391357421875000e+01,5.241980957031250909e+02,4.996483353939159579e-03,0.000000000000000000e+00,7.513498514890670429e-03,1.724857382280873708e+00,5.486022949218778422e-01,5.104980468750000000e+00,6.730849509491414889e-05,0.000000000000000000e+00,1.014724373817445582e-04
2.453541010525106856e+02,9.037251586914062784e+01,5.293030761718750909e+02,5.063791849034073728e-03,0.000000000000000000e+00,7.614970952272414988e-03,1.454491796200215958e+00,4.502502441406193157e-01,4.340454101562386313e+00,5.807023478270750827e-05,0.000000000000000000e+00,8.755028247833286648e-05
2.468085928487109015e+02,9.082276611328124716e+01,5.336435302734374773e+02,5.121862083816781236e-03,0.000000000000000000e+00,7.702521234750747854e-03,1.691994783950747205e+00,5.068481445312471578e-01,5.189477539062522737e+00,7.110723289190535451e-05,0.000000000000000000e+00,1.072123646736139815e-04
2.485005876326616487e+02,9.132961425781249432e+01,5.388330078125000000e+02,5.192969316708686590e-03,0.000000000000000000e+00,7.809733599424361836e-03,1.165477233605457741e+00,3.134948730468778422e-01,4.438354492187500000e+00,6.563324332097084796e-05,0.000000000000000000e+00,9.896606206893920898e-05
2.496660648662671065e+02,9.164310913085937216e+01,5.432713623046875000e+02,5.258602560029657438e-03,0.000000000000000000e+00,7.908699661493301045e-03,7.495561050873789100e-01,1.502929687500085265e-01,3.919067382812500000e+00,6.300098565952157170e-05,0.000000000000000000e+00,9.500309824943611869e-05
2.504156209713544854e+02,9.179340209960938068e+01,5.471904296875000000e+02,5.321603545689179010e-03,0.000000000000000000e+00,8.003702759742737163e-03,3.851849293323539314e-02,-1.235107421875056843e-01,3.553076171875090949e+00,6.618540945058266900e-05,0.000000000000000000e+00,9.981095790862967720e-05
2.504541394642877208e+02,9.166989135742187500e+01,5.507435058593750909e+02,5.387788955139761679e-03,0.000000000000000000e+00,8.103513717651366841e-03,1.949554469981080729e-01,-6.863403320312500000e-02,3.737915039062386313e+00,6.810912393538301468e-05,0.000000000000000000e+00,1.027196645736697805e-04
2.506490949112858289e+02,9.160125732421875000e+01,5.544814208984374773e+02,5.455898079075144694e-03,0.000000000000000000e+00,8.206233382225036621e-03,-4.505114214668992645e-02,-1.602050781250028422e-01,3.406005859375000000e+00,6.658589962956016489e-05,0.000000000000000000e+00,1.004293560981743549e-04
2.506040437691391389e+02,9.144105224609374716e+01,5.578874267578124773e+02,5.522483978704704859e-03,0.000000000000000000e+00,8.306662738323210976e-03,-1.970756766157535367e+00,-9.155883789062500000e-01,1.511694335937477263e+00,6.214306201506383798e-05,0.000000000000000000e+00,9.373351931572099227e-05
2.486332870029816036e+02,9.052546386718749716e+01,5.593991210937499545e+02,5.584627040719768697e-03,0.000000000000000000e+00,8.400396257638931968e-03,-1.030882542263640289e+01,-5.390380859375000000e+00,-7.877416992187477263e+00,6.768713578678229453e-05,0.000000000000000000e+00,1.021027565002441406e-04
2.383244615803452007e+02,8.513508300781249716e+01,5.515217041015624773e+02,5.652314176506550991e-03,0.000000000000000000e+00,8.502499014139176109e-03,-5.877285436021423948e+00,-3.357580566406241473e+00,-3.263598632812431788e+00,6.657319321137691176e-05,0.000000000000000000e+00,1.004293560981743549e-04
2.324471761443237767e+02,8.177750244140625568e+01,5.482581054687500455e+02,5.718887369717927903e-03,0.000000000000000000e+00,8.602928370237350464e-03,-9.282916941415180645e+00,-5.261444091796875000e+00,-7.670678710937522737e+00,6.656839113648293366e-05,0.000000000000000000e+00,1.004293560981743549e-04
2.231642592029085961e+02,7.651605834960938068e+01,5.405874267578125227e+02,5.785455760854410837e-03,0.000000000000000000e+00,8.703357726335524819e-03,-3.847230508991913212e+00,-2.549719238281255684e+00,-1.397802734374977263e+00,6.656433043596837740e-05,0.000000000000000000e+00,1.004293560981760897e-04
2.193170286939166829e+02,7.396633911132812500e+01,5.391896240234375455e+02,5.852020091290379214e-03,0.000000000000000000e+00,8.803787082433700908e-03,-6.272267448999372164e+00,-3.829309082031244316e+00,-3.882348632812522737e+00,6.455122419244101878e-05,0.000000000000000000e+00,9.739845991134539471e-05
2.130447612449173107e+02,7.013703002929688068e+01,5.353072753906250227e+02,5.916571315482820233e-03,0.000000000000000000e+00,8.901185542345046303e-03,-4.758329393554532771e+00,-3.230126953125008527e+00,-2.466503906250068212e+00,6.633453049783091804e-05,0.000000000000000000e+00,1.000955700874335552e-04
2.082864318513627779e+02,6.690690307617187216e+01,5.328407714843749545e+02,5.982905845980651151e-03,0.000000000000000000e+00,9.001281112432479858e-03,-4.588018388284183402e+00,-3.265270996093747158e+00,-2.386914062499954525e+00,6.869882369070143269e-05,0.000000000000000000e+00,1.036703586578362202e-04
2.036984134630785945e+02,6.364163208007812500e+01,5.304538574218750000e+02,6.051604669671352583e-03,0.000000000000000000e+00,9.104951471090316079e-03,-7.239502578384417575e+00,-4.640777587890625000e+00,-5.293579101562500000e+00,6.395703795442249373e-05,0.000000000000000000e+00,9.652152657508954181e-05
1.964589108846941770e+02,5.900085449218750000e+01,5.251602783203125000e+02,6.115561707625775077e-03,0.000000000000000000e+00,9.201472997665405620e-03,-5.698838960232762929e+00,-3.806268310546876421e+00,-3.859594726562477263e+00,6.750533739509605863e-05,0.000000000000000000e+00,1.018829643726348877e-04
1.907600719244614140e+02,5.519458618164062358e+01,5.213006835937500227e+02,6.183067045020871136e-03,0.000000000000000000e+00,9.303355962038040508e-03,-6.516958948954794550e+00,-4.165234374999997158e+00,-4.546411132812522737e+00,6.750078073233713866e-05,0.000000000000000000e+00,1.018829643726348877e-04
1.842431129755066195e+02,5.102935180664062642e+01,5.167542724609375000e+02,6.250567825753208274e-03,0.000000000000000000e+00,9.405238926410675396e-03,-5.534027886877396440e+00,-3.672814941406251421e+00,-3.991381835937545475e+00,6.394468471689496863e-05,0.000000000000000000e+00,9.652078151702915554e-05
1.787090850886292230e+02,4.735653686523437500e+01,5.127628906249999545e+02,6.314512510470103243e-03,0.000000000000000000e+00,9.501759707927704551e-03,-4.829185876080089201e+00,-3.362274169921875000e+00,-3.303833007812443157e+00,6.749190894329674950e-05,0.000000000000000000e+00,1.018829643726348877e-04
1.738798992125491338e+02,4.399426269531250000e+01,5.094590576171875114e+02,6.382004419413399993e-03,0.000000000000000000e+00,9.603642672300339439e-03,-6.012227345941539625e+00,-3.966940307617186079e+00,-4.482617187500011369e+00,6.393554059546616847e-05,0.000000000000000000e+00,9.652078151702742081e-05
1.678676718666075942e+02,4.002732238769531392e+01,5.049764404296875000e+02,6.445939960008866161e-03,0.000000000000000000e+00,9.700163453817366860e-03,-6.999495080823493254e+00,-4.583843994140629263e+00,-5.458813476562454525e+00,6.748303953576454545e-05,0.000000000000000000e+00,1.018837094306952740e-04
1.608681767857841010e+02,3.544347839355468466e+01,4.995176269531250455e+02,6.513422999544630707e-03,0.000000000000000000e+00,9.802047163248062134e-03,-5.528493854805418550e+00,-3.748034667968745737e+00,-4.011035156250045475e+00,6.747848588265197706e-05,0.000000000000000000e+00,1.018829643726348877e-04
1.553396829309786824e+02,3.169544372558593892e+01,4.955065917968750000e+02,6.580901485427282684e-03,0.000000000000000000e+00,9.903930127620697021e-03,-6.025082425002239006e+00,-3.872848510742187500e+00,-4.282910156250011369e+00,6.392356579862975424e-05,0.000000000000000000e+00,9.652078151702915554e-05
1.493146005059764434e+02,2.782259521484375142e+01,4.912236816406249886e+02,6.644825051225912438e-03,0.000000000000000000e+00,1.000045090913772618e-02,-5.497927776452087301e+00,-3.596798706054688211e+00,-3.708471679687477263e+00,6.746961995279018159e-05,0.000000000000000000e+00,1.018829643726348877e-04
1.438166727295243561e+02,2.422579650878906321e+01,4.875152099609375114e+02,6.712294671178702619e-03,0.000000000000000000e+00,1.010233387351036106e-02,-4.775363320571045733e+00,-3.148507690429688921e+00,-3.110668945312511369e+00,6.746506811006192095e-05,0.000000000000000000e+00,1.018837094306935392e-04
1.390413094089533104e+02,2.107728881835937429e+01,4.844045410156250000e+02,6.779759739288764540e-03,0.000000000000000000e+00,1.020421758294105460e-02,-4.029902015786944958e+00,-2.728175354003905539e+00,-2.485498046875022737e+00,6.391011576345386608e-05,0.000000000000000000e+00,9.652078151702915554e-05
1.350114073931663654e+02,1.834911346435546875e+01,4.819190429687499773e+02,6.843669855052218406e-03,0.000000000000000000e+00,1.030073836445808376e-02,-4.544718681195945464e+00,-3.002488708496093395e+00,-2.671899414062522737e+00,6.923202807155529742e-05,0.000000000000000000e+00,1.045636832714084280e-04
1.304666887119704199e+02,1.534662475585937536e+01,4.792471435546874545e+02,6.912901883123773704e-03,0.000000000000000000e+00,1.040530204772949219e-02,-5.230674941481566975e+00,-3.262345123291016336e+00,-3.299145507812454525e+00,6.390160747191554053e-05,0.000000000000000000e+00,9.652152657508780709e-05
1.252360137704888530e+02,1.208427963256835902e+01,4.759479980468750000e+02,6.976803490595689244e-03,0.000000000000000000e+00,1.050182357430457999e-02,-4.822602860290416515e+00,-3.119683074951170809e+00,-2.829223632812500000e+00,6.830690587919258788e-05,0.000000000000000000e+00,1.031816005706790579e-04
1.204134109101984365e+02,8.964596557617188211e+00,4.731187744140625000e+02,7.045110396474881832e-03,0.000000000000000000e+00,1.060500517487525905e-02,-4.932848141149250409e+00,-3.131896972656250888e+00,-2.865332031249977263e+00,6.738713584629376502e-05,0.000000000000000000e+00,1.017995178699496878e-04
1.154805627690491860e+02,5.832699584960937322e+00,4.702534423828125227e+02,7.112497532321175597e-03,0.000000000000000000e+00,1.070680469274520874e-02,-5.333273310910144005e+00,-3.261347770690917969e+00,-3.089477539062500000e+00,6.738333485416594937e-05,0.000000000000000000e+00,1.017987728118893015e-04
1.101472894581390420e+02,2.571351814270019354e+00,4.671639648437500227e+02,7.179880867175341547e-03,0.000000000000000000e+00,1.080860346555709804e-02,-4.694583281451187418e+00,-2.836669969558715643e+00,-2.781127929687500000e+00,6.064030582235077627e-05,0.000000000000000000e+00,9.161978960037231445e-05
1.054527061766878546e+02,-2.653181552886962891e-01,4.643828369140625227e+02,7.240521172997692323e-03,0.000000000000000000e+00,1.090022325515747036e-02,-5.401213487865064167e+00,-3.227362203598022283e+00,-3.528100585937522737e+00,6.737470903708624170e-05,0.000000000000000000e+00,1.017995178699496878e-04
1.000514926888227905e+02,-3.492680358886718572e+00,4.608547363281250000e+02,7.307895882034778565e-03,0.000000000000000000e+00,1.100202277302742004e-02,-4.797045779772602714e+00,-2.879228973388672230e+00,-3.177392578125022737e+00,6.736943040803501648e-05,0.000000000000000000e+00,1.017987728118893015e-04
9.525444690905018774e+01,-6.371909332275390803e+00,4.576773437499999773e+02,7.375265312442813581e-03,0.000000000000000000e+00,1.110382154583930935e-02,-3.819898230398592887e+00,-2.336392974853516158e+00,-2.229370117187500000e+00,6.736489207384566136e-05,0.000000000000000000e+00,1.017995178699496878e-04
9.143454867865159486e+01,-8.708302307128906961e+00,4.554479736328124773e+02,7.442630204516659242e-03,0.000000000000000000e+00,1.120562106370925903e-02,-4.471601544815456464e+00,-2.604953765869140625e+00,-2.684374999999931788e+00,7.072869665280569207e-05,0.000000000000000000e+00,1.068897545337677002e-04
8.696294713383613839e+01,-1.131325607299804759e+01,4.527635986328125455e+02,7.513358901169464935e-03,0.000000000000000000e+00,1.131251081824302673e-02,-4.128125619314445771e+00,-2.213707733154295809e+00,-2.680932617187522737e+00,6.062008759644219730e-05,0.000000000000000000e+00,9.161904454231192818e-05
8.283482151452169262e+01,-1.352696380615234339e+01,4.500826660156250227e+02,7.573978988765907132e-03,0.000000000000000000e+00,1.140412986278533866e-02,-4.445712610401699294e+00,-2.376454162597656961e+00,-2.689184570312477263e+00,7.071940746305235143e-05,0.000000000000000000e+00,1.068897545337677002e-04
7.838910890411999333e+01,-1.590341796875000036e+01,4.473934814453125455e+02,7.644698396228959483e-03,0.000000000000000000e+00,1.151101961731910636e-02,-4.214407206368761649e+00,-2.127388000488279474e+00,-2.812011718750056843e+00,6.061212654906444897e-05,0.000000000000000000e+00,9.161904454231366290e-05
7.417470169775123168e+01,-1.803080596923827983e+01,4.445814697265624886e+02,7.705310522778023932e-03,0.000000000000000000e+00,1.160263866186142002e-02,-4.559642728582417703e+00,-2.233824157714845882e+00,-2.832983398437534106e+00,7.071012071275997041e-05,0.000000000000000000e+00,1.068897545337677002e-04
6.961505896916881397e+01,-2.026463012695312571e+01,4.417484863281249545e+02,7.776020643490783903e-03,0.000000000000000000e+00,1.170952841639518772e-02,-3.807456179425301457e+00,-1.857170104980468750e+00,-2.331835937499931788e+00,6.060490683428444020e-05,0.000000000000000000e+00,9.161904454231192818e-05
6.580760278974351252e+01,-2.212180023193359446e+01,4.394166503906250227e+02,7.836625550325068343e-03,0.000000000000000000e+00,1.180114746093749965e-02,-4.989374518110246015e+00,-2.389315795898436789e+00,-2.934057617187534106e+00,7.070009715953382012e-05,0.000000000000000000e+00,1.068890094757090486e-04
6.081822827163326650e+01,-2.451111602783203125e+01,4.364825927734374886e+02,7.907325647484602163e-03,0.000000000000000000e+00,1.190803647041320870e-02,-4.295744861613712828e+00,-2.079847717285154829e+00,-2.485986328124965894e+00,7.069583814651829445e-05,0.000000000000000000e+00,1.068897545337677002e-04
5.652248341001955367e+01,-2.659096374511718608e+01,4.339966064453125227e+02,7.978021485631120457e-03,0.000000000000000000e+00,1.201492622494697640e-02,-3.227164531583881057e+00,-1.525814819335938211e+00,-2.136547851562568212e+00,6.059266619930399334e-05,0.000000000000000000e+00,9.161904454231192818e-05
5.329531887843567262e+01,-2.811677856445312429e+01,4.318600585937499545e+02,8.038614151830424451e-03,0.000000000000000000e+00,1.210654526948928833e-02,-3.661162681668720609e+00,-1.596707153320313211e+00,-3.009252929687477263e+00,7.068581849260097139e-05,0.000000000000000000e+00,1.068897545337677002e-04
4.963415619676695201e+01,-2.971348571777343750e+01,4.288508056640624773e+02,8.109299970323025422e-03,0.000000000000000000e+00,1.221343502402305603e-02,-2.836967647619438537e+00,-1.270565795898438211e+00,-2.251342773437500000e+00,6.058471244894947372e-05,0.000000000000000000e+00,9.161904454231192818e-05
4.679718854914751347e+01,-3.098405151367187571e+01,4.265994628906249773e+02,8.169884682771974896e-03,0.000000000000000000e+00,1.230505406856536796e-02,-3.084622640337407518e+00,-1.423959350585935368e+00,-2.386499023437522737e+00,7.067654046433169412e-05,0.000000000000000000e+00,1.068897545337677002e-04
4.371256590881010595e+01,-3.240801086425781108e+01,4.242129638671874545e+02,8.240561223236306590e-03,0.000000000000000000e+00,1.241194382309913566e-02,-2.186327860448535887e+00,-1.004251098632813921e+00,-1.761499023437465894e+00,6.057676078643006723e-05,0.000000000000000000e+00,9.161904454231366290e-05
4.152623804836157007e+01,-3.341226196289062500e+01,4.224514648437499886e+02,8.301137984022736657e-03,0.000000000000000000e+00,1.250356286764144932e-02,-2.425163257160683372e+00,-1.077301025390625000e+00,-1.970751953124988631e+00,7.066800371837052286e-05,0.000000000000000000e+00,1.068890094757073139e-04
3.910107479120088669e+01,-3.448956298828125000e+01,4.204807128906250000e+02,8.371805987741107180e-03,0.000000000000000000e+00,1.261045187711715664e-02,-2.015001646511009881e+00,-8.643371582031278422e-01,-1.569775390624954525e+00,6.056807236435625408e-05,0.000000000000000000e+00,9.161978960037231445e-05
3.708607314468987681e+01,-3.535390014648437784e+01,4.189109375000000455e+02,8.432374060105463434e-03,0.000000000000000000e+00,1.270207166671752895e-02,-2.374454966053818339e+00,-9.727691650390610789e-01,-1.871166992187568212e+00,7.065873046278869918e-05,0.000000000000000000e+00,1.068890094757090486e-04
3.471161817863605847e+01,-3.632666931152343892e+01,4.170397705078124773e+02,8.503032790568252133e-03,0.000000000000000000e+00,1.280896067619323800e-02,-2.118710299304950695e+00,-8.498199462890596578e-01,-1.695019531249954525e+00,6.056012497199919631e-05,0.000000000000000000e+00,9.161978960037231445e-05
3.259290787933110778e+01,-3.717648925781249858e+01,4.153447509765625227e+02,8.563592915540251330e-03,0.000000000000000000e+00,1.290058046579361031e-02,-2.418352157930375057e+00,-9.454467773437542633e-01,-1.950195312500000000e+00,7.064945964105340259e-05,0.000000000000000000e+00,1.068890094757073139e-04
3.017455572140073272e+01,-3.812193603515625284e+01,4.133945556640625227e+02,8.634242375181304732e-03,0.000000000000000000e+00,1.300746947526931763e-02,-2.082414743052876105e+00,-8.069122314453096578e-01,-1.680249023437511369e+00,7.064446864729276299e-05,0.000000000000000000e+00,1.068890094757073139e-04
2.809214097834785662e+01,-3.892884826660156250e+01,4.117143066406250114e+02,8.704886843828597495e-03,0.000000000000000000e+00,1.311435848474502494e-02,-1.696847457385345592e+00,-6.384429931640625000e-01,-1.466149902343772737e+00,6.054790226902098671e-05,0.000000000000000000e+00,9.161978960037231445e-05
2.639529352096251102e+01,-3.956729125976562500e+01,4.102481567382812386e+02,8.765434746097618482e-03,0.000000000000000000e+00,1.320597827434539726e-02,-1.599546436387207393e+00,-5.565277099609389211e-01,-1.470178222656215894e+00,6.243630015974159508e-05,0.000000000000000000e+00,9.448230266571183700e-05
2.479574708457530363e+01,-4.012381896972656392e+01,4.087779785156250227e+02,8.827871046257360077e-03,0.000000000000000000e+00,1.330046057701110909e-02,-1.726756993230115000e+00,-5.671905517578110789e-01,-1.843200683593750000e+00,6.810821741950849606e-05,0.000000000000000000e+00,1.030728220939632761e-04
2.306899009134518863e+01,-4.069100952148437500e+01,4.069347778320312727e+02,8.895979263676868573e-03,0.000000000000000000e+00,1.340353339910507237e-02,-1.632378252225869630e+00,-5.047607421875000000e-01,-1.843945312500068212e+00,6.810357900592124702e-05,0.000000000000000000e+00,1.030713319778442383e-04
2.143661183911931900e+01,-4.119577026367187500e+01,4.050908325195312045e+02,8.964082842682789820e-03,0.000000000000000000e+00,1.350660473108291661e-02,-1.443739873793440154e+00,-3.909179687500028422e-01,-1.762231445312409051e+00,6.809894122429376029e-05,0.000000000000000000e+00,1.030713319778442383e-04
1.999287196532587885e+01,-4.158668823242187784e+01,4.033286010742187955e+02,9.032181783907083580e-03,0.000000000000000000e+00,1.360967606306076084e-02,-1.393816832136263173e+00,-2.619842529296860789e-01,-2.064721679687522737e+00,6.809430407450287048e-05,0.000000000000000000e+00,1.030728220939632761e-04
1.859905513318961567e+01,-4.184867248535156392e+01,4.012638793945312727e+02,9.100276087981586451e-03,0.000000000000000000e+00,1.371274888515472412e-02,-1.227021140530283105e+00,-1.232604980468750000e-01,-2.335876464843750000e+00,5.957825123388202360e-05,0.000000000000000000e+00,9.018778800964390163e-05
1.737203399265933257e+01,-4.197193298339843892e+01,3.989280029296875227e+02,9.159854339215468474e-03,0.000000000000000000e+00,1.380293667316436802e-02,-1.355982503738516698e+00,2.755859375000042633e-01,-4.336730957031250000e+00,6.808561115158665022e-05,0.000000000000000000e+00,1.030713319778442383e-04
1.601605148892081587e+01,-4.169634704589843466e+01,3.945912719726562727e+02,9.227939950367055125e-03,0.000000000000000000e+00,1.390600800514221226e-02,-1.473184784930921865e+00,1.331634521484375000e+00,-8.922802734375011369e+00,6.405871166983295728e-05,0.000000000000000000e+00,9.698271751403843288e-05
1.454286670398989401e+01,-4.036471252441405966e+01,3.856684692382812614e+02,9.291998662036888082e-03,0.000000000000000000e+00,1.400299072265625069e-02,-1.239577506370046933e+00,1.116339111328123579e+00,-7.782116699218761369e+00,6.518762161167659941e-05,0.000000000000000000e+00,9.869784116744995117e-05
1.330328919761984707e+01,-3.924837341308593608e+01,3.778863525390625000e+02,9.357186283648564681e-03,0.000000000000000000e+00,1.410168856382370065e-02,-9.730311622444727249e-01,2.617950439453125000e-01,-3.853662109375022737e+00,6.644547276348986009e-05,0.000000000000000000e+00,1.006081700325005268e-04
1.233025803537537435e+01,-3.898657836914062358e+01,3.740326904296874773e+02,9.423631756412054541e-03,0.000000000000000000e+00,1.420229673385620117e-02,-8.873641044084674689e-01,3.101593017578139211e-01,-3.838818359374954525e+00,6.644105805575332979e-05,0.000000000000000000e+00,1.006081700325005268e-04
1.144289393096690688e+01,-3.867641906738280966e+01,3.701938720703125227e+02,9.490072814467807871e-03,0.000000000000000000e+00,1.430290490388870170e-02,-8.557192798441590753e-01,3.271362304687457367e-01,-3.818078613281272737e+00,7.154634775592694229e-05,0.000000000000000000e+00,1.083478331565870811e-04
1.058717465112274780e+01,-3.834928283691406392e+01,3.663757934570312500e+02,9.561619162223734814e-03,0.000000000000000000e+00,1.441125273704528878e-02,-8.054198118647430960e-01,5.633850097656534217e-02,-2.634143066406238631e+00,6.898730128315072596e-05,0.000000000000000000e+00,1.044780015945420693e-04
9.781754839258004708e+00,-3.829294433593749858e+01,3.637416503906250114e+02,9.630606463506885540e-03,0.000000000000000000e+00,1.451573073863983085e-02,-7.374918428690779848e-01,-3.685302734375284217e-02,-2.195166015625034106e+00,6.323307210936643386e-05,0.000000000000000000e+00,9.577125310897965926e-05
9.044262996388926723e+00,-3.832979736328125142e+01,3.615464843749999773e+02,9.693839535616251973e-03,0.000000000000000000e+00,1.461150199174881051e-02,-7.787613030360578392e-01,-1.198730468750142109e-02,-2.613708496093750000e+00,6.897744285443846435e-05,0.000000000000000000e+00,1.044780015945420693e-04
8.265501693352868884e+00,-3.834178466796875284e+01,3.589327758789062273e+02,9.762816978470690438e-03,0.000000000000000000e+00,1.471597999334335258e-02,-7.718066169452155734e-01,-1.617431640568156581e-04,-2.705822753906204525e+00,6.897342306363095366e-05,0.000000000000000000e+00,1.044780015945438040e-04
7.493695076407653310e+00,-3.834194641113280966e+01,3.562269531250000227e+02,9.831790401534321391e-03,0.000000000000000000e+00,1.482045799493789638e-02,-7.930873474143877999e-01,-9.553222656250426326e-02,-2.274755859375034106e+00,6.896792834087603352e-05,0.000000000000000000e+00,1.044780015945438040e-04
6.700607728993265511e+00,-3.843747863769531392e+01,3.539521972656249886e+02,9.900758329875197425e-03,0.000000000000000000e+00,1.492493599653244019e-02,-6.900609043392647024e-01,-1.149688720703139211e-01,-1.791699218750011369e+00,6.034275903944036346e-05,0.000000000000000000e+00,9.141862392425537109e-05
6.010546824654000808e+00,-3.855244750976562784e+01,3.521604980468749773e+02,9.961101088914637788e-03,0.000000000000000000e+00,1.501635462045669556e-02,-8.755656241610392243e-01,-7.033691406249431566e-02,-2.546350097656215894e+00,7.757882955693878868e-05,0.000000000000000000e+00,1.175373792648322369e-04
5.134981200492961584e+00,-3.862278442382812216e+01,3.496141479492187614e+02,1.003867991847157658e-02,0.000000000000000000e+00,1.513389199972152779e-02,-5.809761668801263212e-01,-3.815917968750426326e-02,-1.678967285156261369e+00,5.171587630932797386e-05,0.000000000000000000e+00,7.835924625396693821e-05
4.554005033612835263e+00,-3.866094360351562642e+01,3.479351806640625000e+02,1.009039579478090455e-02,0.000000000000000000e+00,1.521225124597549473e-02,-8.318271951937084019e-01,3.641662597656392109e-02,-2.929211425781204525e+00,7.756880006240182701e-05,0.000000000000000000e+00,1.175373792648305021e-04
3.722177838419126861e+00,-3.862452697753906250e+01,3.450059692382812955e+02,1.016796459484330638e-02,0.000000000000000000e+00,1.532978862524032523e-02,-5.153004835140655437e-01,2.250061035156392109e-02,-1.893615722656306843e+00,5.170919084403029220e-05,0.000000000000000000e+00,7.835924625396867294e-05
3.206877354905061317e+00,-3.860202636718749858e+01,3.431123535156249886e+02,1.021967378568733667e-02,0.000000000000000000e+00,1.540814787149429391e-02,-7.500915179740674787e-01,-2.605895996094176326e-02,-2.599890136718727263e+00,7.755877316078380046e-05,0.000000000000000000e+00,1.175373792648305021e-04
2.456785836930993838e+00,-3.862808532714844034e+01,3.405124633789062614e+02,1.029723255884812047e-02,0.000000000000000000e+00,1.552568525075912441e-02,-4.058062885064415148e-01,-8.692321777343181566e-02,-1.320678710937556843e+00,5.170176971957228529e-05,0.000000000000000000e+00,7.835924625396693821e-05
2.050979548424552323e+00,-3.871500854492187216e+01,3.391917846679687045e+02,1.034893432856769276e-02,0.000000000000000000e+00,1.560404449701309135e-02,-5.386710353807042662e-01,-1.244903564453139211e-01,-1.808178710937454525e+00,7.754874890847883451e-05,0.000000000000000000e+00,1.175373792648322369e-04
1.512308513043848057e+00,-3.883949890136718608e+01,3.373836059570312500e+02,1.042648307747617159e-02,0.000000000000000000e+00,1.572158187627792358e-02,-4.077498387333964303e-01,-6.250000000000000000e-02,-1.455822753906261369e+00,5.815743105251798550e-05,0.000000000000000000e+00,8.815377950668196183e-05
1.104558674310451627e+00,-3.890199890136718608e+01,3.359277832031249886e+02,1.048464050852868958e-02,0.000000000000000000e+00,1.580973565578460555e-02,-5.889411853771630012e-01,-3.906250000000000000e-02,-2.209204101562477263e+00,8.723054250595052572e-05,0.000000000000000000e+00,1.322299242019660259e-04
5.156174889332886258e-01,-3.894106140136718608e+01,3.337185791015625114e+02,1.057187105103464010e-02,0.000000000000000000e+00,1.594196557998657157e-02,-3.938241508892538767e-01,-4.703063964844034217e-02,-1.530114746093715894e+00,6.541680796406934562e-05,0.000000000000000000e+00,9.917169809341500053e-05
1.217933380440347491e-01,-3.898809204101562642e+01,3.321884643554687955e+02,1.063728785899870945e-02,0.000000000000000000e+00,1.604113727807998657e-02,-3.715805137840639261e-01,-6.645202636718750000e-02,-1.454577636718795475e+00,6.541326601185171175e-05,0.000000000000000000e+00,9.917318820953230363e-05
-2.497871757400291770e-01,-3.905454406738281392e+01,3.307338867187500000e+02,1.070270112501056116e-02,0.000000000000000000e+00,1.614031046628951888e-02,-3.846597061833290088e-01,-1.038360595703125000e-01,-1.306115722656272737e+00,6.540898739613651425e-05,0.000000000000000000e+00,9.917318820953577307e-05
-6.344468819233581858e-01,-3.915838012695312642e+01,3.294277709960937273e+02,1.076811011240669767e-02,0.000000000000000000e+00,1.623948365449905465e-02,-5.108557675248932561e-01,-1.250823974609360789e-01,-1.628698730468727263e+00,8.175484978607469588e-05,0.000000000000000000e+00,1.239657402038567280e-04
-1.145302649448251442e+00,-3.928346252441406250e+01,3.277990722656250000e+02,1.084986496219277237e-02,0.000000000000000000e+00,1.636344939470291138e-02,-3.392846839438543594e-01,-7.433776855468465783e-02,-9.794921875000000000e-01,4.905029139878197553e-05,0.000000000000000000e+00,7.437914609909057617e-05
-1.484587333392105801e+00,-3.935780029296874716e+01,3.268195800781250000e+02,1.089891525359155434e-02,0.000000000000000000e+00,1.643782854080200195e-02,-3.306835065878157565e-01,-6.638488769531392109e-02,-9.913208007812386313e-01,4.904714863984520334e-05,0.000000000000000000e+00,7.437914609909057617e-05
-1.815270839979921558e+00,-3.942418518066406108e+01,3.258282592773437614e+02,1.094796240223139955e-02,0.000000000000000000e+00,1.651220768690109253e-02,-6.569274292284901229e-01,-1.301910400390653422e-01,-1.930187988281261369e+00,9.808781787500574223e-05,0.000000000000000000e+00,1.487582921981811523e-04
-2.472198269208411681e+00,-3.955437622070312642e+01,3.238980712890625000e+02,1.104605022010640529e-02,0.000000000000000000e+00,1.666096597909927368e-02,-3.207445720618333773e-01,-5.172119140625142109e-02,-9.175659179687727374e-01,4.904066963430306347e-05,0.000000000000000000e+00,7.437914609909057617e-05
-2.792942841270245058e+00,-3.960609741210937784e+01,3.229805053710937273e+02,1.109509088974070835e-02,0.000000000000000000e+00,1.673534512519836426e-02,-3.040252476044682517e-01,-5.485534667968750000e-02,-8.686279296874772626e-01,4.903752796409435732e-05,0.000000000000000000e+00,7.438063621521134872e-05
-3.096968088874713310e+00,-3.966095275878906534e+01,3.221118774414062500e+02,1.114412841770480271e-02,0.000000000000000000e+00,1.680972576141357561e-02,-5.948066860980891768e-01,-9.834899902343607891e-02,-1.741455078125000000e+00,9.806857920889762437e-05,0.000000000000000000e+00,1.487582921981811523e-04
-3.691774774972802486e+00,-3.975930175781250142e+01,3.203704223632812500e+02,1.124219699691370034e-02,0.000000000000000000e+00,1.695848405361175676e-02,-2.722111214588065486e-01,-2.872009277343323674e-02,-9.082763671875113687e-01,4.903031495164314468e-05,0.000000000000000000e+00,7.437914609909057617e-05
-3.963985896431609035e+00,-3.978802185058593466e+01,3.194621459960937386e+02,1.129122731186534348e-02,0.000000000000000000e+00,1.703286319971084734e-02,-2.522222131891753705e-01,-1.713867187500284217e-02,-9.228149414062158939e-01,4.902864775431503563e-05,0.000000000000000000e+00,7.437914609909057617e-05
-4.216208109620784406e+00,-3.980516052246093750e+01,3.185393310546875227e+02,1.134025595961965852e-02,0.000000000000000000e+00,1.710724234580993791e-02,-4.306668518536396206e-01,-4.023742675781250000e-02,-1.905163574218818212e+00,9.804861150399489522e-05,0.000000000000000000e+00,1.487597823142984554e-04
-4.646874961474424026e+00,-3.984539794921875000e+01,3.166341674804687045e+02,1.143830457112365341e-02,0.000000000000000000e+00,1.725600212812423637e-02,-1.734163721391217550e-01,-2.282714843750000000e-02,-9.981079101562500000e-01,4.902143746217044185e-05,0.000000000000000000e+00,7.437914609909057617e-05
-4.820291333613545781e+00,-3.986822509765625000e+01,3.156360595703124545e+02,1.148732600858582385e-02,0.000000000000000000e+00,1.733038127422332694e-02,-1.726874110307452526e-01,-4.005126953124715783e-02,-9.101440429686817879e-01,4.901829796625893632e-05,0.000000000000000000e+00,7.437914609909057617e-05
-4.992978744644291034e+00,-3.990827636718749716e+01,3.147259155273437727e+02,1.153634430655208279e-02,0.000000000000000000e+00,1.740476042032241752e-02,-2.988985224354765435e-01,-3.258056640625284217e-02,-1.765722656250034106e+00,9.803012458116204531e-05,0.000000000000000000e+00,1.487582921981811523e-04
-5.291877267079767577e+00,-3.994085693359375000e+01,3.129601928710937386e+02,1.163437443113324483e-02,0.000000000000000000e+00,1.755351871252059867e-02,-1.192354687485277509e-01,4.144287109376421085e-03,-8.610351562500113687e-01,4.901109060943126261e-05,0.000000000000000000e+00,7.438063621521134872e-05
-5.411112735828295328e+00,-3.993671264648437358e+01,3.120991577148437273e+02,1.168338552174267610e-02,0.000000000000000000e+00,1.762789934873581002e-02,-1.310335507268662880e-01,-4.241943359417632564e-04,-8.313110351562045253e-01,4.900942500814763070e-05,0.000000000000000000e+00,7.437914609909057617e-05
-5.542146286555161616e+00,-3.993713684082031534e+01,3.112678466796875227e+02,1.173239494675082373e-02,0.000000000000000000e+00,1.770227849483490060e-02,-2.720954745797827812e-01,2.127990722656392109e-02,-1.679980468750045475e+00,9.801090853799911129e-05,0.000000000000000000e+00,1.487582921981811523e-04
-5.814241761134944397e+00,-3.991585693359375142e+01,3.095878662109374773e+02,1.183040585528882284e-02,0.000000000000000000e+00,1.785103678703308175e-02,-1.258719137477175565e-01,2.434082031250284217e-02,-8.411865234375000000e-01,4.900148407255278116e-05,0.000000000000000000e+00,7.437914609909057617e-05
-5.940113674882661954e+00,-3.989151611328124858e+01,3.087466796874999773e+02,1.187940733936137562e-02,0.000000000000000000e+00,1.792541593313217232e-02,-2.581558662634790835e-01,1.681213378905965783e-02,-1.539160156249977263e+00,9.799650148484967405e-05,0.000000000000000000e+00,1.487597823142984554e-04
-6.198269541146141037e+00,-3.987470397949218892e+01,3.072075195312500000e+02,1.197740384084622529e-02,0.000000000000000000e+00,1.807417571544647078e-02,-1.222529227922048989e-01,-3.854370117188921085e-03,-7.199584960937954747e-01,4.899428165894108289e-05,0.000000000000000000e+00,7.437914609909057617e-05
-6.320522463938345936e+00,-3.987855834960937784e+01,3.064875610351562045e+02,1.202639812250516638e-02,0.000000000000000000e+00,1.814855486154556136e-02,-1.192096355496401472e-01,-1.882934570311078915e-03,-7.103759765624317879e-01,4.899261745237686039e-05,0.000000000000000000e+00,7.437914609909057617e-05
-6.439732099487986083e+00,-3.988044128417968892e+01,3.057771850585937727e+02,1.207539073995754324e-02,0.000000000000000000e+00,1.822293400764465193e-02,-2.418715722735171880e-01,9.646606445315342171e-03,-1.442883300781261369e+00,9.797729861963679066e-05,0.000000000000000000e+00,1.487582921981811523e-04
-6.681603671761503271e+00,-3.987079467773437358e+01,3.043343017578125114e+02,1.217336803857718003e-02,0.000000000000000000e+00,1.837169229984283308e-02,-1.151908323175900861e-01,1.024780273437642109e-02,-7.342041015625113687e-01,4.898468170986582104e-05,0.000000000000000000e+00,7.438063621521134872e-05
-6.796794504079093358e+00,-3.986054687499999716e+01,3.036000976562500000e+02,1.222235272028704585e-02,0.000000000000000000e+00,1.844607293605804443e-02,-1.098944312261052048e-01,1.384887695311931566e-02,-7.427978515625000000e-01,4.898228232835637186e-05,0.000000000000000000e+00,7.437914609909057617e-05
-6.906688935305198562e+00,-3.984669799804687784e+01,3.028572998046875000e+02,1.227133500261540222e-02,0.000000000000000000e+00,1.852045208215713501e-02,-2.141436684976909532e-01,2.479858398437784217e-02,-1.502258300781250000e+00,9.795810335103648236e-05,0.000000000000000000e+00,1.487582921981811523e-04
-7.120832603802889516e+00,-3.982189941406250000e+01,3.013550415039062500e+02,1.236929310596643870e-02,0.000000000000000000e+00,1.866921037435531616e-02,-1.005338590728461767e-01,9.280395507815342171e-03,-7.548217773437500000e-01,4.897582142080261769e-05,0.000000000000000000e+00,7.437914609909057617e-05
-7.221366462875735692e+00,-3.981261901855468466e+01,3.006002197265625000e+02,1.241826892738724132e-02,0.000000000000000000e+00,1.874358952045440674e-02,-1.012605567101205750e-01,1.533508300781250000e-02,-7.853027343750227374e-01,4.897268708010764360e-05,0.000000000000000000e+00,7.438063621521134872e-05
-7.322627019585856267e+00,-3.979728393554687216e+01,2.998149169921874773e+02,1.246724161446734896e-02,0.000000000000000000e+00,1.881797015666961809e-02,-1.741628479042471866e-01,5.426635742187357891e-02,-1.662060546874954525e+00,9.793817977562374599e-05,0.000000000000000000e+00,1.487582921981811523e-04
-7.496789867490103454e+00,-3.974301757812499858e+01,2.981528564453125227e+02,1.256517979424297271e-02,0.000000000000000000e+00,1.896672844886779924e-02,-7.600546607151947853e-02,2.954101562500000000e-02,-8.611694335937727374e-01,4.896622888355545156e-05,0.000000000000000000e+00,7.437914609909057617e-05
-7.572795333561622932e+00,-3.971347656249999858e+01,2.972916870117187500e+02,1.261414602312652816e-02,0.000000000000000000e+00,1.904110759496688982e-02,-6.261877638249213618e-02,3.254089355468892109e-02,-8.818725585937272626e-01,4.896383130960357821e-05,0.000000000000000000e+00,7.437914609909057617e-05
-7.635414109944115069e+00,-3.968093566894530966e+01,2.964098144531250227e+02,1.266310985443613174e-02,0.000000000000000000e+00,1.911548674106598039e-02,-7.421341023937877424e-02,7.753601074218607891e-02,-1.769714355468750000e+00,9.791899961411783260e-05,0.000000000000000000e+00,1.487597823142984554e-04
-7.709627520183493843e+00,-3.960339965820312358e+01,2.946401000976562727e+02,1.276102885405024957e-02,0.000000000000000000e+00,1.926424652338027885e-02,-2.608614410050247301e-02,4.210815429687642109e-02,-8.960693359375113687e-01,4.895664006764055554e-05,0.000000000000000000e+00,7.437914609909057617e-05
-7.735713664283996316e+00,-3.956129150390624716e+01,2.937440307617187614e+02,1.280998549411789013e-02,0.000000000000000000e+00,1.933862566947936942e-02,-2.456158199577895829e-02,4.453124999999857891e-02,-9.031372070312500000e-01,4.895424343236316755e-05,0.000000000000000000e+00,7.437914609909057617e-05
-7.760275246279775274e+00,-3.951676025390624858e+01,2.928408935546875114e+02,1.285893973755025330e-02,0.000000000000000000e+00,1.941300481557846000e-02,-3.212592334218555834e-02,1.021270751953125000e-01,-1.842602539062511369e+00,9.789982696382579230e-05,0.000000000000000000e+00,1.487582921981811523e-04
-7.792401169621960833e+00,-3.941463317871093608e+01,2.909982910156250000e+02,1.295683956451407909e-02,0.000000000000000000e+00,1.956176310777664115e-02,-5.585541155552320447e-03,5.746154785155965783e-02,-9.288452148437045253e-01,4.894705500623104666e-05,0.000000000000000000e+00,7.438063621521134872e-05
-7.797986710777513153e+00,-3.935717163085937642e+01,2.900694458007812955e+02,1.300578661952031014e-02,0.000000000000000000e+00,1.963614374399185250e-02,4.938648478505669459e-03,6.103820800781534217e-02,-9.241210937500454747e-01,4.894318851968518236e-05,0.000000000000000000e+00,7.437914609909057617e-05
-7.793048062299007483e+00,-3.929613342285156108e+01,2.891453247070312500e+02,1.305472980803999532e-02,0.000000000000000000e+00,1.971052289009094308e-02,5.292267213051626840e-02,1.468475341796846578e-01,-2.062585449218772737e+00,1.147385295542091566e-04,0.000000000000000000e+00,1.743793487548814247e-04
-7.740125390168491215e+00,-3.914928588867187642e+01,2.870827392578124773e+02,1.316946833759420447e-02,0.000000000000000000e+00,1.988490223884582450e-02,4.967294383304476924e-02,9.873962402343750000e-02,-1.199279785156250000e+00,6.579193677138869822e-05,0.000000000000000000e+00,1.000002026557943180e-04
-7.690452446335446446e+00,-3.905054626464843892e+01,2.858834594726562273e+02,1.323526027436559317e-02,0.000000000000000000e+00,1.998490244150161882e-02,7.930728243226603524e-03,1.542663574218750000e-02,-1.811889648437272626e-01,9.933340177542548943e-06,0.000000000000000000e+00,1.509785652160575142e-05
