Sigma_1,Sigma_2,Sigma_12,Epsilon_1,Epsilon_2,Epsilon_12,dSigma_1,dSigma_2,dSigma_12,dEpsilon_1,dEpsilon_2,dEpsilon_12
-0.000000000000000000e+00,-0.000000000000000000e+00,-0.000000000000000000e+00,0.000000000000000000e+00,0.000000000000000000e+00,0.000000000000000000e+00,6.224834746077809733e+00,9.830685274784386252e+00,1.557202911376953125e+01,6.666447875155136660e-05,1.333241062473146973e-04,2.000000094994902611e-04
6.224834746077809733e+00,9.830685274784386252e+00,1.557202911376953125e+01,6.666447875155136660e-05,1.333241062473146973e-04,2.000000094994902611e-04,3.109751879004426733e+00,4.912375044953785519e+00,7.780390167236326704e+00,3.333057289245535239e-05,6.665539379159600257e-05,9.999999310821293700e-05
9.334586625082236466e+00,1.474306031973817177e+01,2.335241928100585795e+01,9.999505164400671899e-05,1.999795000389106999e-04,3.000000026077031981e-04,3.108214467687947291e+00,4.910587750841928667e+00,7.777582550048826704e+00,3.332946200261451561e-05,6.665093950772614040e-05,1.000000163912773241e-04
1.244280109277018376e+01,1.965364807058010044e+01,3.113000183105468466e+01,1.333245136466212346e-04,2.666304395466368403e-04,4.000000189989805222e-04,3.106677263458575311e+00,4.908799969136225627e+00,7.774769592285153408e+00,3.332835118637794171e-05,6.664652073144885841e-05,9.999996982514860414e-05
1.554947835622875907e+01,2.456244803971632606e+01,3.890477142333983807e+01,1.666528648329991763e-04,3.332769602780856987e-04,4.999999888241291263e-04,3.105138358637072216e+00,4.907013224610594193e+00,7.771961975097667619e+00,3.332724044440422929e-05,6.664205599510791356e-05,1.000000163912772699e-04
1.865461671486583128e+01,2.946946126432692026e+01,4.667673339843750568e+01,1.999801052774034056e-04,3.999190162731936123e-04,6.000000052154063962e-04,3.103600805236641946e+00,4.905227519158611216e+00,7.769152832031238631e+00,3.332611813782512377e-05,6.663761512720566124e-05,1.000000163912773783e-04
2.175821752010247323e+01,3.437468878348553147e+01,5.444588623046874432e+01,2.333062234152285294e-04,4.665566314003992735e-04,7.000000216066837744e-04,3.102064604473689258e+00,4.903441326037025760e+00,7.766348266601568184e+00,3.332503082141061970e-05,6.663317485134360616e-05,1.000000163912772699e-04
2.486028212457616249e+01,3.927813010952255723e+01,6.221223449707031250e+01,2.666312542366391491e-04,5.331898062517428797e-04,8.000000379979610443e-04,3.100526702033473470e+00,4.901657700890744707e+00,7.763540649414068184e+00,3.332389702479112261e-05,6.662878170556475309e-05,9.999992325901983000e-05
2.796080882660963596e+01,4.417978781041330194e+01,6.997577514648438068e+01,2.999551512614302717e-04,5.998185879573076328e-04,8.999999612569808743e-04,3.098991679189744275e+00,4.899873584800950255e+00,7.760739135742184658e+00,3.332280985485512386e-05,6.662429607150047780e-05,1.000000163912773783e-04
3.105980050579938023e+01,4.907966139521425220e+01,7.773651428222656534e+01,3.332779611162853955e-04,6.664428840288081106e-04,9.999999776482582526e-04,3.097454954431022145e+00,4.898088983479986780e+00,7.757934570312500000e+00,3.332167620780199409e-05,6.661985757060564020e-05,1.000000163912772699e-04
3.415725546023040238e+01,5.397775037869423898e+01,8.549444885253906534e+01,3.665996373240873896e-04,7.330627415994137508e-04,1.099999994039535522e-03,3.095921109913255975e+00,4.896300840900501328e+00,7.755133056640616473e+00,3.332058918431525431e-05,6.661541966061226231e-05,1.000000163912772699e-04
3.725317657014365835e+01,5.887405121959474030e+01,9.324958190917968182e+01,3.999202265084026440e-04,7.996781612600260131e-04,1.200000010430812792e-03,3.094384036702969354e+00,4.894521373859419100e+00,7.752337646484392053e+00,3.331945568657665880e-05,6.661098234228991083e-05,1.000000163912772699e-04
4.034756060684662771e+01,6.376857259345415940e+01,1.010019195556640739e+02,4.332396821949793028e-04,8.662891436023159239e-04,1.300000026822090062e-03,3.092852896396209417e+00,4.892741420979753286e+00,7.749526977539048289e+00,3.331834553766088421e-05,6.660654561463244614e-05,1.000000163912774867e-04
4.344041350324283712e+01,6.866131401443391269e+01,1.087514465332031222e+02,4.665580277326401870e-04,9.328956892169483700e-04,1.400000043213367549e-03,3.091245252517822450e+00,4.890918214927637564e+00,7.746636962890633527e+00,3.331728200531015567e-05,6.660210947818793244e-05,9.999992325901972158e-05
4.653165875576065957e+01,7.355223222936155025e+01,1.164980834960937557e+02,4.998753097379503426e-04,9.994977986951363025e-04,1.499999966472387270e-03,3.087469519530841922e+00,4.887738088714542073e+00,7.740368652343747158e+00,3.331612545952788908e-05,6.659767393283775802e-05,1.000001095235348181e-04
4.961912827529150150e+01,7.843997031807609233e+01,1.242384521484375028e+02,5.331914351974782317e-04,1.066095472627974061e-03,1.600000075995922089e-03,3.083326972159369461e+00,4.884160026733766813e+00,7.733471679687497158e+00,3.331501553251257474e-05,6.659333200475917904e-05,1.000000163912772699e-04
5.270245524745087096e+01,8.332413034480985914e+01,1.319719238281250000e+02,5.665064507299908065e-04,1.132688804632733240e-03,1.700000092387199358e-03,3.081220733992495298e+00,4.881473287593948385e+00,7.729034423828125000e+00,3.331390567922734493e-05,6.658880460742389387e-05,9.999983012676239014e-05
5.578367598144336625e+01,8.820560363240380752e+01,1.397009582519531250e+02,5.998203564092181514e-04,1.199277609240157133e-03,1.799999922513961749e-03,3.078579871692937786e+00,4.878755333015860174e+00,7.724530029296886369e+00,3.331284243627598025e-05,6.658437083376296008e-05,1.000000163912772699e-04
5.886225585313630404e+01,9.308435896541966770e+01,1.474254882812500114e+02,6.331331988454941316e-04,1.265861980073920093e-03,1.899999938905239018e-03,3.075987580311149827e+00,4.876122268982868491e+00,7.720190429687477263e+00,3.331168619293304808e-05,6.657993765072441235e-05,1.000000163912774867e-04
6.193824343344745387e+01,9.796048123440253619e+01,1.551456787109374886e+02,6.664448850384271797e-04,1.332441917724644506e-03,1.999999955296516505e-03,3.070823633199310621e+00,4.871159854373800613e+00,7.710766601562511369e+00,3.331057656145975342e-05,6.657550505752523988e-05,1.000000163912770530e-04
6.500906706664676449e+01,1.028316410887763368e+02,1.628564453125000000e+02,6.997554615998869331e-04,1.399017422782169746e-03,2.099999971687793558e-03,3.061505715342065059e+00,4.862418814293263836e+00,7.693511962890625000e+00,3.330946700368694457e-05,6.657107305493435885e-05,1.000000163912774867e-04
6.807057278198882955e+01,1.076940599030696006e+02,1.705499572753906250e+02,7.330649286035738777e-04,1.465588495837104105e-03,2.199999988079071045e-03,3.055216513970762549e+00,4.856157726193757185e+00,7.682135009765602263e+00,3.330840405068387529e-05,6.656664164194736437e-05,1.000000163912774867e-04
7.112578929595959210e+01,1.125502176292633578e+02,1.782320922851562273e+02,7.663733326542577530e-04,1.532155137479051469e-03,2.300000004470348532e-03,3.050227746186081390e+00,4.850090883702577571e+00,7.671697998046909106e+00,3.330724810899493571e-05,6.656221081911134485e-05,1.000000163912770530e-04
7.417601704214567349e+01,1.174003085129659354e+02,1.859037902832031364e+02,7.996805807632526887e-04,1.598717348298162814e-03,2.400000020861625585e-03,3.046747287436886609e+00,4.846040217964329599e+00,7.665246582031215894e+00,3.330613877294526584e-05,6.655778058630812226e-05,1.000000163912774867e-04
7.722276432958256009e+01,1.222463487309302650e+02,1.935690368652343523e+02,8.329867195361979545e-04,1.665275128884470936e-03,2.500000037252903071e-03,3.041934741081306015e+00,4.840839164863695032e+00,7.657720947265659106e+00,3.330502951123229163e-05,6.655335094275576999e-05,1.000000163912770530e-04
8.026469907066386611e+01,1.270871878957939600e+02,2.012267578125000114e+02,8.662917490474302462e-04,1.731828479827226706e-03,2.600000053644180124e-03,3.035557787376319538e+00,4.833142227988474815e+00,7.645507812500000000e+00,3.330392032296122101e-05,6.654892188922212001e-05,1.000000163912774867e-04
8.330025685804018565e+01,1.319203301237824348e+02,2.088722656250000114e+02,8.995956693703914672e-04,1.798377401716448826e-03,2.700000070035457611e-03,3.027726183808965743e+00,4.824758756290037809e+00,7.631689453124977263e+00,3.330281120901188406e-05,6.654449342470385165e-05,1.000000163912774867e-04
8.632798304184915139e+01,1.367450888800724726e+02,2.165039550781249886e+02,9.328984805794033512e-04,1.864921895141152678e-03,2.800000086426735098e-03,3.021311162069906686e+00,4.816703709887747209e+00,7.619860839843738631e+00,3.330170216871142490e-05,6.654006554974783647e-05,9.999983012676239014e-05
8.934929420391905808e+01,1.415617925899602199e+02,2.241238159179687273e+02,9.662001827481147762e-04,1.931461960690900514e-03,2.899999916553497488e-03,3.015109324583491457e+00,4.808402298745221515e+00,7.608337402343778422e+00,3.330068624140397615e-05,6.653563826423633011e-05,1.000000163912770530e-04
9.236440352850254953e+01,1.463701948887054414e+02,2.317321533203125057e+02,9.995008689895187523e-04,1.997997598955136844e-03,2.999999932944774541e-03,3.007153311456562506e+00,4.799181683510511220e+00,7.594494628906232947e+00,3.329948430637373960e-05,6.653121156738718914e-05,1.000000163912774867e-04
9.537155683995911204e+01,1.511693765722159526e+02,2.393266479492187386e+02,1.032800353295892492e-03,2.064528810522524033e-03,3.099999949336052028e-03,2.998426628541778882e+00,4.790203761964676232e+00,7.580725097656284106e+00,3.329837548786342312e-05,6.652678545996824552e-05,1.000002026557921496e-04
9.836998346850089092e+01,1.559595803341806288e+02,2.469073730468750227e+02,1.066098728783755915e-03,2.131055595982492279e-03,3.200000151991844177e-03,2.989906801706027295e+00,4.779731417181437791e+00,7.566369628906215894e+00,3.329726674275077479e-05,6.652254579665511577e-05,9.999983012676239014e-05
1.013598902702069182e+02,1.607393117513620666e+02,2.544737426757812386e+02,1.099395995526506690e-03,2.197578141779147395e-03,3.299999982118606567e-03,2.981068361385311505e+00,4.768106734900356969e+00,7.550878906250034106e+00,3.329615807191573310e-05,6.651793499859795511e-05,1.000002026557921496e-04
1.043409586315922297e+02,1.655074184862624236e+02,2.620246215820312727e+02,1.132692153598422423e-03,2.264096076777745350e-03,3.400000184774398717e-03,2.969271470338469499e+00,4.752184969821968252e+00,7.529602050781250000e+00,3.329504947468522533e-05,6.651351065743976027e-05,9.999983012676239014e-05
1.073102301019306992e+02,1.702596034560843918e+02,2.695542236328125227e+02,1.165987203073107648e-03,2.330609587435185110e-03,3.500000014901161107e-03,2.954961825994075753e+00,4.735525721846386205e+00,7.505480957031181788e+00,3.329394095105209575e-05,6.650908690435542586e-05,9.999983012676239014e-05
1.102651919279247750e+02,1.749951291779307780e+02,2.770597045898437045e+02,1.199281144024159744e-03,2.397118674339540536e-03,3.599999845027923497e-03,2.934527467290521940e+00,4.711484027635805205e+00,7.473742675781295475e+00,3.329283250167445508e-05,6.650466373989399188e-05,1.000002026557921496e-04
1.131997193952152969e+02,1.797066132055665832e+02,2.845334472656250000e+02,1.232573976525834199e-03,2.463623338079434528e-03,3.700000047683715647e-03,2.913968833904974076e+00,4.684720585408484794e+00,7.440930175781261369e+00,3.329181714022957581e-05,6.650024116393662976e-05,9.999983012676239014e-05
1.161136882291202710e+02,1.843913337909750680e+02,2.919743774414062614e+02,1.265865793666063775e-03,2.530123579243371158e-03,3.799999877810478037e-03,2.889594561509014170e+00,4.650828715506889921e+00,7.399670410156261369e+00,3.329061582056321890e-05,6.649581917570141290e-05,1.000002026557925833e-04
1.190032827906292852e+02,1.890421625064819580e+02,2.993740478515625227e+02,1.299156409486626994e-03,2.596619398419072570e-03,3.900000080466270620e-03,2.869141527672255165e+00,4.623710689979702693e+00,7.367346191406227263e+00,3.328950759257640925e-05,6.649139777595855852e-05,9.999983012676239014e-05
1.218724243183015403e+02,1.936658731964616607e+02,3.067413940429687500e+02,1.332445917079203403e-03,2.663110796195031129e-03,3.999999910593033010e-03,2.849285394063414856e+00,4.596464728269893385e+00,7.333117675781238631e+00,3.328839943815054860e-05,6.648697696370322804e-05,1.000002026557917159e-04
1.247217097123649552e+02,1.982623379247315540e+02,3.140745117187499886e+02,1.365734316517353952e-03,2.729597773158734357e-03,4.100000113248824726e-03,2.833387873738217877e+00,4.574024005798975168e+00,7.302233886718738631e+00,3.328729135727804753e-05,6.648255673948272673e-05,9.999983012676239014e-05
1.275550975861031731e+02,2.028363619305305292e+02,3.213767456054687273e+02,1.399021607874631999e-03,2.796080329898217084e-03,4.199999943375587116e-03,2.791169338176288761e+00,4.534696934177020466e+00,7.228820800781250000e+00,3.328618335061593256e-05,6.647813710318082811e-05,1.000002026557925833e-04
1.303462669242794618e+02,2.073710588647075497e+02,3.286055664062499773e+02,1.432307791225247932e-03,2.862558467001397912e-03,4.300000146031379700e-03,2.720584719016159170e+00,4.477083340899781660e+00,7.106970214843784106e+00,3.328507541727125478e-05,6.647371805401560557e-05,9.999983012676239014e-05
1.330668516432956210e+02,2.118481422056073313e+02,3.357125366210937614e+02,1.465592866642519186e-03,2.929032185055413517e-03,4.399999976158142090e-03,2.689493112578304590e+00,4.440921261164248790e+00,7.038964843749965894e+00,3.328396755812221795e-05,6.646929959275467426e-05,1.000002026557925833e-04
1.357563447558739256e+02,2.162890634667715801e+02,3.427515014648437273e+02,1.498876834200641404e-03,2.995501484648168192e-03,4.500000178813934673e-03,2.681333901028267519e+00,4.422824684238918280e+00,7.009704589843750000e+00,3.328295276208204957e-05,6.646488171839623135e-05,9.999983012676239014e-05
1.384376786569021931e+02,2.207118881510104984e+02,3.497612060546874773e+02,1.532159786962723454e-03,3.061966366366564423e-03,4.600000008940697063e-03,2.667794322992278921e+00,4.397793595140342404e+00,6.956933593750022737e+00,3.328175205751546066e-05,6.646065011424234434e-05,9.999983012676239014e-05
1.411054729798944720e+02,2.251096817461508408e+02,3.567181396484375000e+02,1.565441539020238915e-03,3.128427016480806767e-03,4.699999839067459453e-03,2.631316356682674495e+00,4.352061374964875995e+00,6.853698730468750000e+00,3.328064441913795857e-05,6.645586204915556947e-05,1.000002026557917159e-04
1.437367893365771465e+02,2.294617431211157168e+02,3.635718383789062500e+02,1.598722183439376873e-03,3.194882878529962337e-03,4.800000041723251169e-03,2.588831288723667967e+00,4.308426558295110453e+00,6.717626953124977263e+00,3.327953685492704081e-05,6.645181727696260893e-05,9.999983012676239014e-05
1.463256206253008145e+02,2.337701696794108273e+02,3.702894653320312273e+02,1.632001720294303914e-03,3.261334695806924946e-03,4.899999871850013559e-03,2.543713075823575309e+00,4.247097046681659549e+00,6.472509765625034106e+00,3.327842936398889111e-05,6.644703043510091431e-05,1.000002026557925833e-04
1.488693337011243898e+02,2.380172667260924868e+02,3.767619750976562614e+02,1.665280149658292805e-03,3.327781726242025860e-03,5.000000074505806143e-03,2.527680237703009425e+00,4.223235888663282367e+00,6.439526367187511369e+00,3.327732194720258059e-05,6.644298678719698370e-05,9.999983012676239014e-05
1.513970139388273992e+02,2.422405026147557692e+02,3.832015014648437727e+02,1.698557471605495386e-03,3.394224713029222844e-03,5.099999904632568533e-03,2.522614468683173072e+00,4.216616767371675678e+00,6.494628906250000000e+00,3.327621460389568707e-05,6.643820116785737265e-05,1.000002026557917159e-04
1.539196284075105723e+02,2.464571193821274449e+02,3.896961303710937727e+02,1.731833686209391073e-03,3.460662914197080216e-03,5.200000107288360249e-03,6.260360955420480877e-01,1.043761907933543398e+00,1.603063964843727263e+00,8.318834151984895800e-06,1.660886062213821207e-05,2.500005066394857950e-05
1.545456645030526204e+02,2.475008812900609882e+02,3.912991943359375000e+02,1.740152520361375969e-03,3.477271774819218429e-03,5.225000157952308828e-03,1.968863811407885578e+00,3.296823737765294027e+00,4.987951660156227263e+00,2.647815841141194435e-05,5.286370781105173902e-05,7.957369089126552220e-05
1.565145283144605060e+02,2.507977050278262823e+02,3.962871459960937273e+02,1.766630678772787913e-03,3.530135482630270168e-03,5.304573848843574350e-03,4.120237328009295652e+00,6.920394992994602035e+00,1.038099365234381821e+01,5.702654031078326254e-05,1.138481476907226599e-04,1.713864505290983373e-04
1.606347656424698016e+02,2.577181000208208843e+02,4.066681396484375455e+02,1.823657219083571175e-03,3.643983630320992827e-03,5.475960299372672688e-03,2.346223194066709539e+00,3.965775891027078615e+00,5.878308105468704525e+00,3.327205208747451362e-05,6.642198140713534774e-05,9.999983012676239014e-05
1.629809888365365111e+02,2.616838759118479629e+02,4.125464477539062500e+02,1.856929271171045689e-03,3.710405611728128175e-03,5.575960129499435078e-03,2.313810135456549233e+00,3.918463750750106556e+00,5.789831542968727263e+00,3.327094509485649908e-05,6.641719869597117326e-05,1.000002026557925833e-04
1.652947989719930604e+02,2.656023396625980695e+02,4.183362792968749773e+02,1.890200216265902188e-03,3.776822810424099348e-03,5.675960332155227661e-03,2.282005352798677222e+00,3.885626545509012431e+00,5.700488281250045475e+00,3.326983817567518396e-05,6.641315884457809141e-05,9.999983012676239014e-05
1.675768043247917376e+02,2.694879662081070819e+02,4.240367675781250227e+02,1.923470054441577372e-03,3.843235969268677440e-03,5.775960162281990051e-03,2.277080987895232056e+00,3.848321730871987256e+00,5.704663085937454525e+00,3.326873133058911268e-05,6.640837735431273300e-05,1.000002026557925833e-04
1.698538853126869697e+02,2.733362879389790692e+02,4.297414306640624773e+02,1.956738785772166485e-03,3.909644346622990173e-03,5.875960364937782635e-03,7.098626947444017787e-01,1.174624436473834521e+00,1.777294921875011369e+00,1.005902006688411468e-05,2.007868924843326380e-05,3.023594617843593235e-05
1.705637480074313714e+02,2.745109123754529037e+02,4.315187255859374886e+02,1.966797805839050600e-03,3.929723035871423437e-03,5.906196311116218567e-03,2.104894431074882277e+00,3.561743989154422252e+00,5.039965820312488631e+00,3.174501634564284511e-05,6.336415590258576147e-05,9.542405605316144762e-05
1.726686424385062537e+02,2.780726563646073259e+02,4.365586914062499773e+02,1.998542822184693445e-03,3.993087191774009198e-03,6.001620367169380015e-03,2.159780311512065509e+00,3.659522703464062943e+00,5.166137695312500000e+00,3.315972095122758992e-05,6.618620369476524434e-05,9.967982769012485866e-05
1.748284227500183192e+02,2.817321790680713889e+02,4.417248291015624773e+02,2.031702543135921035e-03,4.059273395468774442e-03,6.101300194859504873e-03,2.119940291050681935e+00,3.556604226013632797e+00,5.093872070312500000e+00,3.290693946091105548e-05,6.567949554958305014e-05,9.892359375953622275e-05
1.769483630410690012e+02,2.852887832940850217e+02,4.468187011718749773e+02,2.064609482596832090e-03,4.124952891018357493e-03,6.200223788619041096e-03,2.310946354989511065e+00,3.903493338930502432e+00,5.604589843750034106e+00,3.618523032276974721e-05,7.222020489506576768e-05,1.087818294763570268e-04
1.792593093960585122e+02,2.891922766330155241e+02,4.524232910156250114e+02,2.100794712919601837e-03,4.197173095913423260e-03,6.309005618095398123e-03,2.015342038244114065e+00,3.462986215528530920e+00,4.833984374999943157e+00,3.248274663705807974e-05,6.482765330936314518e-05,9.765475988388061523e-05
1.812746514343026263e+02,2.926552628485440550e+02,4.572572753906249545e+02,2.133277459556659917e-03,4.262000749222786405e-03,6.406660377979278738e-03,1.975691515791623942e+00,3.397166139045111777e+00,4.764648437500056843e+00,3.195997804285788044e-05,6.378301800832701651e-05,9.608641266822814941e-05
1.832503429500942502e+02,2.960524289875891668e+02,4.620219238281250114e+02,2.165237437599517797e-03,4.325783767231113422e-03,6.502746790647506887e-03,1.980591275166204923e+00,3.452834533858492705e+00,4.854443359375011369e+00,3.243549054824041225e-05,6.472993040965418360e-05,9.751841425895656223e-05
1.852309342252604552e+02,2.995052635214476595e+02,4.668763671875000227e+02,2.197672928147758210e-03,4.390513697640767606e-03,6.600265204906463450e-03,2.115425418483539488e+00,3.691232641446788421e+00,5.285058593749965894e+00,3.475513963238857987e-05,6.935645046675983222e-05,1.044966280460361135e-04
1.873463596437439946e+02,3.031964961628944479e+02,4.721614257812499886e+02,2.232428067780146790e-03,4.459870148107527438e-03,6.704761832952499563e-03,2.036147196693150363e+00,3.565619794649194318e+00,5.153979492187488631e+00,3.360746749527833421e-05,6.706426233915856877e-05,1.010499894618984568e-04
1.893825068404371450e+02,3.067621159575436423e+02,4.773154052734374773e+02,2.266035535275425124e-03,4.526934410446686007e-03,6.805811822414398020e-03,1.990071560031367426e+00,3.505711112342680735e+00,5.053833007812500000e+00,3.360652390807300147e-05,6.705976502548258861e-05,1.010492444038389379e-04
1.913725784004685124e+02,3.102678270698863230e+02,4.823692382812499773e+02,2.299642059183498125e-03,4.593994175472168595e-03,6.906861066818236958e-03,1.959530337708798697e+00,3.448512787752179065e+00,5.011328124999977263e+00,3.360520871711339050e-05,6.705489751838208251e-05,1.010499894618993241e-04
1.933321087381773111e+02,3.137163398576385021e+02,4.873805664062499545e+02,2.333247267900611516e-03,4.661049072990550678e-03,7.007911056280136282e-03,1.926648990242966875e+00,3.406143604206079090e+00,4.964624023437522737e+00,3.360407944500961100e-05,6.705077223228324973e-05,1.010492444038389379e-04
1.952587577284202780e+02,3.171224834618445811e+02,4.923451904296874773e+02,2.366851347345621127e-03,4.728099845222833927e-03,7.108960300683975220e-03,1.702202354919876370e+00,3.073463965449377611e+00,4.436035156250000000e+00,3.061276362145660609e-05,6.107982786396955882e-05,9.205713868141139622e-05
1.969609600833401544e+02,3.201959474272939588e+02,4.967812255859374773e+02,2.397464110967077733e-03,4.789179673086803486e-03,7.201017439365386616e-03,2.023101086409837990e+00,3.612515188820907497e+00,5.320922851562500000e+00,3.644075703041968484e-05,7.270572139368453729e-05,1.095861196517946071e-04
1.989840611697499924e+02,3.238084626161148663e+02,5.021021484374999773e+02,2.433904867997497418e-03,4.861885394480488023e-03,7.310603559017181223e-03,1.651645366505931634e+00,2.877360151037805736e+00,4.255932617187511369e+00,3.079280091929830279e-05,6.143531329571259858e-05,9.260550141334568386e-05
2.006357065362559240e+02,3.266858227671526720e+02,5.063580810546874886e+02,2.464697668916795720e-03,4.923320707776200622e-03,7.403209060430526907e-03,1.536542906643205697e+00,2.714158609317621540e+00,3.960620117187488631e+00,3.236725202823004244e-05,6.457450190702328924e-05,9.734258055686933336e-05
2.021722494428991297e+02,3.293999813764702935e+02,5.103187011718749773e+02,2.497064920945025763e-03,4.987895209683223911e-03,7.500551640987396240e-03,1.176796256054274181e+00,2.170303461264325051e+00,3.092626953124977263e+00,3.380517766217320044e-05,6.744065407745213070e-05,1.016706228256225586e-04
2.033490456989534039e+02,3.315702848377346186e+02,5.134113281249999545e+02,2.530870098607198963e-03,5.055335863760676042e-03,7.602222263813018799e-03,-3.988526269083365605e-01,-3.324308206927071296e-01,-6.941162109374090505e-01,3.380384912352518353e-05,6.743610614212431492e-05,1.016706228256225586e-04
2.029501930720450673e+02,3.312378540170419114e+02,5.127172119140625455e+02,2.564673947730724147e-03,5.122771969902800357e-03,7.703892886638641357e-03,-3.359569095039421427e+01,-5.237839418592335505e+01,-6.975949707031259095e+01,3.261686474704010227e-05,6.506564219161455748e-05,9.810328483581508274e-05
1.693545021216508530e+02,2.788594598311185564e+02,4.429577148437499545e+02,2.597290812477764249e-03,5.187837612094414914e-03,7.801996171474456440e-03,-2.434201008587450588e+00,-3.336912206420493021e+00,-2.831372070312454525e+00,3.332546231712496879e-05,6.647701322479680763e-05,1.002378761768337595e-04
1.669203011130634025e+02,2.755225476246980634e+02,4.401263427734375000e+02,2.630616274794889218e-03,5.254314625319211722e-03,7.902234047651290200e-03,-3.519613471874379229e+00,-4.447240708862011616e+00,-4.023486328124988631e+00,3.466151597471614498e-05,6.914019566688339030e-05,1.042604446411139751e-04
1.634006876411890232e+02,2.710753069158360518e+02,4.361028564453125114e+02,2.665277790769605363e-03,5.323454820986095112e-03,8.006494492292404175e-03,-6.609568314498432073e+00,-1.007894639115016844e+01,-9.173437500000034106e+00,3.141095533004678586e-05,6.265379134889805662e-05,9.448528289794991264e-05
1.567911193266905912e+02,2.609963605246858833e+02,4.269294189453124773e+02,2.696688746099652149e-03,5.386108612334993169e-03,8.100979775190354087e-03,-1.917845044397040510e+00,-2.275789129749284712e+00,-1.064550781249977263e+00,3.574218546940075361e-05,7.129111055861718504e-05,1.075185835361473774e-04
1.548732742822935506e+02,2.587205713949365986e+02,4.258648681640625000e+02,2.732430931569052902e-03,5.457399722893610354e-03,8.208498358726501465e-03,-2.215209428837141559e+00,-2.637571988125671396e+00,-1.506542968750011369e+00,3.249195620459287975e-05,6.480565675665017622e-05,9.774416685104370117e-05
1.526580648534564091e+02,2.560829994068109272e+02,4.243583251953124886e+02,2.764922887773645782e-03,5.522205379650260530e-03,8.306242525577545166e-03,-2.320297774980105032e+00,-2.435371531645301957e+00,-1.331713867187488631e+00,3.249071476744708892e-05,6.480145725587267008e-05,9.774342179298331490e-05
1.503377670784763041e+02,2.536476278751656253e+02,4.230266113281250000e+02,2.797413602541092871e-03,5.587006836906133200e-03,8.403985947370528481e-03,-3.110341154257866947e+00,-3.504185855614537104e+00,-2.176684570312488631e+00,3.455859426216168623e-05,6.892346406874201581e-05,1.039676368236545217e-04
1.472274259242184371e+02,2.501434420195510882e+02,4.208499267578125114e+02,2.831972196803254557e-03,5.655930300974875216e-03,8.507953584194183003e-03,-5.811750846968067208e+00,-8.429853364598841381e+00,-6.198034667968784106e+00,3.425967261398016328e-05,6.832421784288590649e-05,1.030720770359046246e-04
1.414156750772503699e+02,2.417135886549522468e+02,4.146518920898437273e+02,2.866231869417234721e-03,5.724254518817761123e-03,8.611025661230087627e-03,-2.483113013730559260e+00,-3.241775579821648989e+00,-1.577001953124977263e+00,3.045187127947990291e-05,6.072900742237936911e-05,9.161978960037231445e-05
1.389325620635198106e+02,2.384718130751305978e+02,4.130748901367187500e+02,2.896683740696714623e-03,5.784983526240140492e-03,8.702645450830459942e-03,-2.268039153286139253e+00,-2.487016888264207637e+00,-8.885131835937727374e-01,3.633899641525490179e-05,7.246670043247523813e-05,1.093342900276173674e-04
1.366645229102336714e+02,2.359847961868663901e+02,4.121863769531249773e+02,2.933022737111969525e-03,5.857450226672615730e-03,8.811979740858077309e-03,-3.210241725567215099e+00,-3.794321139199382742e+00,-2.048571777343681788e+00,3.974214709005470872e-05,7.925062211335681672e-05,1.195795834064497520e-04
1.334542811846664563e+02,2.321904750476670074e+02,4.101378051757812955e+02,2.972764884202024234e-03,5.936700848785972547e-03,8.931559324264527061e-03,-1.539135000566005829e+00,-1.457845127981812539e+00,-1.876098632812954747e-01,3.251534688697389416e-05,6.483681417918454870e-05,9.783804416656390057e-05
1.319151461841004505e+02,2.307326299196851949e+02,4.099501953125000000e+02,3.005280231088998128e-03,6.001537662965157095e-03,9.029397368431090962e-03,-1.293246513296310241e+00,-1.040485428586492844e+00,-1.319458007812954747e-01,2.438581636528269758e-05,4.862512974310260333e-05,7.337853312492335911e-05
1.306218996708041402e+02,2.296921444910987020e+02,4.098182495117187045e+02,3.029666047454280826e-03,6.050162792708259699e-03,9.102775901556014321e-03,-3.138028027968630340e+00,-3.626508567187045173e+00,-1.860070800781215894e+00,3.259724525554816982e-05,6.499681491171395431e-05,9.808987379074200763e-05
1.274838716428355099e+02,2.260656359239116568e+02,4.079581787109374886e+02,3.062263292709828996e-03,6.115159607619973653e-03,9.200865775346756328e-03,-5.281657326179015399e+00,-5.887014505940243225e+00,-3.897387695312488631e+00,3.743132542147588684e-05,7.463269294757848143e-05,1.126408576965325092e-04
1.222022143166564945e+02,2.201786214179714136e+02,4.040607910156250000e+02,3.099694618131304882e-03,6.189792300567552134e-03,9.313506633043288838e-03,-3.391817851079906632e+00,-5.516502869508315143e+00,-2.856347656250022737e+00,2.929315997805478911e-05,5.840471179032954985e-05,8.815303444862331028e-05
1.188103964655765878e+02,2.146621185484630985e+02,4.012044433593749773e+02,3.128987778109359671e-03,6.248197012357881684e-03,9.401659667491912148e-03,-2.906873025501582219e+00,-4.178568915694739871e+00,-1.690527343749977263e+00,3.295366327547670504e-05,6.570099231416499930e-05,9.917244315147538680e-05
1.159035234400750056e+02,2.104835496327683586e+02,3.995139160156250000e+02,3.161941441384836377e-03,6.313898004672046683e-03,9.500832110643387535e-03,-2.562998613543228998e+00,-3.298519833952838098e+00,-1.162377929687522737e+00,3.295257736733768830e-05,6.569667597735966147e-05,9.917318820953230363e-05
1.133405248265317766e+02,2.071850297988155205e+02,3.983515380859374773e+02,3.194894018752174065e-03,6.379594680649406345e-03,9.600005298852919838e-03,-1.065502599908384695e+00,-1.027308675915008962e+00,8.263427734375454747e-01,3.844342499895094661e-05,7.664017385097549734e-05,1.157008111476905132e-04
1.122750222266233919e+02,2.061577211229005115e+02,3.991778808593750227e+02,3.233337443751125011e-03,6.456234854500381842e-03,9.715706110000610352e-03,-7.940679546935029975e-01,-6.697938128746727671e-01,8.541259765625000000e-01,3.295022480756743324e-05,6.568732589202000427e-05,9.917244315147365208e-05
1.114809542719298889e+02,2.054879273100258388e+02,4.000320068359375227e+02,3.266287668558692445e-03,6.521922180392401847e-03,9.814878553152084004e-03,-7.361169749467393331e-01,-4.169410354459159862e-01,1.000378417968704525e+00,3.294913912624741412e-05,6.568301135042534794e-05,9.917318820953403835e-05
1.107448372969831496e+02,2.050709862745799228e+02,4.010323852539062273e+02,3.299236807684939859e-03,6.587605191742827195e-03,9.914051741361618042e-03,-1.178641058300200939e+00,-7.295929217028458424e-01,6.125000000000113687e-01,3.294842480609707497e-05,6.567869737601934876e-05,9.917244315147365208e-05
1.095661962386829487e+02,2.043413933528770769e+02,4.016448852539062386e+02,3.332185232491036934e-03,6.653283889118846543e-03,1.001322418451309169e-02,-1.848657637806383036e+00,-1.213914545946494172e+00,4.832763671873863132e-02,3.294696796532969527e-05,6.567438396780801019e-05,9.917244315147365208e-05
1.077175386008765656e+02,2.031274788069305828e+02,4.016932128906249773e+02,3.365132200456366629e-03,6.718958273086654553e-03,1.011239662766456535e-02,-5.616837881012259004e+00,-6.551826317469362948e+00,-3.244396972656204525e+00,4.941841672028400578e-05,9.850274955541110655e-05,1.487590372562415386e-04
1.021007007198643066e+02,1.965756524894612198e+02,3.984488159179687727e+02,3.414550617176650635e-03,6.817461022642065660e-03,1.026115566492080688e-02,-1.082825914057622185e+00,-1.010016419419457634e+00,4.124267578124545253e-01,2.470847819767288747e-05,4.924847642897439703e-05,7.437914609909057617e-05
1.010178748058066844e+02,1.955656360700417622e+02,3.988612426757812273e+02,3.439259095374323522e-03,6.866709499071040057e-03,1.033553481101989746e-02,-1.236309311046241532e+00,-1.194800498714499781e+00,1.530151367187500000e-01,2.470749646316106052e-05,4.924531121320175481e-05,7.437914609909057617e-05
9.978156549476044290e+01,1.943708355713272624e+02,3.990142578124999773e+02,3.463966591837484583e-03,6.915954810284241812e-03,1.040991395711898804e-02,-4.723971491699501257e+00,-5.680633992546916033e+00,-2.014123535156215894e+00,4.941353284294673631e-05,9.848408757136013075e-05,1.487590372562415386e-04
9.505759400306094165e+01,1.886902015787803464e+02,3.970001342773437614e+02,3.513380124680431319e-03,7.014438897855601943e-03,1.055867299437522958e-02,-5.710118221565437580e+00,-1.121235942630150362e+01,-5.886804199218772737e+00,2.470603642176815232e-05,4.923803694940713516e-05,7.437914609909057617e-05
8.934747578149550407e+01,1.774778421524788428e+02,3.911133300781249886e+02,3.538086161102199471e-03,7.063676934805009078e-03,1.063305214047432015e-02,-4.858442556976427795e-01,-6.084286737842035109e-01,1.038037109375011369e+00,2.470542604883366536e-05,4.923635246177615610e-05,7.437989115714922772e-05
8.886163152579786129e+01,1.768694134786946393e+02,3.921513671875000000e+02,3.562791587151033137e-03,7.112913287266785234e-03,1.070743203163146938e-02,-4.470983265105985538e-01,-5.011384714603650536e-01,1.487585449218727263e+00,3.269549806441708617e-05,6.515820409774657207e-05,9.843856096267665501e-05
8.841453319928726273e+01,1.763682750072342742e+02,3.936389526367187273e+02,3.595487085215450223e-03,7.178071491364531806e-03,1.080587059259414603e-02,-5.756976607401327328e-01,-7.311640712291307409e-01,1.400952148437568212e+00,3.760364209219081710e-05,7.493619128307125316e-05,1.132182776927958406e-04
8.783883553854713000e+01,1.756371109360051435e+02,3.950399047851562955e+02,3.633090727307641040e-03,7.253007682647603059e-03,1.091908887028694188e-02,-6.230387496325135999e-01,-7.606083474289278001e-01,6.177490234374545253e-01,2.820171084644620962e-05,5.619882838075931225e-05,8.491426706314086914e-05
8.721579678891461640e+01,1.748765025885762157e+02,3.956576538085937500e+02,3.661292438154087250e-03,7.309206511028362371e-03,1.100400313735008274e-02,-1.073633282307781656e+00,-1.216261891462693256e+00,1.077856445312477263e+00,5.076107536221242597e-05,1.011499328342343670e-04,1.528456807136525236e-04
8.614216350660683474e+01,1.736602406971135224e+02,3.967355102539062273e+02,3.712053513516299676e-03,7.410356443862596738e-03,1.115684881806373527e-02,-5.755855293594862587e-01,-5.959815749544645769e-01,4.957275390625000000e-01,2.537957145626454011e-05,5.057039041499438586e-05,7.642284035682712917e-05
8.556657797724734849e+01,1.730642591221590578e+02,3.972312377929687273e+02,3.737433084972564216e-03,7.460926834277591124e-03,1.123327165842056240e-02,-6.167973590557238595e-01,-6.244288646792028885e-01,4.447509765625454747e-01,2.537892734996412616e-05,5.056857266262908962e-05,7.642284035682712917e-05
8.494978061819162463e+01,1.724398302574798549e+02,3.976759887695312727e+02,3.762812012322528342e-03,7.511495406940220214e-03,1.130969449877738953e-02,-1.459695704585357134e+00,-1.218840269030067702e+00,8.496215820312045253e-01,5.075592251201728120e-05,1.011294744296996687e-04,1.528456807136542583e-04
8.349008491360626749e+01,1.712209899884497872e+02,3.985256103515624773e+02,3.813567934834545623e-03,7.612624881369919883e-03,1.146254017949104378e-02,-6.613547978237619418e-01,-3.558317084878694914e-01,5.213989257812272626e-01,2.537699522720936879e-05,5.056090228464441005e-05,7.642284035682539445e-05
8.282873011578250555e+01,1.708651582799619177e+02,3.990470092773437045e+02,3.838944930061754992e-03,7.663185783654564293e-03,1.153896301984786918e-02,-7.295836196729936773e-01,-5.563225670005635948e-01,3.166503906250000000e-01,2.537635125166460420e-05,5.055760667589410257e-05,7.642284035682712917e-05
8.209914649610951187e+01,1.703088357129613541e+02,3.993636596679687045e+02,3.864321281313419596e-03,7.713743390330458395e-03,1.161538586020469631e-02,-2.038733979395189522e+00,-1.633064809191210998e+00,2.486938476562841061e-01,5.075077070764528672e-05,1.011090242996918673e-04,1.528456807136542583e-04
8.006041251671432235e+01,1.686757709037701431e+02,3.996123535156249886e+02,3.915072052021064883e-03,7.814852414630150262e-03,1.176823154091835057e-02,-4.728756158863092196e-01,-4.447263274716135584e-01,6.108398437498863132e-02,1.268729024309338954e-05,2.527565880642949903e-05,3.821179270744289036e-05
7.958753690082801313e+01,1.682310445762985296e+02,3.996734374999999773e+02,3.927759342264158272e-03,7.840128073436579761e-03,1.180644333362579346e-02,-2.643828944314307705e+00,-3.910626962177957466e+00,-7.832397460937272626e-01,3.488912543993596960e-05,6.950458298480254038e-05,1.050807535648342478e-04
7.694370795651370543e+01,1.643204176141205721e+02,3.988901977539062500e+02,3.962648467704094242e-03,7.909632656421382302e-03,1.191152408719062770e-02,-1.977664992917567588e+00,-2.998202695668254592e+00,1.653320312499886313e-01,4.281706151908898361e-05,8.529424192495888013e-05,1.289635896682735788e-04
7.496604296359613784e+01,1.613222149184523175e+02,3.990555297851562386e+02,4.005465529223183226e-03,7.994926898346341182e-03,1.204048767685890128e-02,-9.717955392008832405e-01,-1.494421038878812169e+00,1.286621093748863132e-02,2.140765777538036763e-05,4.264439295210108172e-05,6.448179483413765678e-05
7.399424742439525460e+01,1.598277938795735054e+02,3.990683959960937273e+02,4.026873186998563593e-03,8.037571291298442264e-03,1.210496947169303894e-02,-5.581111662254329531e+00,-8.851022285490813601e+00,-3.731518554687454525e+00,3.211081290810813976e-05,6.396354937479933889e-05,9.672269225120475045e-05
6.841313576214092507e+01,1.509767715940826918e+02,3.953368774414062727e+02,4.058983999906671733e-03,8.101534840673241603e-03,1.220169216394424369e-02,-8.480653786385438764e+00,-1.805060778738220506e+01,-7.301110839843772737e+00,3.293564550836593913e-05,6.560446886303555880e-05,9.921044111251865749e-05
5.993248197575548630e+01,1.329261638067004867e+02,3.880357666015625000e+02,4.091919645415037672e-03,8.167139309536277161e-03,1.230090260505676235e-02,-1.710915145745893540e+00,-2.943256703394752094e+00,8.398925781249886313e-01,4.561659282363312445e-05,9.086009145969388412e-05,1.374140381813059725e-04
5.822156683000959276e+01,1.299829071033057346e+02,3.888756591796874886e+02,4.137536238238670797e-03,8.257999400995971045e-03,1.243831664323806832e-02,-7.133119975626058817e-01,-1.020726692697991211e+00,5.042236328125113687e-01,2.222210570856746059e-05,4.426096971911139266e-05,6.694346666336059570e-05
5.750825483244698688e+01,1.289621804106077434e+02,3.893798828125000000e+02,4.159758343947238257e-03,8.302260370715082438e-03,1.250526010990142892e-02,-7.652044586932817083e+00,-3.823749863384364289e+00,-9.821813964843727263e+00,3.734983243497587424e-05,7.438948370205693272e-05,1.125186681747436523e-04
4.985621024551416980e+01,1.251384305472233791e+02,3.795580688476562727e+02,4.197108176382214131e-03,8.376649854417139371e-03,1.261777877807617257e-02,-1.557062414740926215e-01,2.048295405991495954e-02,1.292846679687500000e+00,2.755517997952029036e-05,5.487901599664397889e-05,8.301436901092529297e-05
4.970050400404007718e+01,1.251589135012832941e+02,3.808509155273437727e+02,4.224663356361734422e-03,8.431528870413783350e-03,1.270079314708709786e-02,-1.894443223082546979e-01,2.119543727435768687e-02,1.964941406249977263e+00,4.448064923301582596e-05,8.858514401993353160e-05,1.340091228485100483e-04
4.951105968173182248e+01,1.251801089385576518e+02,3.828158569335937500e+02,4.269144005594750248e-03,8.520114014433716881e-03,1.283480226993560791e-02,8.189300530673904177e-03,1.756210893301215492e-01,1.025305175781227263e+00,2.203594001875131686e-05,4.388445002949555029e-05,6.639212369918823242e-05
4.951924898226249638e+01,1.253557300278877733e+02,3.838411621093749773e+02,4.291179945613501565e-03,8.563998464463212432e-03,1.290119439363479614e-02,6.326439789125970492e-02,2.539788431413256831e-01,1.453540039062545475e+00,3.305299958773419422e-05,6.582380295229624256e-05,9.958744049072196236e-05
4.958251338015375609e+01,1.256097088710290990e+02,3.852947021484375227e+02,4.324232945201235759e-03,8.629822267415508674e-03,1.300078183412551810e-02,8.599062713539495917e-02,2.950129004907324770e-01,1.436022949218738631e+00,3.318914357145104355e-05,6.609127794642705167e-05,1.000002026557925833e-04
4.966850400728915105e+01,1.259047217715198315e+02,3.867307250976562614e+02,4.357422088772686802e-03,8.695913545361935726e-03,1.310078203678131069e-02,2.792931708314227990e-02,-4.067830424060048244e-02,1.222290039062500000e+00,3.318767119190463299e-05,6.608691017829376735e-05,1.000002026557925833e-04
4.969643332437229333e+01,1.258640434672792310e+02,3.879530151367187614e+02,4.390609759964591435e-03,8.762000455540229493e-03,1.320078223943710327e-02,-2.084761975295208458e-01,-3.620271992411687734e-01,7.919677734374772626e-01,3.318694069148232784e-05,6.608254298721104314e-05,1.000002026557925833e-04
4.948795712684277248e+01,1.255020162680380622e+02,3.887449829101562386e+02,4.423796700656073763e-03,8.828082998527440536e-03,1.330078244209289585e-02,-3.677095557439855611e-01,-3.889374372370610899e-01,5.906982421875568434e-01,3.318583935522142342e-05,6.607891483379098319e-05,9.999871253967181073e-05
4.912024757109878692e+01,1.251130788308010011e+02,3.893356811523437955e+02,4.456982540011295187e-03,8.894161913361231520e-03,1.340078115463256767e-02,-3.882452917137726445e-01,-4.484683378485669891e-01,5.219604492186817879e-01,3.318436723168290137e-05,6.607381028759205799e-05,1.000002026557925833e-04
4.873200227938501428e+01,1.246646104929524341e+02,3.898576416015624773e+02,4.490166907242978088e-03,8.960235723648823578e-03,1.350078135728836025e-02,-3.644055054339645494e-01,-4.147165662620153626e-01,5.586181640625227374e-01,3.318363691361906481e-05,6.606944482762805437e-05,1.000002026557925833e-04
4.836759677395104973e+01,1.242498939266904188e+02,3.904162597656250000e+02,4.523350544156597153e-03,9.026305168476451632e-03,1.360078155994415283e-02,-3.407534524629411976e-01,-3.824979090786513325e-01,5.561157226562727374e-01,3.318216496108090940e-05,6.606507994425143970e-05,1.000002026557925833e-04
4.802684332148810853e+01,1.238673960176117674e+02,3.909723754882812727e+02,4.556532709117678062e-03,9.092370248420703072e-03,1.370078176259994542e-02,-3.451924301991411426e-01,-3.665001338796116670e-01,5.718505859374545253e-01,3.732871222783627069e-05,7.431818282105720486e-05,1.124992966651909565e-04
4.768165089128896739e+01,1.235008958837321558e+02,3.915442260742187273e+02,4.593861421345514333e-03,9.166688431241760276e-03,1.381328105926513637e-02,-4.422149502688057510e-01,-4.019400471986642742e-01,4.041381835937727374e-01,3.732768965472674921e-05,7.431266003898179262e-05,1.125007867813117290e-04
4.723943594102016164e+01,1.230989558365334915e+02,3.919483642578125000e+02,4.631189111000241082e-03,9.241001091280742069e-03,1.392578184604644810e-02,-3.179123022253946829e-01,-3.422770716691729831e-01,2.150268554687500000e-01,2.488422877251761367e-05,4.953895160867381742e-05,7.500052452087332955e-05
4.692152363879476695e+01,1.227566787648643185e+02,3.921633911132812500e+02,4.656073339772758696e-03,9.290540042889415887e-03,1.400078237056732143e-02,-6.456525855174533035e-01,-1.002332679278836736e+00,-7.805175781248863132e-02,3.732499675854639848e-05,7.430345720831933731e-05,1.124992966651926912e-04
4.627587105327731365e+01,1.217543460855854818e+02,3.920853393554687614e+02,4.693398336531305094e-03,9.364843500097735224e-03,1.411328166723251412e-02,-5.737518490623401135e-01,-1.014744169455539691e+00,-2.344970703126136868e-02,3.732360365516027706e-05,7.429793661454381359e-05,1.125007867813099943e-04
4.570211920421497354e+01,1.207396019161299421e+02,3.920618896484375000e+02,4.730721940186465371e-03,9.439141436712279037e-03,1.422578245401382412e-02,-4.541417193800256769e-01,-9.283561002884397340e-01,-2.110717773437613687e-01,2.488175212889479071e-05,4.952913715911867742e-05,7.499903440475429173e-05
4.524797748483494786e+01,1.198112458158415023e+02,3.918508178710937386e+02,4.755603692315360162e-03,9.488670573871397715e-03,1.430078148841857841e-02,-8.440206121099862457e-01,-1.714052218426076024e+00,-6.485473632812386313e-01,3.732165279053678564e-05,7.428873742997346707e-05,1.125007867813117290e-04
4.440395687272496161e+01,1.180971935974154263e+02,3.912022705078125000e+02,4.792925345105896948e-03,9.562959311301371182e-03,1.441328227519989014e-02,-1.409583327144829923e+00,-2.734419186031132654e+00,-1.669091796875022737e+00,3.731988920270198906e-05,7.428321902319852399e-05,1.124992966651909565e-04
4.299437354558013169e+01,1.153627744113842937e+02,3.895331787109374773e+02,4.830245234308598937e-03,9.637242530324569706e-03,1.452578157186508109e-02,-3.149975903855555259e+00,-6.603117757546385747e+00,-5.167749023437465894e+00,2.582721867623160444e-05,5.140607298974655959e-05,7.785707712173496609e-05
3.984439764172457643e+01,1.087596566538379079e+02,3.843654296875000114e+02,4.856072452984830541e-03,9.688648603314316266e-03,1.460363864898681606e-02,-1.467463286812233036e+00,-2.060654868627736391e+00,-1.470544433593772737e+00,3.324638109887794596e-05,6.617037886394450119e-05,1.002267003059383738e-04
3.837693435491234339e+01,1.066990017852101715e+02,3.828948852539062386e+02,4.889318834083708487e-03,9.754818982178260767e-03,1.470386534929275443e-02,-7.002044302552334898e-01,-7.681150161729277670e-01,-3.003173828124658939e-01,3.191520426955307688e-05,6.351959221955437440e-05,9.621679782867431641e-05
3.767672992465710990e+01,1.059308867690372438e+02,3.825945678710937727e+02,4.921234038353261564e-03,9.818338574397815141e-03,1.480008214712142875e-02,-7.904013088102416873e+00,-9.542985806560295714e+00,-1.298624267578128411e+01,3.426212329445815774e-05,6.818833980650786109e-05,1.032948493957519531e-04
2.977271683655469303e+01,9.638790096247694805e+01,3.696083251953124886e+02,4.955496161647719722e-03,9.886526914204323002e-03,1.490337699651718070e-02,-9.619444969238060139e-01,-2.380933406464819768e+00,-8.161499023437386313e-01,3.365860266090273112e-05,6.698496297856057491e-05,1.014798879623423494e-04
2.881077233963088702e+01,9.400696755601212828e+01,3.687921752929687500e+02,4.989154764308622453e-03,9.953511877182883577e-03,1.500485688447952305e-02,-8.548242105214139741e+00,-1.329135083525287087e+01,-1.336497802734373863e+01,3.311667295031756747e-05,6.590353665530436500e-05,9.984821081161429634e-05
2.026253023441674728e+01,8.071561672075925742e+01,3.554271972656250114e+02,5.022271437258940020e-03,1.001941541383818794e-02,1.510470509529113735e-02,-8.905596844613370422e-01,-1.800027654899722052e+00,-2.640747070312841061e-01,3.504184508537622200e-05,6.973387346214006410e-05,1.056566834449768066e-04
1.937197054995541023e+01,7.891558906585953537e+01,3.551631225585937273e+02,5.057313282344316242e-03,1.008914928730032801e-02,1.521036177873611416e-02,-6.478161142382674598e-01,-1.314457924056981142e+00,-1.265869140625000000e-01,3.234571337718938205e-05,6.436422213179117391e-05,9.752959012985194798e-05
1.872415443571714277e+01,7.760113114180255423e+01,3.550365356445312273e+02,5.089658995721505624e-03,1.015351350943211918e-02,1.530789136886596610e-02,-6.517801845788930848e-01,-1.283608752252376917e+00,1.340576171875227374e-01,4.649431935137369326e-05,9.251755647784846992e-05,1.401990652084364464e-04
1.807237425113824969e+01,7.631752238955017731e+01,3.551705932617187500e+02,5.136153315072879318e-03,1.024603106590996765e-02,1.544809043407440255e-02,-2.378540335254051286e-01,-3.941934514368767850e-01,8.438720703122726263e-02,1.819322760929394101e-05,3.619993573256326258e-05,5.486011505126918431e-05
1.783452021761284456e+01,7.592332893811330052e+01,3.552549804687499773e+02,5.154346542682173259e-03,1.028223100164253091e-02,1.550295054912567173e-02,-4.844461767449068645e-01,-1.115307929125847863e+00,5.737304687500000000e-03,3.638472106702074493e-05,7.239594039647884172e-05,1.097217202186574064e-04
1.735007404086793770e+01,7.480802100898745266e+01,3.552607177734374773e+02,5.190731263749194004e-03,1.035462694203900975e-02,1.561267226934432914e-02,-4.466254396299973450e-02,-1.353264666983022835e-01,5.753051757812954747e-01,3.638376785442768574e-05,7.239143693356722697e-05,1.097202301025383686e-04
1.730541149690493796e+01,7.467269454228915038e+01,3.558360229492187727e+02,5.227115031603621689e-03,1.042701837897257698e-02,1.572239249944686751e-02,1.790058528711924168e-02,-9.323952470708718465e-03,4.397583007812500000e-01,2.728667925474149297e-05,5.428958584885457128e-05,8.229017257690637854e-05
1.732331208219205720e+01,7.466337058981844166e+01,3.562757812500000227e+02,5.254401710858363182e-03,1.048130796482143155e-02,1.580468267202377389e-02,7.145268651063219068e-02,1.710650044924477697e-02,8.291625976562500000e-01,5.457149547907769183e-05,1.085703304205092035e-04,1.645818352699265907e-04
1.739476476870268939e+01,7.468047709026768644e+01,3.571049438476562727e+02,5.308973206337440874e-03,1.058987829524194076e-02,1.596926450729370048e-02,6.348697601722363970e-02,1.700224995518340165e-02,3.895019531249772626e-01,2.728481628537331172e-05,5.428148238109838097e-05,8.229017257690637854e-05
1.745825174471991303e+01,7.469747934022286984e+01,3.574944458007812500e+02,5.336258022622814186e-03,1.064415977762303914e-02,1.605155467987060686e-02,-4.756560978235846449e-01,-1.606134359072427742e+00,-3.592529296875000000e-01,2.728370130809353727e-05,5.427779893193290794e-05,8.229166269302368164e-05
1.698259564689632839e+01,7.309134498115044209e+01,3.571351928710937500e+02,5.363541723930907723e-03,1.069843757655497204e-02,1.613384634256363054e-02,-9.411622434050705976e-01,-3.773974992973592180e+00,-1.190136718750011369e+00,2.728332745432788392e-05,5.427485301237426618e-05,8.229017257690290910e-05
1.604143340349125779e+01,6.931736998817684992e+01,3.559450561523437386e+02,5.390825051385235607e-03,1.075271242956734631e-02,1.621613651514053345e-02,-1.067603107405039609e+00,-5.098826574952042279e+00,-1.622473144531284106e+00,2.983988184730897164e-05,5.935974772451960146e-05,9.000599384307791939e-05
1.497383029608621818e+01,6.421854341322480764e+01,3.543225830078124545e+02,5.420664933232544579e-03,1.081207217729186591e-02,1.630614250898361137e-02,-4.322983897145302734e-01,-2.626879359133035052e+00,-3.691406249999431566e-01,3.708565454601121109e-05,7.377114421306014969e-05,1.118630170822143555e-04
1.454153190637168791e+01,6.159166405409177258e+01,3.539534423828125114e+02,5.457750587778555790e-03,1.088584332150492606e-02,1.641800552606582572e-02,-2.260356792628108735e+00,-6.968556589519188549e+00,-2.592004394531272737e+00,3.452679967802692318e-05,6.867861271129573064e-05,1.041486859321601177e-04
1.228117511374357917e+01,5.462310746457258404e+01,3.513614379882812386e+02,5.492277387456582713e-03,1.095452193421622179e-02,1.652215421199798584e-02,-1.664330325179621539e+00,-3.493250576874018520e+00,-1.170605468750011369e+00,2.589422484547670295e-05,5.150568011661610379e-05,7.811188697814941406e-05
1.061684478856395764e+01,5.112985688769856552e+01,3.501908325195312273e+02,5.518171612302059416e-03,1.100602761433283790e-02,1.660026609897613525e-02,-1.391826636132913464e+00,-2.909398848358250689e+00,-6.335205078124772626e-01,3.884026533629465761e-05,7.725391487355647013e-05,1.171678304672241211e-04
9.225018152431044172e+00,4.822045803934031483e+01,3.495573120117187500e+02,5.557011877638354073e-03,1.108328152920639437e-02,1.671743392944335938e-02,-3.952149483879345837e-01,-1.551825618151156050e+00,1.377685546875113687e-01,3.236585892744947568e-05,6.437321249187430428e-05,9.763985872268676758e-05
8.829803204043109588e+00,4.666863242118915878e+01,3.496950805664062614e+02,5.589377736565803549e-03,1.114765474169826867e-02,1.681507378816604614e-02,-2.978562312067012385e-01,-1.457281378854858644e+00,1.080200195312386313e-01,2.912826627480408215e-05,5.793279046562710421e-05,8.787661790847847709e-05
8.531946972836408349e+00,4.521135104233430013e+01,3.498031005859375000e+02,5.618506002840607631e-03,1.120558753216389578e-02,1.690295040607452462e-02,-2.184586548711564546e-01,-9.850219754261644312e-01,2.260009765624886313e-01,3.314621625485122264e-05,6.592126698771669235e-05,9.999871253967354545e-05
8.313488317965251895e+00,4.422632906690813570e+01,3.500291015624999886e+02,5.651652219095458854e-03,1.127150879915161247e-02,1.700294911861419817e-02,-1.878069206553103498e-01,-9.162912173712598474e-01,1.978759765625568434e-01,3.314474720246193828e-05,6.591692166050232282e-05,1.000002026557908485e-04
8.125681397309941545e+00,4.331003784953687585e+01,3.502269775390625455e+02,5.684796966297920792e-03,1.133742572081211479e-02,1.710294932126998901e-02,-1.744688822977282783e-01,-9.041240154403240581e-01,1.890624999999772626e-01,3.314401906948181292e-05,6.591257690655161205e-05,1.000002026557908485e-04
7.951212515012213267e+00,4.240591383409655180e+01,3.504160400390625227e+02,5.717940985367402605e-03,1.140333829771866640e-02,1.720294952392577986e-02,-1.518362698631010588e-01,-8.693948445833328265e-01,1.673828124999658939e-01,3.314255018728885088e-05,6.590896928667169807e-05,1.000002026557943180e-04
7.799376245149112208e+00,4.153651898951321897e+01,3.505834228515624886e+02,5.751083535554691456e-03,1.146924726700533810e-02,1.730294972658157418e-02,-6.889414050616577967e-01,-2.866867978161195651e+00,-3.333007812499886313e-01,3.314182217538548525e-05,6.590388906746805220e-05,1.000002026557908485e-04
7.110434840087454411e+00,3.866965101135202332e+01,3.502501220703125000e+02,5.784225357730076941e-03,1.153515115607280615e-02,1.740294992923736503e-02,-1.155999957381966148e+00,-4.696190398360784002e+00,-7.383911132812386313e-01,3.314035346335848786e-05,6.589954603131685518e-05,1.000002026557943180e-04
5.954434882705488263e+00,3.397346061299123932e+01,3.495117309570312614e+02,5.817365711193435429e-03,1.160105070210412301e-02,1.750295013189315935e-02,-5.385759792629576381e-01,-3.376061027403135739e+00,-2.380249023437386313e-01,3.313962557272530363e-05,6.589520356731388973e-05,1.000002026557908485e-04
5.415858903442530625e+00,3.059739958558810358e+01,3.492737060546875227e+02,5.850505336766160733e-03,1.166694590567143690e-02,1.760295033454895020e-02,-1.704646071834829968e-01,-1.785533514042178638e+00,1.576904296874772626e-01,3.313815703038895666e-05,6.589159804280125821e-05,9.999871253967354545e-05
5.245394296259047628e+00,2.881186607154592494e+01,3.494313964843750000e+02,5.883643493796549689e-03,1.173283750371423816e-02,1.770294904708862374e-02,-8.579794984940138036e+00,-2.622790852888367041e+01,-6.997534179687477263e+00,3.530867969775853404e-05,7.020354917845403331e-05,1.065522432327249691e-04
-3.334400688681089964e+00,2.583957542662254081e+00,3.424338623046875227e+02,5.918952173494308223e-03,1.180304105289269219e-02,1.780950129032134871e-02,-1.497952700013192473e+00,-2.291780442420029651e+00,1.024328613281227263e+00,4.727157880183349009e-05,9.398629539329045324e-05,1.426622271537801578e-04
-4.832353388694282437e+00,2.921771002422245411e-01,3.434581909179687500e+02,5.966223752296141714e-03,1.189702734828598264e-02,1.795216351747512887e-02,-7.993357557005120739e-01,-1.266167308443617134e+00,6.752929687500000000e-01,3.313469292162782992e-05,6.587570365403257189e-05,9.999871253967354545e-05
-5.631689144394794511e+00,-9.739902082013925932e-01,3.441334838867187500e+02,5.999358445217769543e-03,1.196290305194001521e-02,1.805216223001480241e-02,-6.361760341197992830e-01,-1.024485192445310222e+00,6.523681640625227374e-01,3.313322476174596770e-05,6.587210048134006790e-05,1.000002026557908485e-04
-6.267865178514593794e+00,-1.998475400646702704e+00,3.447858520507812727e+02,6.032491669979515511e-03,1.202877515242135528e-02,1.815216243267059326e-02,-4.748100503240708647e-01,-7.489284422459940860e-01,6.717041015624545253e-01,3.313249726365208314e-05,6.586702553244665193e-05,1.000002026557908485e-04
-6.742675228838664658e+00,-2.747403842892696790e+00,3.454575561523437273e+02,6.065624167243167594e-03,1.209464217795380193e-02,1.825216263532638411e-02,-3.848273376796518264e-01,-5.669590868405776085e-01,6.931274414062613687e-01,3.313139953786767983e-05,6.586268735291576915e-05,1.000002026557943180e-04
-7.127502566518316485e+00,-3.314362929733274399e+00,3.461506835937499886e+02,6.098755566781035274e-03,1.216050486530671770e-02,1.835216283798217843e-02,-3.226093719493947631e-01,-4.523186230662226137e-01,6.758178710937841061e-01,3.312993163257556967e-05,6.585908574936218118e-05,1.000002026557908485e-04
-7.450111938467711248e+00,-3.766681552799497013e+00,3.468265014648437727e+02,6.131885498413610844e-03,1.222636395105607988e-02,1.845216304063796928e-02,-2.691242384555776468e-01,-3.919305127214007811e-01,6.437499999999545253e-01,3.312920431632494084e-05,6.585401266016345512e-05,1.000002026557943180e-04
-7.719236176923288895e+00,-4.158612065520897794e+00,3.474702514648437273e+02,6.165014702729935785e-03,1.229221796371624334e-02,1.855216324329376359e-02,-2.623104400584486129e-01,-4.520556317155248749e-01,6.245971679687727374e-01,3.312773658123522452e-05,6.584967619453589716e-05,1.000002026557908485e-04
-7.981546616981737508e+00,-4.610667697236422669e+00,3.480948486328125000e+02,6.198142439311171009e-03,1.235806763991077924e-02,1.865216344594955444e-02,-2.699411693589448547e-01,-5.683181165354165287e-01,5.488525390625227374e-01,3.312700938544466123e-05,6.584607615915671897e-05,9.999871253967354545e-05
-8.251487786340682362e+00,-5.178985813771839197e+00,3.486437011718750227e+02,6.231269448696615670e-03,1.242391371606993596e-02,1.875216215848922799e-02,-2.529253230704533451e-01,-5.924602544232220325e-01,5.124877929687272626e-01,3.312554182052351165e-05,6.584100492858582787e-05,1.000002026557908485e-04
-8.504413109411135707e+00,-5.771446068195061230e+00,3.491561889648437500e+02,6.264394990517139182e-03,1.248975472099852178e-02,1.885216236114501884e-02,-2.499593166151505841e-01,-6.308670262498328185e-01,4.679565429687500000e-01,3.312444455534982457e-05,6.583667017583984260e-05,1.000002026557943180e-04
-8.754372426026286291e+00,-6.402313094444894048e+00,3.496241455078125000e+02,6.297519435072489007e-03,1.255559139117436163e-02,1.895216256380081316e-02,-2.293247595671630279e-01,-6.665099448418230210e-01,4.147094726562272626e-01,3.312408771908356003e-05,6.583233599426717431e-05,1.000002026557908485e-04
-8.983697185593449319e+00,-7.068823039286717069e+00,3.500388549804687273e+02,6.330643522791572567e-03,1.262142372716862880e-02,1.905216276645660400e-02,-2.313124297843884847e-01,-7.803536299145044097e-01,3.740722656250454747e-01,3.312225021832350402e-05,6.582800238287382644e-05,1.000002026557908485e-04
-9.215009615377837804e+00,-7.849176669201221479e+00,3.504129272460937727e+02,6.363765773009896071e-03,1.268725172955150263e-02,1.915216296911239485e-02,-2.280928418918595213e-01,-8.069749060341235847e-01,3.507324218749658939e-01,3.312115317142139831e-05,6.582366934243001622e-05,1.000002026557943180e-04
-9.443102457269697325e+00,-8.656151575235345064e+00,3.507636596679687386e+02,6.396886926181317469e-03,1.275307539889393264e-02,1.925216317176818917e-02,-3.039119331312143402e-01,-1.012069342518428172e+00,3.448730468749658939e-01,3.312005619696654912e-05,6.581933687216205697e-05,1.000002026557908485e-04
-9.747014390400911665e+00,-9.668220917753773236e+00,3.511085327148437045e+02,6.430006982378284018e-03,1.281889473576609470e-02,1.935216337442398002e-02,-9.075810179674126843e+00,-2.027201938854422281e+01,-5.167089843749977263e+00,1.655998689096931098e-05,3.290877948189038782e-05,4.999935626983850745e-05
-1.882282457007503851e+01,-2.994024030629799782e+01,3.459414428710937273e+02,6.446566969269253329e-03,1.285180351524798509e-02,1.940216273069381853e-02,-4.579974337647175986e+00,-6.496267951294750986e+00,5.704467773437613687e-01,3.823497760500026155e-05,7.597880743035433093e-05,1.154482364654520199e-04
-2.340279890772221449e+01,-3.643650825759274881e+01,3.465118896484374886e+02,6.484801946874253591e-03,1.292778232267833942e-02,1.951761096715927055e-02,-3.009533648520090310e+00,-3.665714016738341741e+00,1.128161621093738631e+00,3.978500274477107107e-05,7.905890395950611327e-05,1.201346516609205772e-04
-2.641233255624230480e+01,-4.010222227433109055e+01,3.476400512695312273e+02,6.524586949619024662e-03,1.300684122663784553e-02,1.963774561882019112e-02,-1.601118644366481192e+01,-1.616956566703429843e+01,-3.225378417968727263e+00,2.066948547904158551e-05,4.107144891391835417e-05,6.241500377654821130e-05
-4.242351899990711672e+01,-5.627178794136538897e+01,3.444146728515625000e+02,6.545256435098066247e-03,1.304791267555176389e-02,1.970016062259673933e-02,-3.482409200635476054e+01,-1.601211184083072681e+01,-3.046997070312500000e+00,3.584563665120794190e-05,7.122387134973762191e-05,1.082435250282301475e-04
-7.724761100626187726e+01,-7.228389978219611578e+01,3.413676757812500000e+02,6.581102071749274189e-03,1.311913654690150151e-02,1.980840414762496948e-02,-4.994552184486934721e+00,-2.088676396619334241e+00,1.605187988281272737e+00,4.480449884759242496e-05,8.902307373984293115e-05,1.353055238723747944e-04
-8.224216319074881199e+01,-7.437257617881545002e+01,3.429728637695312727e+02,6.625906570596866614e-03,1.320815962064134444e-02,1.994370967149734428e-02,-2.031504812459772324e+00,-8.307448969948865169e-01,6.734008789062500000e-01,1.863945395854955250e-05,3.703399390179128170e-05,5.629062652588029403e-05
