Sigma_1,Sigma_2,Epsilon_1,Epsilon_2,dSigma_1,dSigma_2,dEpsilon_1,dEpsilon_2
-0.000000000000000000e+00,-0.000000000000000000e+00,0.000000000000000000e+00,0.000000000000000000e+00,1.320006772192794164e+00,1.980000063132290933e+00,3.645746158352803230e-06,7.668562894112480909e-06
1.320006772192794164e+00,1.980000063132290933e+00,3.645746158352803230e-06,7.668562894112480909e-06,1.320052875552010230e+00,1.980089560567931173e+00,3.645847098504598975e-06,7.668927542033856463e-06
2.640059647744804394e+00,3.960089623700222106e+00,7.291593256857402204e-06,1.533749043614633737e-05,1.320074779851426072e+00,1.980111943448664924e+00,3.645920753183317734e-06,7.669004787401209302e-06
3.960134427596230466e+00,5.940201567148887030e+00,1.093751401004071994e-05,2.300649522354754667e-05,1.320104433341664496e+00,1.980156858617739601e+00,3.646003501600300937e-06,7.669178797719374327e-06
5.280238860937894962e+00,7.920358425766626631e+00,1.458351751164102088e-05,3.067567402126692100e-05,1.320134564219705986e+00,1.980202013568342245e+00,3.646085521658853578e-06,7.669351348358424442e-06
6.600373425157600948e+00,9.900560439334968876e+00,1.822960303329987445e-05,3.834502536962534544e-05,1.320164218805012446e+00,1.980245739358545976e+00,3.646168268396034922e-06,7.669528259994474410e-06
7.920537643962613394e+00,1.188080617869351485e+01,2.187577130169590938e-05,4.601455362961981985e-05,1.320193873937079765e+00,1.980291373877134831e+00,3.646251013957587051e-06,7.669699346744147646e-06
9.240731517899693159e+00,1.386109755257064968e+01,2.552202231565349643e-05,5.368425297636396750e-05,1.320224483287315564e+00,1.980336056076321682e+00,3.646330848533823265e-06,7.669873339266238541e-06
1.056095600118700872e+01,1.584143360864697136e+01,2.916835316418731969e-05,6.135412631563020604e-05,1.320254139546774397e+00,1.980381693378296504e+00,3.646416502674541756e-06,7.670047327333674747e-06
1.188121014073378312e+01,1.782181530202526787e+01,3.281476966686186145e-05,6.902417364296388079e-05,1.320283796326116033e+00,1.980425424569926207e+00,3.646499245375229941e-06,7.670221310946469815e-06
1.320149393705989915e+01,1.980224072659519408e+01,3.646126891223709139e-05,7.669439495391035060e-05,1.320313453609980314e+00,1.980471064484994770e+00,3.646579077122399828e-06,7.670389469696293366e-06
1.452180739066987947e+01,2.178271179108018885e+01,4.010784798935949122e-05,8.436478442360664397e-05,1.320344065237348374e+00,1.980514798502444052e+00,3.646664728148310509e-06,7.670569264852595604e-06
1.584215145590722784e+01,2.376322658958263290e+01,4.375451271750780172e-05,9.203535368845923957e-05,1.320372769894547105e+00,1.980560441134247895e+00,3.646744558009368416e-06,7.670737415004316457e-06
1.716252422580177495e+01,2.574378703071688079e+01,4.740125727551717014e-05,9.970609110346355603e-05,1.320404336299361603e+00,1.980604177885226136e+00,3.646827296916619547e-06,7.670917200939845137e-06
1.848292856210113655e+01,2.772439120860210693e+01,5.104808457243378969e-05,1.073770083044034012e-04,1.320433042150046532e+00,1.980649823406551491e+00,3.646912945271659162e-06,7.671091162279007614e-06
1.980336160425118308e+01,2.970504103200865842e+01,5.469499751770544885e-05,1.150480994666824088e-04,1.320463655885596665e+00,1.980695470312333839e+00,3.646992772303457619e-06,7.671265119163400204e-06
2.112382526013677975e+01,3.168573650232099226e+01,5.834199029000890647e-05,1.227193645858458090e-04,1.320492362830627542e+00,1.980739210613386092e+00,3.647078418507799266e-06,7.671427431534260126e-06
2.244431762296740729e+01,3.366647571293437835e+01,6.198906870851670573e-05,1.303907920173800691e-04,1.320522977659081221e+00,1.980782953015570058e+00,3.647158243653356993e-06,7.671613019657064908e-06
2.376484060062648851e+01,3.564725866594994841e+01,6.563622695217006273e-05,1.380624050370371340e-04,1.320551685552480592e+00,1.980832419269255240e+00,3.647238067654959455e-06,7.671786963177025867e-06
2.508539228617896910e+01,3.762809108521920365e+01,6.928346501982502218e-05,1.457341920002141599e-04,1.320584209099909145e+00,1.980874255969233388e+00,3.647323711209463559e-06,7.671949262451252093e-06
2.640597649527887825e+01,3.960896534118843704e+01,7.293078873103448574e-05,1.534061412626654120e-04,1.320612918247601186e+00,1.980916094864639376e+00,3.647409353778346573e-06,7.672134836941624019e-06
2.772658941352647943e+01,4.158988143605307641e+01,7.657819808481283231e-05,1.610782760996070360e-04,1.320641627774186588e+00,1.980965565300657261e+00,3.647489174929215605e-06,7.672308767096950059e-06
2.904723104130066602e+01,4.357084700135373367e+01,8.022568725974204792e-05,1.687505848667039861e-04,1.320672245334250761e+00,1.981007405938179033e+00,3.647568995380177925e-06,7.672471053496438117e-06
3.036790328663491678e+01,4.555185440729191271e+01,8.387325625512222584e-05,1.764230559202004242e-04,1.320702863624482859e+00,1.981053064308852640e+00,3.647654634854978332e-06,7.672656614132142847e-06
3.168860615025939964e+01,4.753290747160076535e+01,8.752091088997720418e-05,1.840957125343325670e-04,1.320731574961033772e+00,1.981098722980561888e+00,3.647740273788165543e-06,7.672818891578343575e-06
3.300933772522043341e+01,4.951400619458132724e+01,9.116865116376536972e-05,1.917685314259109106e-04,1.320764101504884991e+00,1.981144384165880012e+00,3.647814270818782205e-06,7.673004443347551358e-06
3.433010182672531840e+01,5.149515057874720725e+01,9.481646543458415192e-05,1.994415358692584620e-04,1.320788998861530672e+00,1.981186230072637500e+00,3.647899907643453688e-06,7.673166712062428046e-06
3.565089082558684908e+01,5.347633680881984475e+01,9.846436534222760561e-05,2.071147025813208900e-04,1.320825341984772194e+00,1.981231894659295278e+00,3.647985543482409215e-06,7.673363893819380157e-06
3.697171616757162127e+01,5.545756870347914003e+01,1.021123508857100148e-04,2.147880664751402702e-04,1.320850240214490157e+00,1.981281373640776167e+00,3.648065358051913562e-06,7.673514514637173141e-06
3.829256640778611143e+01,5.743885007711991619e+01,1.057604162437619284e-04,2.224615809897774433e-04,1.320882769617689689e+00,1.981319408613359201e+00,3.648156812002323942e-06,7.673688409331308989e-06
3.961344917740380112e+01,5.942016948573327539e+01,1.094085730557642523e-04,2.301352693991087523e-04,1.320911483552258403e+00,1.981368891607743876e+00,3.648224984604273372e-06,7.673862299570376796e-06
4.093436066095605952e+01,6.140153837734101927e+01,1.130567980403685257e-04,2.378091316986791291e-04,1.320940198949244859e+00,1.981410746281738966e+00,3.648316436625617036e-06,7.674059462792621718e-06
4.225530085990530438e+01,6.338294912362275824e+01,1.167051144769941427e-04,2.454831911614717508e-04,1.320972729566470605e+00,1.981456415010988792e+00,3.648396247643925588e-06,7.674210066504658870e-06
4.357627358947177498e+01,6.536440553863374703e+01,1.203535107246380683e-04,2.531574012279764097e-04,1.321001446102634702e+00,1.981502086553334152e+00,3.648487697651187534e-06,7.674383943600377421e-06
4.489727503557440969e+01,6.734590762518708118e+01,1.240019984222892559e-04,2.608317851715767871e-04,1.321030162133993713e+00,1.981547759479710180e+00,3.648555866427678675e-06,7.674557815797074245e-06
4.621830519770840340e+01,6.932745538466679136e+01,1.276505542887169345e-04,2.685063429873738613e-04,1.321062694948913929e+00,1.981593435449539697e+00,3.648647314727782986e-06,7.674754960484205402e-06
4.753936789265731733e+01,7.130904882011633106e+01,1.312992016034447175e-04,2.761810979478580667e-04,1.321091412595919223e+00,1.981639109530732412e+00,3.648727121750643902e-06,7.674905547090269883e-06
4.886045930525323655e+01,7.329068792964706347e+01,1.349479287251953614e-04,2.838560034949483366e-04,1.321120131351918303e+00,1.981677154990507006e+00,3.648818567814554126e-06,7.675079406143346401e-06
5.018157943660515485e+01,7.527236508463757048e+01,1.385967472930099155e-04,2.915310829010916830e-04,1.321152664720052883e+00,1.981730465013200160e+00,3.648886733209378034e-06,7.675253260741273561e-06
5.150273210132520774e+01,7.725409554965077064e+01,1.422456340262192936e-04,2.992063361618329566e-04,1.321177569330721724e+00,1.981768513123839170e+00,3.648978177344031808e-06,7.675427110883942944e-06
5.282390967065592946e+01,7.923586406277460981e+01,1.458946122035633254e-04,3.068817632727168995e-04,1.321213919643760448e+00,1.981814196126975958e+00,3.649057980593245747e-06,7.675624232401836305e-06
5.414512359029968991e+01,8.121767825890158576e+01,1.495436701841565711e-04,3.145573875051187358e-04,1.321238825365853131e+00,1.981859876780504237e+00,3.649149422935550700e-06,7.675774797624940280e-06
5.546636241566554304e+01,8.319953813568209000e+01,1.531928196070921218e-04,3.222331623027436761e-04,1.321271360886633772e+00,1.981905560661729737e+00,3.649217584504577507e-06,7.675948634623772516e-06
5.678763377655217681e+01,8.518144369634381974e+01,1.568420371915966993e-04,3.299091109373674486e-04,1.321300082971056611e+00,1.981951245926779848e+00,3.649309024695472983e-06,7.676122466723420395e-06
5.810893385952323342e+01,8.716339494227059959e+01,1.604913462162921723e-04,3.375852334040908690e-04,1.321332620258381496e+00,1.981996934649899345e+00,3.649388824392867711e-06,7.676319569705413945e-06
5.943026647978161492e+01,8.914539187692049893e+01,1.641407350406850400e-04,3.452615529737962830e-04,1.321361342775098535e+00,1.982042620654667076e+00,3.649468622945941255e-06,7.676470117821921832e-06
6.075162782255671345e+01,9.112743449757516601e+01,1.677902036636309813e-04,3.529380230916182048e-04,1.321390066539201769e+00,1.982088310071333126e+00,3.649560060379737712e-06,7.676643936777515723e-06
6.207301788909591522e+01,9.310952280764649913e+01,1.714397637240107190e-04,3.606146670283957205e-04,1.321418790136654309e+00,1.982126370879853994e+00,3.649639857003337965e-06,7.676841025857381127e-06
6.339443667923256953e+01,9.509164917852635313e+01,1.750894035810140570e-04,3.682915080542531016e-04,1.321451329638207994e+00,1.982179693043619295e+00,3.649719652704634535e-06,7.676991561143765765e-06
6.471588800887077753e+01,9.707382887156997242e+01,1.787391232337186915e-04,3.759684996153968674e-04,1.321476238920496371e+00,1.982217754290189760e+00,3.649799447483627422e-06,7.677165366733152644e-06
6.603736424779127390e+01,9.905604662586016218e+01,1.823889226812023189e-04,3.836456649821300201e-04,1.321516411097661603e+00,1.982263449124857857e+00,3.649890880973313215e-06,7.677339167867064905e-06
6.735888065888893550e+01,1.010383100749850200e+02,1.860388135621756321e-04,3.913230041499970850e-04,1.321541320689348709e+00,1.982309147740039634e+00,3.649959034676182211e-06,7.677536238410542606e-06
6.868042197957828421e+01,1.030206192227250597e+02,1.896887725968518144e-04,3.990005403884076276e-04,1.321566233161945547e+00,1.982354840548751440e+00,3.650062105118228933e-06,7.677663483125470121e-06
7.000198821274022976e+01,1.050029740632738111e+02,1.933388347019700433e-04,4.066782038715330977e-04,1.321598774617541494e+00,1.982400544420173105e+00,3.650130256976382142e-06,7.677883818043695213e-06
7.132358698735777125e+01,1.069853746076939842e+02,1.969889649589464254e-04,4.143560876895767929e-04,1.321631318284531176e+00,1.982446244881870712e+00,3.650221686299777142e-06,7.678057600776365572e-06
7.264521830564230243e+01,1.089678208525758549e+02,2.006391866452462026e-04,4.220341452903531585e-04,1.321663861703754606e+00,1.982491941565172056e+00,3.650301475596691480e-06,7.678184833418810317e-06
7.396688216734605703e+01,1.109503127941410270e+02,2.042894881208428940e-04,4.297123301237719688e-04,1.321688774708732694e+00,1.982530017132532407e+00,3.650381263749257529e-06,7.678405153898335608e-06
7.528857094205478973e+01,1.129328428112735594e+02,2.079398693845921516e-04,4.373907352776703044e-04,1.321721319205849454e+00,1.982583354418110844e+00,3.650461050979384369e-06,7.678578923486301458e-06
7.661029226126063918e+01,1.149154261656916702e+02,2.115903304355715359e-04,4.450693142011566059e-04,1.321746233233113799e+00,1.982621427565618433e+00,3.650540837509089502e-06,7.678752688396693876e-06
7.793203849449375298e+01,1.168980475932572887e+02,2.152408712730806254e-04,4.527480668895532997e-04,1.321778780652621776e+00,1.982667129297553288e+00,3.650643900951635419e-06,7.678879904646435453e-06
7.925381727514637475e+01,1.188807147225548420e+02,2.188915151740322609e-04,4.604269467941997352e-04,1.321811324980814106e+00,1.982720476348177385e+00,3.650700407272254111e-06,7.679100205873945397e-06
8.057562860012718886e+01,1.208634351989030193e+02,2.225422155813045150e-04,4.681060470000736806e-04,1.321836242475256995e+00,1.982758553470659990e+00,3.650803468921909106e-06,7.679273957639416465e-06
8.189746484260244586e+01,1.228461937523736793e+02,2.261930190502264241e-04,4.757853209577130971e-04,1.321876420904743554e+00,1.982804259076672793e+00,3.650883251369837004e-06,7.679401161150541458e-06
8.321934126350718941e+01,1.248289980114503521e+02,2.298439023015962611e-04,4.834647221188636385e-04,1.321893704489284005e+00,1.982849977588529100e+00,3.650939755399943082e-06,7.679621448160799894e-06
8.454123496799647342e+01,1.268118479890388812e+02,2.334948420569962042e-04,4.911443435670244384e-04,1.321933887987384537e+00,1.982895691768732149e+00,3.651066091215558447e-06,7.679795186559196588e-06
8.586316885598385795e+01,1.287947436808076134e+02,2.371459081482117626e-04,4.988241387535836350e-04,1.321958803770186819e+00,1.982933767989976559e+00,3.651122593400677688e-06,7.679922377775631574e-06
8.718512765975404477e+01,1.307776774487975899e+02,2.407970307416124403e-04,5.065040611313592666e-04,1.321991353263300084e+00,1.982979490811430878e+00,3.651202372380595203e-06,7.680142650346322847e-06
8.850711901301734486e+01,1.327606569396090208e+02,2.444482331139930355e-04,5.141842037817055894e-04,1.322016272035881457e+00,1.983025209024816604e+00,3.651282150215974694e-06,7.680316375377536746e-06
8.982913528505322631e+01,1.347436821486338374e+02,2.480995152642090102e-04,5.218645201570831262e-04,1.322048824728213390e+00,1.983086195490898263e+00,3.651385204421118101e-06,7.680490095953004977e-06
9.115118410978143970e+01,1.367267683441247357e+02,2.517509004686301283e-04,5.295450102530361311e-04,1.322081375927723457e+00,1.983116649718965618e+00,3.651464980241453644e-06,7.680663812072510699e-06
9.247326548570916316e+01,1.387098849938437013e+02,2.554023654488715819e-04,5.372256740651086418e-04,1.322106296323184438e+00,1.983162365538163385e+00,3.651544755361123534e-06,7.680790982797416205e-06
9.379537178203234760e+01,1.406930473593818647e+02,2.590539102042327055e-04,5.449064650479060580e-04,1.322138848600744154e+00,1.983208095737239773e+00,3.651624529336255399e-06,7.681011231301855015e-06
9.511751063063309175e+01,1.426762554551191045e+02,2.627055347335689609e-04,5.525874762792079131e-04,1.322171401445274341e+00,1.983253820867446393e+00,3.651704302610721611e-06,7.681184934054015312e-06
9.643968203207836609e+01,1.446595092759865508e+02,2.663572390361796825e-04,5.602686612132619284e-04,1.322203954856618680e+00,1.983299547380994454e+00,3.651784074740649800e-06,7.681358632350213100e-06
9.776188598693498477e+01,1.466428088233675453e+02,2.700090231109203323e-04,5.679500198456121415e-04,1.322228877352529253e+00,1.983345275277770270e+00,3.651863845947921940e-06,7.681532325968729036e-06
9.908411486428751402e+01,1.486261540986453156e+02,2.736608869568682542e-04,5.756315521715808705e-04,1.322253802668257094e+00,1.983375729862956405e+00,3.651966893151884028e-06,7.681659476645435330e-06
1.004063686669557711e+02,1.506095298285082720e+02,2.773128538500201383e-04,5.833132116482263058e-04,1.322293986901328822e+00,1.983436735011821384e+00,3.652023385731487017e-06,7.681879700861034971e-06
1.017286626538570999e+02,1.525929665635200934e+02,2.809648772357516253e-04,5.909950913490873408e-04,1.322318913356681946e+00,1.983482467058280463e+00,3.652126430698197923e-06,7.682053381333707985e-06
1.030509815672137819e+02,1.545764490305783738e+02,2.846170036664498232e-04,5.986771447304210488e-04,1.322351469552742742e+00,1.983528200488052562e+00,3.652206198266779152e-06,7.682227057128373886e-06
1.043733330367665246e+02,1.565599772310664264e+02,2.882692098647166024e-04,6.063593717875494227e-04,1.322376394694018131e+00,1.983558667142375498e+00,3.652285964690713937e-06,7.682400728910949647e-06
1.056957094314605428e+02,1.585435358982088019e+02,2.919214958294073163e-04,6.140417725164603723e-04,1.322408951968213842e+00,1.983619671379841520e+00,3.652365730191938463e-06,7.682574396015626715e-06
1.070181183834287566e+02,1.605271555695886434e+02,2.955738615595992548e-04,6.217243469124759990e-04,1.322441509809422655e+00,1.983650140566055597e+00,3.652445494992443125e-06,7.682748058664232854e-06
1.083405598932381793e+02,1.625108057101546990e+02,2.992263070545916979e-04,6.294070949711402319e-04,1.322466439063973098e+00,1.983711140154099439e+00,3.652548534750484164e-06,7.682875180207884673e-06
1.096630263323021524e+02,1.644945168503087984e+02,3.028788555893421820e-04,6.370899701513481166e-04,1.322498995462268567e+00,1.983741619430077208e+00,3.652605021296285222e-06,7.683095370950802222e-06
1.109855253277644209e+02,1.664782584697388756e+02,3.065314606106384673e-04,6.447730655222989188e-04,1.322531557561916316e+00,1.983802629668872441e+00,3.652708059260784818e-06,7.683269020231303995e-06
1.123080568853263372e+02,1.684620610994077481e+02,3.101841686698992521e-04,6.524563345425302228e-04,1.322556485887773192e+00,1.983833103918613006e+00,3.652787819978238308e-06,7.683442665055626418e-06
1.136306133712141104e+02,1.704458942033263611e+02,3.138369564898774904e-04,6.601397772075858492e-04,1.322589046513797939e+00,1.983878848178704857e+00,3.652867579772927330e-06,7.683616305423877912e-06
1.149532024177279084e+02,1.724297730515050660e+02,3.174898240696504177e-04,6.678233935130097271e-04,1.322621607706850000e+00,1.983924593821996041e+00,3.652947338866896487e-06,7.683789941114122293e-06
1.162758240254347584e+02,1.744136976453270620e+02,3.211427714085173142e-04,6.755071834541238494e-04,1.322646537594323490e+00,1.983985610061949956e+00,3.653027096815948151e-06,7.683963572791951274e-06
1.175984705630290819e+02,1.763976832553890119e+02,3.247957985053332624e-04,6.831911470269158007e-04,1.322679099865624153e+00,1.984016089374733838e+00,3.653106854064225740e-06,7.684137199791773142e-06
1.189211496628947060e+02,1.783816993447637458e+02,3.284489053593974881e-04,6.908752842267075738e-04,1.322711665501657308e+00,1.984061839166912478e+00,3.653209885589757053e-06,7.684310822335415660e-06
1.202438613283963633e+02,1.803657611839306583e+02,3.321021152449872452e-04,6.985595950490429895e-04,1.322736594183780312e+00,1.984107590342006233e+00,3.653266365263234221e-06,7.684484440422770408e-06
1.215665979225801436e+02,1.823498687742726645e+02,3.357553816102504794e-04,7.062440794894657599e-04,1.322769160959609280e+00,1.984153342900100370e+00,3.653369394773071065e-06,7.684658053832009623e-06
1.228893670835397529e+02,1.843340221171727649e+02,3.394087510050235504e-04,7.139287375432977695e-04,1.322801725504689330e+00,1.984199096841081200e+00,3.653449148159799986e-06,7.684831663228833439e-06
1.242121688090444422e+02,1.863182212140138461e+02,3.430622001531833504e-04,7.216135692065266029e-04,1.322826658577014314e+00,1.984229591003384030e+00,3.653528900401828254e-06,7.685051800083758829e-06
1.255349954676214566e+02,1.883024508050172301e+02,3.467157290535851787e-04,7.292986210066103618e-04,1.322859224200428230e+00,1.984290608846578152e+00,3.653608651942757187e-06,7.685178867852283935e-06
1.268578546918218848e+02,1.902867414138638082e+02,3.503693377055279359e-04,7.369837998744626457e-04,1.322884158295309476e+00,1.984336366936105378e+00,3.653688402338985466e-06,7.685352463658416677e-06
1.281807388501171943e+02,1.922710777807999136e+02,3.540230261078669213e-04,7.446691523381210624e-04,1.322931992256854983e+00,1.984382126408576141e+00,3.653791426638959821e-06,7.685526055008153230e-06
1.295036708423740492e+02,1.942554599072084898e+02,3.576768175345058812e-04,7.523546783931292156e-04,1.322941660201053082e+00,1.984412616877335722e+00,3.653847900499378621e-06,7.685699641679774249e-06
1.308266125025751023e+02,1.962398725240858255e+02,3.613306654350052598e-04,7.600403780348089899e-04,1.322981863234787170e+00,1.984473649384483451e+00,3.653950922783495876e-06,7.685873224338763028e-06
1.321495943658098895e+02,1.982243461734703089e+02,3.649846163577887556e-04,7.677262512591477529e-04,1.323006799492162600e+00,1.984519413005273236e+00,3.654030669317741807e-06,7.686046802319419433e-06
1.334726011653020521e+02,2.002088655864755822e+02,3.686386470271064975e-04,7.754122980614671723e-04,1.323047000702729292e+00,1.984549916671227265e+00,3.654110414929114849e-06,7.686266905476582360e-06
1.347956481660047814e+02,2.021934155031468094e+02,3.722927574420356123e-04,7.830985649669437547e-04,1.323056673512894577e+00,1.984595673514462533e+00,3.654190159839388555e-06,7.686393944553973796e-06
1.361187048395176760e+02,2.041780111766612720e+02,3.759469476018750009e-04,7.907849589114977285e-04,1.323112140383187807e+00,1.984656721606512519e+00,3.654269903826680953e-06,7.686614038082987752e-06
1.374418169799008638e+02,2.061626678982677845e+02,3.796012175057016818e-04,7.984715729495807162e-04,1.323121814160231224e+00,1.984687210175366090e+00,3.654349646669001646e-06,7.686741068962943402e-06
1.387649387940610950e+02,2.081473551084431506e+02,3.832555671523706835e-04,8.061583140185436596e-04,1.323162020898251967e+00,1.984748241913251832e+00,3.654452662512849576e-06,7.686868096237493148e-06
1.400881008149593470e+02,2.101321033503564024e+02,3.869100198148835330e-04,8.138451821147811528e-04,1.323186960340848373e+00,1.984778752182705830e+00,3.654532403782860279e-06,7.687088176261251161e-06
1.414112877753001953e+02,2.121168821025391082e+02,3.905645522186663933e-04,8.215322702910424039e-04,1.323227165071159561e+00,1.984824535201056506e+00,3.654612143464081118e-06,7.687308250533641911e-06
1.427345149403713549e+02,2.141017066377401648e+02,3.942191643621304744e-04,8.292195785415760459e-04,1.323236840731993880e+00,1.984870299787502290e+00,3.654691882666084597e-06,7.687435265018183889e-06
1.440577517811033488e+02,2.160865769375276670e+02,3.978738562447965590e-04,8.369070138065942297e-04,1.323292311456697234e+00,1.984916085755344284e+00,3.654771620944998346e-06,7.687655329662208825e-06
1.453810440925600460e+02,2.180714930232830113e+02,4.015286278657415574e-04,8.445946691362564386e-04,1.323301988084409686e+00,1.984961852922651815e+00,3.654851357856949996e-06,7.687782335949098177e-06
1.467043460806444557e+02,2.200564548762056631e+02,4.051834792235985074e-04,8.522824514722055367e-04,1.323342195083256456e+00,1.985007641839843018e+00,3.654931094511674680e-06,7.688002390964540460e-06
1.480276882757277122e+02,2.220414625180455062e+02,4.088384103181101820e-04,8.599704538631700772e-04,1.323367137649597680e+00,1.985053411587983874e+00,3.655010829577392661e-06,7.688129388831732580e-06
1.493510554133773098e+02,2.240265159296334900e+02,4.124934211476875747e-04,8.676585832520018098e-04,1.323407352848875007e+00,1.985099203454467442e+00,3.655137110873793362e-06,7.688349434440528395e-06
1.506744627662261848e+02,2.260116151330879575e+02,4.161485582585613681e-04,8.753469326864423382e-04,1.394940989106544293e+00,2.092313130399105603e+00,9.780540127627860647e-05,3.839141628907668038e-04
1.520694037553327291e+02,2.281039282634870631e+02,5.139539595348399745e-04,1.259261095577209142e-03,1.468823535788402523e+00,2.202990355387186128e+00,1.924744846870707392e-04,7.622040698696997026e-04
1.535382272911211317e+02,2.303069186188742492e+02,7.064284442219107138e-04,2.021465165446908845e-03,1.471804648815293604e+00,2.207290791156395926e+00,1.928625842681624134e-04,7.637405118177597804e-04
1.550100319399364253e+02,2.325142094100306451e+02,8.992910284900731271e-04,2.785205677264668625e-03,1.474773925243511030e+00,2.211620209500892997e+00,1.932531965943499585e-04,7.652870984217225066e-04
1.564848058651799363e+02,2.347258296195315381e+02,1.092544225084423086e-03,3.550492775686391132e-03,1.477746519251496693e+00,2.215962668533677515e+00,1.936454820671079050e-04,7.668406329293677402e-04
1.579625523844314330e+02,2.369417922880652156e+02,1.286189707151530991e-03,4.317333408615758872e-03,1.480753015897164460e+00,2.220318180450163936e+00,1.940394853383101397e-04,7.684008957288650243e-04
1.594433054003285974e+02,2.391621104685153796e+02,1.480229192489841130e-03,5.085734304344623896e-03,1.483778184703396619e+00,2.224687066508948874e+00,1.944352974971349634e-04,7.699689641076064642e-04
1.609270835850319941e+02,2.413867975350243285e+02,1.674664489986976094e-03,5.855703268452230360e-03,1.486791523960050654e+00,2.229084480462574902e+00,1.948331954534532773e-04,7.715436906092793673e-04
1.624138751089920447e+02,2.436158820154869034e+02,1.869497685440429371e-03,6.627246959061509728e-03,1.489838849298507739e+00,2.233480231307964914e+00,1.952328052557729138e-04,7.731268902657871533e-04
1.639037139582905525e+02,2.458493622467948683e+02,2.064730490696202285e-03,7.400373849327296881e-03,1.492889628723986561e+00,2.237904378911991898e+00,1.956342179206581669e-04,7.747155674523121746e-04
1.653966035870145390e+02,2.480872666257068602e+02,2.260364708616860452e-03,8.175089416779609056e-03,1.495974501690568559e+00,2.242358115132788043e+00,1.960376172693719353e-04,7.763141221307501283e-04
1.668925780887051076e+02,2.503296247408396482e+02,2.456402325886232387e-03,8.951403538910359184e-03,1.499047580242830691e+00,2.246794236012874535e+00,1.964428153935827460e-04,7.779180828668443015e-04
1.683916256689479383e+02,2.525764189768525227e+02,2.652845141279815133e-03,9.729321621777203485e-03,1.502154806757999950e+00,2.251275297483743998e+00,1.968499960282926384e-04,7.795311053564804582e-04
1.698937804757059382e+02,2.548276942743362667e+02,2.849695137308107772e-03,1.050885272713368394e-02,1.505265611918531476e+00,2.255770042378145490e+00,1.972591570222359016e-04,7.811509373154505026e-04
1.713990460876244697e+02,2.570834643167144122e+02,3.046954294330343673e-03,1.129000366444913445e-02,1.508380012997207587e+00,2.260278714453249904e+00,1.976702962160118392e-04,7.827782795005004679e-04
1.729074261006216773e+02,2.593437430311676621e+02,3.244624590546355512e-03,1.207278194394963491e-02,1.511543896729506287e+00,2.264770843940596023e+00,1.980830401938993637e-04,7.844145652712800759e-04
1.744189699973511836e+02,2.616085138751082582e+02,3.442707630740254876e-03,1.285719650922091499e-02,1.514680873042408393e+00,2.269353909023777760e+00,1.984981294277966823e-04,7.860568123751899422e-04
1.759336508703935920e+02,2.638778677841320359e+02,3.641205760168051558e-03,1.364325332159610493e-02,1.517867458595276275e+00,2.273889851035221454e+00,1.989151903403940831e-04,7.877086595105362715e-04
1.774515183289888682e+02,2.661517576351672574e+02,3.840120950508445642e-03,1.443096198110664120e-02,1.521057746045443082e+00,2.278471305247649070e+00,1.993342207434541276e-04,7.893693280216548119e-04
1.789725760750343113e+02,2.684302289404149064e+02,4.039455171251899769e-03,1.522033130912829602e-02,1.524251686302903863e+00,2.283066259265979170e+00,1.997548474876771618e-04,7.910343759537676045e-04
1.804968277613372152e+02,2.707132951996808856e+02,4.239210018739576931e-03,1.601136568508206362e-02,1.527480149523228192e+00,2.287707354320843933e+00,2.001781813039706093e-04,7.927096357066426568e-04
1.820243079108604434e+02,2.730010025540017295e+02,4.439388200043547540e-03,1.680407532078870628e-02,1.530712387464745916e+00,2.292301207149307629e+00,2.006034777777302922e-04,7.943935957713046947e-04
1.835550202983251893e+02,2.752933037611510372e+02,4.639991677821277832e-03,1.759846891656001097e-02,1.533948349601416794e+00,2.296972008111254127e+00,2.010303639607639165e-04,7.960862133332378965e-04
1.850889686479266061e+02,2.775902757692622913e+02,4.841022041782041749e-03,1.839455512989324887e-02,1.534474978652554000e+00,2.297684979308883158e+00,1.985755062865138948e-04,7.862655504091084491e-04
1.866234436265791601e+02,2.798879607485711745e+02,5.039597548068555644e-03,1.918082068030235732e-02,1.534244074098722876e+00,2.297089482832120666e+00,1.952449308444534001e-04,7.729443921088638425e-04
1.881576877006778830e+02,2.821850502314032951e+02,5.234842478913009044e-03,1.995376507241122116e-02,1.537463818429074536e+00,2.301532155715904082e+00,1.956466149475770758e-04,7.745294348425781072e-04
1.896951515191069575e+02,2.844865823871191992e+02,5.430489093860586119e-03,2.072829450725379927e-02,1.540596152027660537e+00,2.306152637649518056e+00,1.960554646461519501e-04,7.761511703662272998e-04
1.912357476711346180e+02,2.867927350247687173e+02,5.626544558506738070e-03,2.150444567762002657e-02,1.543777688900036082e+00,2.310690143301997068e+00,1.964636960439343147e-04,7.777672098526998423e-04
1.927795253600346541e+02,2.891034251680707143e+02,5.823008254550672384e-03,2.228221288747272641e-02,1.546993617434651469e+00,2.315272554846842468e+00,1.968739010832698186e-04,7.793892061059119747e-04
1.943265189774693056e+02,2.914186977229175568e+02,6.019882155633942203e-03,2.306160209357863838e-02,1.550228553562845946e+00,2.319870440202919326e+00,1.972857073902203537e-04,7.810229464972270885e-04
1.958767475310321515e+02,2.937385681631204761e+02,6.217167863024162557e-03,2.384262504007586547e-02,1.553467386025545238e+00,2.324481789383924024e+00,1.977002235381076015e-04,7.826611107619660390e-04
1.974302149170576968e+02,2.960630499525044002e+02,6.414868086562270158e-03,2.462528615083783151e-02,1.556725277145972086e+00,2.329107907658453769e+00,1.981163365523831016e-04,7.843080288663685506e-04
1.989869401942036689e+02,2.983921578601628539e+02,6.612984423114653260e-03,2.540959417970420006e-02,1.560002180952039907e+00,2.333748863559378606e+00,1.985336745506357040e-04,7.859636588619413333e-04
2.005469423751557088e+02,3.007259067237222325e+02,6.811518097665288964e-03,2.619555783856614140e-02,1.563298568553364021e+00,2.338435638258374638e+00,1.989544554988247407e-04,7.876265082825441299e-04
2.021102409437090728e+02,3.030643423619806072e+02,7.010472553164113704e-03,2.698318434684868553e-02,1.566583292415543838e+00,2.343106516421016750e+00,1.993764569115886662e-04,7.892994382140694487e-04
2.036768242361246166e+02,3.054074488784016239e+02,7.209849010075702370e-03,2.777248378506275497e-02,1.569918142733143895e+00,2.347822525100468738e+00,1.998011562966035826e-04,7.909766092935449633e-04
2.052467423788577605e+02,3.077552714035020927e+02,7.409650166372305953e-03,2.856346039435629994e-02,1.573256750277266747e+00,2.352554126800612266e+00,2.002270720375858362e-04,7.926637810824199715e-04
2.068199991291350273e+02,3.101078255303027049e+02,7.609877238409891789e-03,2.935612417543871991e-02,1.576599281678795705e+00,2.357269961369638622e+00,2.006549417753666562e-04,7.943609067003892799e-04
2.083965984108138230e+02,3.124650954916723435e+02,7.810532180185258445e-03,3.015048508213910919e-02,1.579976825109412175e+00,2.362032050386289939e+00,2.010862415154782493e-04,7.960650497616725274e-04
2.099765752359232351e+02,3.148271275420586335e+02,8.011618421700736695e-03,3.094655013190078172e-02,1.583358043694516937e+00,2.366841434285220203e+00,2.015180119844285633e-04,7.977790595407076302e-04
2.115599332796177521e+02,3.171939689763438537e+02,8.213136433685165258e-03,3.174432919144148935e-02,1.586758958807422459e+00,2.371601969137088872e+00,2.019532073954180551e-04,7.994971193007877064e-04
2.131466922384251745e+02,3.195655709454809426e+02,8.415089641080583313e-03,3.254382631074227705e-02,1.590179138174590889e+00,2.376442328697976336e+00,2.023896083151871528e-04,8.012278477981180091e-04
2.147368713765997654e+02,3.219420132741789189e+02,8.617479249395770466e-03,3.334505415854039506e-02,1.593619083303622119e+00,2.381297879225144243e+00,2.028294286353128639e-04,8.029654281540565819e-04
2.163304904599033875e+02,3.243233111534040631e+02,8.820308678031083330e-03,3.414801958669445164e-02,1.597062799580811543e+00,2.386106415309143358e+00,2.032697114349637374e-04,8.047127001311674133e-04
2.179275532594841991e+02,3.267094175687132065e+02,9.023578389466047067e-03,3.495273228682561906e-02,1.600541898812764430e+00,2.391024945771960120e+00,2.037141467204142686e-04,8.064667407493633644e-04
2.195280951582969635e+02,3.291004425144851666e+02,9.227292536186461336e-03,3.575919902757498242e-02,1.604009421295558013e+00,2.395897489922617751e+00,2.041590400887124956e-04,8.082332582205892235e-04
2.211321045795925215e+02,3.314963400044077844e+02,9.431451576275173831e-03,3.656743228579557164e-02,1.621219985937074171e+00,2.419753780550990996e+00,2.164625839623339487e-04,8.573320363270131583e-04
2.227533245655295957e+02,3.339160937849587754e+02,9.647914160237507780e-03,3.742476432212258480e-02,1.654601106172350455e+00,2.467022144378006487e+00,2.428487809834501548e-04,9.626617936102574435e-04
2.244079256717019462e+02,3.363831159293367818e+02,9.890762941220957935e-03,3.838742611573284225e-02,1.656074549400983642e+00,2.474326318687019466e+00,2.435126146884090959e-04,9.654034673649281029e-04
2.260640002211029298e+02,3.388574422480238013e+02,1.013427555590936703e-02,3.935282958309777035e-02,1.662169106549555408e+00,2.479687181527481243e+00,2.441427677323856210e-04,9.678586553538912063e-04
2.277261693276524852e+02,3.413371294295512826e+02,1.037841832364175265e-02,4.032068823845166156e-02,1.666594461790822379e+00,2.485839377835475261e+00,2.447945604083200111e-04,9.704459439228915740e-04
2.293927637894433076e+02,3.438229688073867578e+02,1.062321288405007266e-02,4.129113418237455313e-02,1.671026713552862475e+00,2.492016075927551810e+00,2.454517559628693890e-04,9.730476535824844619e-04
2.310637905029961701e+02,3.463149848833143096e+02,1.086866464001294205e-02,4.226418183595703759e-02,1.675511515169745280e+00,2.498186501400084580e+00,2.461114002758613140e-04,9.756665466315594948e-04
2.327393020181659153e+02,3.488131713847143942e+02,1.111477604028880337e-02,4.323984838258859709e-02,1.680018758955071689e+00,2.504478130533072999e+00,2.467764359562005932e-04,9.783025199045017328e-04
2.344193207771209870e+02,3.513176495152474672e+02,1.136155247624500396e-02,4.421815090249309882e-02,1.684532727284022258e+00,2.510699102821945417e+00,2.474453832030792944e-04,9.809526214762526175e-04
2.361038535044050093e+02,3.538283486180694126e+02,1.160899785944808325e-02,4.519910352396935144e-02,1.689099777304448935e+00,2.517009768939601599e+00,2.481182365615258734e-04,9.836196046424244832e-04
2.377929532817094582e+02,3.563453583870090142e+02,1.185711609600960913e-02,4.618272312861177592e-02,1.693689105643755966e+00,2.523346579943222423e+00,2.487949905525272537e-04,9.863033655681946454e-04
2.394866423873532142e+02,3.588687049669522366e+02,1.210591108656213638e-02,4.716902649417997057e-02,1.698301116544854494e+00,2.529710639495363012e+00,2.494771114927903793e-04,9.890066402963443304e-04
2.411849435038980687e+02,3.613984156064475997e+02,1.235538819805492676e-02,4.815803313447631490e-02,1.702950971182815465e+00,2.536133124194179800e+00,2.501631209327719041e-04,9.917264759722044243e-04
2.428878944750808841e+02,3.639345487306417795e+02,1.260555131898769866e-02,4.914975961044851932e-02,1.707607651323172604e+00,2.542549192976821359e+00,2.508522777765944539e-04,9.944599335597117951e-04
2.445955021264040568e+02,3.664770979236186008e+02,1.285640359676429312e-02,5.014421954400823112e-02,1.712318104003088592e+00,2.548993886932635178e+00,2.515467832517621211e-04,9.972154145227105082e-04
2.463078202304071453e+02,3.690260918105512360e+02,1.310795038001605524e-02,5.114143495853094162e-02,1.717035675825030694e+00,2.555526588464203996e+00,2.522451599325098437e-04,9.999786471295221690e-04
2.480248559062321760e+02,3.715816183990154400e+02,1.336019553994856508e-02,5.214141360566046379e-02,1.721822996497905933e+00,2.562029084813673308e+00,2.529503421257288387e-04,1.002777819977603013e-03
2.497466789027300820e+02,3.741436474838291133e+02,1.361314588207429392e-02,5.314419142563806681e-02,1.726585905579014479e+00,2.568617961528218530e+00,2.536564428107929148e-04,1.005578870387033308e-03
2.514732648083090965e+02,3.767122654453573318e+02,1.386680232488508684e-02,5.414977029602510011e-02,1.731434547200592533e+00,2.575237192522649821e+00,2.543708053955977266e-04,1.008404311808479281e-03
2.532046993555096890e+02,3.792875026378799816e+02,1.412117313028068456e-02,5.515817460783357939e-02,1.736274352111792041e+00,2.581850647660644427e+00,2.550860754443658868e-04,1.011242734314257707e-03
2.549409737076214810e+02,3.818693532855406261e+02,1.437625920572505045e-02,5.616941734214783710e-02,1.741153629867540076e+00,2.588528966775925255e+00,2.558095925726117104e-04,1.014110930643748187e-03
2.566821273374890211e+02,3.844578822523165513e+02,1.463206879829766216e-02,5.718352827279158529e-02,1.746070984658899761e+00,2.595231965243385730e+00,2.565354741227328372e-04,1.016986243286631397e-03
2.584281983221479209e+02,3.870531142175599371e+02,1.488860427242039500e-02,5.820051451607821669e-02,1.751042721226895083e+00,2.602000290119178771e+00,2.572666512363746411e-04,1.019891070751427486e-03
2.601792410433748159e+02,3.896551145076791158e+02,1.514587092365676964e-02,5.922040558682964417e-02,1.755975973851434446e+00,2.608761259372272434e+00,2.580031165786613595e-04,1.022802800712908911e-03
2.619352170172262504e+02,3.922638757670513883e+02,1.540387404023543100e-02,6.024320838754255308e-02,1.761025342480650124e+00,2.615587920924724585e+00,2.587433958196119765e-04,1.025743785316085566e-03
2.636962423597069005e+02,3.948794636879761129e+02,1.566261743605504297e-02,6.126895217285863865e-02,1.766052229640592941e+00,2.622443998172002466e+00,2.594904162323066754e-04,1.028702658535753101e-03
2.654622945893474935e+02,3.975019076861481153e+02,1.592210785228734965e-02,6.229765483139439175e-02,1.771148541426896372e+00,2.629362071082766761e+00,2.602397702643616251e-04,1.031679301002508264e-03
2.672334431307743898e+02,4.001312697572308821e+02,1.618234762255171127e-02,6.332933413239690001e-02,1.776253886557128681e+00,2.636244949136653304e+00,2.609973167560473983e-04,1.034673593079168952e-03
2.690096970173315185e+02,4.027675147063675354e+02,1.644334493930775867e-02,6.436400772547606897e-02,1.781397801392472502e+00,2.643257198932133178e+00,2.617571834159816702e-04,1.037690997971463247e-03
2.707910948187239910e+02,4.054107719052996686e+02,1.670510212272374034e-02,6.540169872344753221e-02,1.786581528505735150e+00,2.650269184749618034e+00,2.625237609094055458e-04,1.040731372275879862e-03
2.725776763472297262e+02,4.080610410900492866e+02,1.696762588363314589e-02,6.644243009572341208e-02,1.791804766173356711e+00,2.657309233412775029e+00,2.632955754607278764e-04,1.043783429234695914e-03
2.743694811134030829e+02,4.107183503234620616e+02,1.723092145909387377e-02,6.748621352495810799e-02,1.797036149708446828e+00,2.664386043885656363e+00,2.640711551810739910e-04,1.046869333963793003e-03
2.761665172631115297e+02,4.133827363673477180e+02,1.749499261427494776e-02,6.853308285892190099e-02,1.802339040419610683e+00,2.671556485093503852e+00,2.648548856256788264e-04,1.049966656067644055e-03
2.779688563035311404e+02,4.160542928524412218e+02,1.775984749990062658e-02,6.958304951498954505e-02,1.807649830493915033e+00,2.678694549485726384e+00,2.656409020155327261e-04,1.053086405388384272e-03
2.797765061340250554e+02,4.187329874019269482e+02,1.802548840191615931e-02,7.063613592037792932e-02,1.813000843238000925e+00,2.685898255400104517e+00,2.664335890572126775e-04,1.056228436781631030e-03
2.815895069772630563e+02,4.214188856573270527e+02,1.829192199097337199e-02,7.169236435715956035e-02,1.863893219532997136e+00,2.754215061787022023e+00,2.981528102383446122e-04,1.182749457349432931e-03
2.834534001967960535e+02,4.241731007191140748e+02,1.859007480121171660e-02,7.287511381450899328e-02,1.934707394995029972e+00,2.854621453416427812e+00,3.447666287066178392e-04,1.368794096090586443e-03
2.853881075917910835e+02,4.270277221725305026e+02,1.893484142991833444e-02,7.424390791059957972e-02,1.937260759285379663e+00,2.867194682269030181e+00,3.462103217500948904e-04,1.374742892599867261e-03
2.873253683510764631e+02,4.298949168547995328e+02,1.928105175166842933e-02,7.561865080319944699e-02,1.948506884659252592e+00,2.875895411602073182e+00,3.475531162743343561e-04,1.379996845279202189e-03
2.892738752357357157e+02,4.327708122664016059e+02,1.962860486794276368e-02,7.699864764847864917e-02,1.956397307903841920e+00,2.886321007640674452e+00,3.489660409822445408e-04,1.385601223898580425e-03
2.912302725436395576e+02,4.356571332740422804e+02,1.997757090892500823e-02,7.838424887237722960e-02,1.964336736416782969e+00,2.896781479058120112e+00,3.503920461117721041e-04,1.391262251533575967e-03
2.931946092800563406e+02,4.385539147531004005e+02,2.032796295503678033e-02,7.977551112391080557e-02,1.972326197652648716e+00,2.907380491393269040e+00,3.518340254583633697e-04,1.396990441072859523e-03
2.951669354777089893e+02,4.414612952444936695e+02,2.067979698049514370e-02,8.117250156498366509e-02,1.980426941104610705e+00,2.918008438502340596e+00,3.532875719826876482e-04,1.402757810230068070e-03
2.971473624188136000e+02,4.443793036829960101e+02,2.103308455247783135e-02,8.257525937521373316e-02,1.988608912539916673e+00,2.928778209263214194e+00,3.547555791188691798e-04,1.408596851226143198e-03
2.991359713313535167e+02,4.473080818922592243e+02,2.138784013159670053e-02,8.398385622643987636e-02,1.996841600928746630e+00,2.939613004539410213e+00,3.562394768895395247e-04,1.414479624380793332e-03
3.011328129322822633e+02,4.502476948967986345e+02,2.174407960848624005e-02,8.539833585082066969e-02,2.005155542228578724e+00,2.950519937827152717e+00,3.577363198861462090e-04,1.420422100290336109e-03
3.031379684745108420e+02,4.531982148346257873e+02,2.210181592837238626e-02,8.681875795111100580e-02,2.013582607245439249e+00,2.961534883437366261e+00,3.592475387790942942e-04,1.426429217331062760e-03
3.051515510817562813e+02,4.561597497180631535e+02,2.246106346715148055e-02,8.824518716844206856e-02,2.022061531411054602e+00,2.972656125642856750e+00,3.607760179297862801e-04,1.432494974425033152e-03
3.071736126131673359e+02,4.591324058437060103e+02,2.282183948508126684e-02,8.967768214286710171e-02,2.030622882698366993e+00,2.983815305770804116e+00,3.623188123586564002e-04,1.438613407472713601e-03
3.092042354958657029e+02,4.621162211494768144e+02,2.318415829743992324e-02,9.111629555033981531e-02,2.039297702559110803e+00,2.995155197568408312e+00,3.638744375793132035e-04,1.444805757289238657e-03
3.112435331984248137e+02,4.651113763470452227e+02,2.354803273501923644e-02,9.256110130762905397e-02,2.048057253078241047e+00,3.006500571322533233e+00,3.654501409931475153e-04,1.451049700247980523e-03
3.132915904515030547e+02,4.681178769183677559e+02,2.391348287601238395e-02,9.401215100787703449e-02,2.056868329642384197e+00,3.018023206697876049e+00,3.670386127621015626e-04,1.457355574559393574e-03
3.153484587811454389e+02,4.711359001250656320e+02,2.428052148877448552e-02,9.546950658243642807e-02,2.065795020505561297e+00,3.029599470693085550e+00,3.686441868394306487e-04,1.463744457107743480e-03
3.174142538016510002e+02,4.741654995957587175e+02,2.464916567561391617e-02,9.693325103954417155e-02,2.074806817844432771e+00,3.041277962287722403e+00,3.702682823278069524e-04,1.470172441231640259e-03
3.194890606194954330e+02,4.772067775580464399e+02,2.501943395794172312e-02,9.840342348077581180e-02,2.083933479364702634e+00,3.053046729447089547e+00,3.719050515948972568e-04,1.476687632278997353e-03
3.215729940988601356e+02,4.802598242874935295e+02,2.539133900953662037e-02,9.988011111305480916e-02,2.093083677668460041e+00,3.064964072695488539e+00,3.735617275100883150e-04,1.483267757885015081e-03
3.236660777765285957e+02,4.833247883601890180e+02,2.576490073704670869e-02,1.013633788709398242e-01,2.102413738857421777e+00,3.076963435593711438e+00,3.752368191199222103e-04,1.489912214260841195e-03
3.257684915153860175e+02,4.864017517957827295e+02,2.614013755616663090e-02,1.028532910852006654e-01,2.111797859480077477e+00,3.089078909091881542e+00,3.769273867826675173e-04,1.496620395240927381e-03
3.278802893748660949e+02,4.894908307048746110e+02,2.651706494294929842e-02,1.043499114804415928e-01,2.121299876763771408e+00,3.101253116821055755e+00,3.786362983583119179e-04,1.503413139390896713e-03
3.300015892516298663e+02,4.925920838216956668e+02,2.689570124130761034e-02,1.058533246198324895e-01,2.509790978661442296e+00,3.638053005118536021e+00,6.100755447711256330e-04,2.427126554600561592e-03
3.325113802302913086e+02,4.962301368268142028e+02,2.750577678607873597e-02,1.082804511744330511e-01,2.577512846537047153e+00,3.724224301286540140e+00,6.420229827056068983e-04,2.554391610906231458e-03
3.350888930768283558e+02,4.999543611281007429e+02,2.814779976878434287e-02,1.108348427853392826e-01,2.595657437774718801e+00,3.754745379446887910e+00,6.478251129639067685e-04,2.577672940672681712e-03
3.376845505146030746e+02,5.037091065075476308e+02,2.879562488174824963e-02,1.134125157260119643e-01,2.620159040812495732e+00,3.782085441556318983e+00,6.534623377265104394e-04,2.600067886204010525e-03
3.403047095554155703e+02,5.074911919491039498e+02,2.944908721947476007e-02,1.160125836122159748e-01,2.643489516234240000e+00,3.811019228042255236e+00,6.593166987925377920e-04,2.623361816847594175e-03
3.429481990716498103e+02,5.113022111771462050e+02,3.010840391826729787e-02,1.186359454290635690e-01,2.667190727665570193e+00,3.840524700403307179e+00,6.652979213740452258e-04,2.647152079016265591e-03
3.456153897993153805e+02,5.151427358775495122e+02,3.077370183964134309e-02,1.212830975080798346e-01,2.691455827440279336e+00,3.870692991224473190e+00,6.714113226721218908e-04,2.671472869867144717e-03
3.483068456267556599e+02,5.190134288687739854e+02,3.144511316231346498e-02,1.239545703779469793e-01,2.716258195900877581e+00,3.901336283198247656e+00,6.776621932803733594e-04,2.696347242889265972e-03
3.510231038226565374e+02,5.229147651519722331e+02,3.212277535559383834e-02,1.266509176208362453e-01,7.446945397671242972e-01,1.069775857200511382e+00,1.859491930681009264e-04,7.399025932687264273e-04
