Sigma_1,Sigma_2,Epsilon_1,Epsilon_2,dSigma_1,dSigma_2,dEpsilon_1,dEpsilon_2
-0.000000000000000000e+00,-0.000000000000000000e+00,0.000000000000000000e+00,0.000000000000000000e+00,1.979996523515668239e+00,9.900054605816481779e-01,8.108547494122079550e-06,2.074316248096578541e-06
1.979996523515668239e+00,9.900054605816481779e-01,8.108547494122079550e-06,2.074316248096578541e-06,1.980084186974016669e+00,9.900348402624097321e-01,8.108925572551540842e-06,2.074339593975062120e-06
3.960080710489684908e+00,1.980040300844057910e+00,1.621747306667362039e-05,4.148655842071640662e-06,1.980100563247217504e+00,9.900504514965136060e-01,8.108984961704209394e-06,2.074391679197797424e-06
5.940181273736902412e+00,2.970090752340571516e+00,2.432645802837782979e-05,6.223047521269438086e-06,1.980141498218812579e+00,9.900706525108557976e-01,8.109147664214731428e-06,2.074433214391737902e-06
7.920322771955714991e+00,3.960161404851427314e+00,3.243560569259256121e-05,8.297480735661175988e-06,1.980181242273421738e+00,9.900904961243419677e-01,8.109314727675900284e-06,2.074476204361472024e-06
9.900504014229136729e+00,4.950251900975769281e+00,4.054492042026846150e-05,1.037195694002264801e-05,1.980221941226680826e+00,9.901110552237639695e-01,8.109481786539536933e-06,2.074518466645659405e-06
1.188072595545581756e+01,5.940362956199533251e+00,4.865440220680799843e-05,1.244647540666830742e-05,1.980261687612248522e+00,9.901308992799267017e-01,8.109645930632209928e-06,2.074560000584214892e-06
1.386098764306806608e+01,6.930493855479459953e+00,5.676404813744020836e-05,1.452103540725252231e-05,1.980302388848492967e+00,9.901512204082294488e-01,8.109807160048292292e-06,2.074602262327522608e-06
1.584129003191655904e+01,7.920645075887689401e+00,6.487385529748850065e-05,1.659563766958004492e-05,1.980344045098851424e+00,9.901715417629617377e-01,8.109974205260922346e-06,2.074644523576837322e-06
1.782163407701541047e+01,8.910816617650651139e+00,7.298382950274942299e-05,1.867028219315688224e-05,1.980382841318462539e+00,9.901913864970826040e-01,8.110141245653968811e-06,2.074686784554185002e-06
1.980201691833387301e+01,9.901008004147733743e+00,8.109397074840339181e-05,2.074496897771106724e-05,1.980422592452050878e+00,9.902117083185615343e-01,8.110308281893518069e-06,2.074730500506704331e-06
2.178243951078592389e+01,1.089121971246629528e+01,8.920427903029690987e-05,2.281969947821777157e-05,1.980464252159347183e+00,9.902320303189373618e-01,8.110469492980613830e-06,2.074769850667898741e-06
2.376290376294527107e+01,1.188145174278523264e+01,9.731474852327752370e-05,2.489446932888567031e-05,1.980504005656317901e+00,9.902523526307618340e-01,8.110636519897420314e-06,2.074816476336627908e-06
2.574340776860158897e+01,1.287170409541599447e+01,1.054253850431749440e-04,2.696928580522229822e-05,1.980543760330981229e+00,9.902726750811474687e-01,8.110803542216667487e-06,2.074855825959905575e-06
2.772395152893257020e+01,1.386197677049714194e+01,1.135361885853916115e-04,2.904414163118220380e-05,1.980585423763994157e+00,9.902920440885747411e-01,8.110970560160372846e-06,2.074898085577392680e-06
2.970453695269656436e+01,1.485226881458571668e+01,1.216471591455519844e-04,3.111903971675959648e-05,1.980625180456137002e+00,9.903123670224864838e-01,8.111125932996375641e-06,2.074940345144931947e-06
3.168516213315270136e+01,1.584258118160820317e+01,1.297582850785483600e-04,3.319398006190452842e-05,1.980664938648594386e+00,9.903336438908034722e-01,8.111292941711704474e-06,2.074982603996413278e-06
3.366582707180129574e+01,1.683291482549900664e+01,1.378695780202600645e-04,3.526896266590094170e-05,1.980706606060564923e+00,9.903520598617348014e-01,8.111471585928799492e-06,2.075024863019964269e-06
3.564653367786186067e+01,1.782326688536074144e+01,1.459810496061888640e-04,3.734398752892090597e-05,1.980746366247288393e+00,9.903733371829765986e-01,8.111626945255277299e-06,2.075067121549484988e-06
3.762728004410914906e+01,1.881364022254371804e+01,1.540926765514441413e-04,3.941905465047039096e-05,1.980786128003366287e+00,9.903927073664817726e-01,8.111793940177860433e-06,2.075112290246914498e-06
3.960806617211251535e+01,1.980403292991019981e+01,1.622044704916220017e-04,4.149416694071730546e-05,1.980825890452955207e+00,9.904139850898694419e-01,8.111949291130882232e-06,2.075151637786477562e-06
4.158889206256547055e+01,2.079444691500006925e+01,1.703164197827528839e-04,4.356931857850378302e-05,1.980869470402858212e+00,9.904333556647237913e-01,8.112127916324728561e-06,2.075193895722011344e-06
4.356976153296832877e+01,2.178488027066479304e+01,1.784285476990776125e-04,4.564451247422579436e-05,1.980905420344399204e+00,9.904546338997661792e-01,8.112294897676515732e-06,2.075236152941463473e-06
4.555066695331272797e+01,2.277533490456455922e+01,1.865408425967541282e-04,4.771974862716725783e-05,1.980949001696984624e+00,9.904740049927731604e-01,8.112450234675963991e-06,2.075281320748715566e-06
4.753161595500971259e+01,2.376580890955733238e+01,1.946532928314300922e-04,4.979502994791597340e-05,1.980988769932274352e+00,9.904933760988541280e-01,8.112628846237702725e-06,2.075317757036689438e-06
4.951260472494198694e+01,2.475630228565618651e+01,2.027659216776677949e-04,5.187034770495266284e-05,1.981028537616410290e+00,9.905146551593908555e-01,8.112772535330878667e-06,2.075365834037464277e-06
5.149363326255839723e+01,2.574681694081557737e+01,2.108786942129986736e-04,5.394571353899012712e-05,1.981068308828625391e+00,9.905359341584407673e-01,8.112962776280879243e-06,2.075402270249604984e-06
5.347470157138702263e+01,2.673735287497401814e+01,2.189916569892795528e-04,5.602111580923973210e-05,1.981111894338837942e+00,9.905533987764876258e-01,8.113106456778500361e-06,2.075450346682149465e-06
5.545581346572586057e+01,2.772790627375050576e+01,2.271047634460580532e-04,5.809656615592188156e-05,1.981147851128483239e+00,9.905746783801632205e-01,8.113273410700297828e-06,2.075492602479379065e-06
5.743696131685434381e+01,2.871848095213066898e+01,2.352180368567583510e-04,6.017205875840126063e-05,1.981191440253518010e+00,9.905959580433751910e-01,8.113440359802464273e-06,2.075529037689608544e-06
5.941815275710786182e+01,2.970907691017404417e+01,2.433314772165608153e-04,6.224758779609086917e-05,1.981231216421058150e+00,9.906153308077421116e-01,8.113630582050465265e-06,2.075577113269780382e-06
6.139938397352891997e+01,3.069969224098178628e+01,2.514451077986112806e-04,6.432316490936064955e-05,1.981270990954143940e+00,9.906366111008289010e-01,8.113774244691059762e-06,2.075619368472887520e-06
6.338065496448306391e+01,3.169032885208261519e+01,2.595588820433023403e-04,6.639878427783353707e-05,1.981310768047158888e+00,9.906540764776607944e-01,8.113941180000277219e-06,2.075655802903202942e-06
6.536196573253022279e+01,3.268098292856027598e+01,2.676728232233026175e-04,6.847444008073674002e-05,1.981354362066639396e+00,9.906772648874309084e-01,8.114108111155861943e-06,2.075703877630954704e-06
6.734332009459686219e+01,3.367166019344770689e+01,2.757869313344584795e-04,7.055014395836769472e-05,1.981386510015269664e+00,9.906966383827722211e-01,8.114275037491788540e-06,2.075746131795856947e-06
6.932470660461213185e+01,3.466235683183047911e+01,2.839012063719502680e-04,7.262589009016355167e-05,1.981433922200153575e+00,9.907160118911946256e-01,8.114441959230101614e-06,2.075782565668241931e-06
7.130614052681228543e+01,3.565307284372167373e+01,2.920156483311803696e-04,7.470167265583179360e-05,1.981473702358087507e+00,9.907353860294065839e-01,8.114585600204433577e-06,2.075830639321522234e-06
7.328761422917037294e+01,3.664380822975108032e+01,3.001302339313848032e-04,7.677750329515331583e-05,1.981513487057682710e+00,9.907585751845644495e-01,8.114775789102538373e-06,2.075872892892227477e-06
7.526912771622805565e+01,3.763456680493564477e+01,3.082450097204873416e-04,7.885337618804554331e-05,1.981553271275004136e+00,9.907741345720850745e-01,8.114942697047848250e-06,2.075915146190852184e-06
7.725068098750305978e+01,3.862534093950772984e+01,3.163599524175351898e-04,8.092929133423639549e-05,1.981593054825694367e+00,9.907973239536786991e-01,8.115086324795781070e-06,2.075951578579181235e-06
7.923227404232875415e+01,3.961613826346140854e+01,3.244750387423309709e-04,8.300524291281557673e-05,1.981632843194390148e+00,9.908166990131377361e-01,8.115276499334224403e-06,2.075999651317828585e-06
8.121390688552314430e+01,4.060695496247454628e+01,3.325903152416651953e-04,8.508124256413340531e-05,1.981680261000704490e+00,9.908398890981615637e-01,8.115420118264666215e-06,2.076041903800171029e-06
8.319558714652384879e+01,4.159779485157270784e+01,3.407057353599298615e-04,8.715728446793357634e-05,1.981712419883351117e+00,9.908554493522032658e-01,8.115610283229929625e-06,2.076084155788388333e-06
8.517729956640719990e+01,4.258865030092491111e+01,3.488213456431597912e-04,8.923336862372196468e-05,1.981752207957299561e+00,9.908786396406270569e-01,8.115753893342717799e-06,2.076120587358700397e-06
8.715905177436449947e+01,4.357952894056553816e+01,3.569370995365025090e-04,9.130948921108066507e-05,1.981799631323497124e+00,9.908980156213829105e-01,8.115920774079703106e-06,2.076168658960602428e-06
8.914085140568799659e+01,4.457042695618692107e+01,3.650530203105822121e-04,9.338565787004126750e-05,1.981831793689082133e+00,9.909173915749036610e-01,8.116110924685142423e-06,2.076210910354527863e-06
9.112268319937707872e+01,4.556134434776182474e+01,3.731691312352673545e-04,9.546186878039579536e-05,1.981879217458711651e+00,9.909405828183679432e-01,8.116254521571585664e-06,2.076253161254301054e-06
9.310456241683579037e+01,4.655228493058019268e+01,3.812853857568389401e-04,9.753812194165009642e-05,1.981919012299357519e+00,9.909599589522457563e-01,8.116421388515405143e-06,2.076289591562479817e-06
9.508648142913514789e+01,4.754324488953243844e+01,3.894018071453543453e-04,9.961441153321257624e-05,1.981958806058472078e+00,9.909793358543410591e-01,8.116564977183975387e-06,2.076337662249586264e-06
9.706844023519361997e+01,4.853422422538677949e+01,3.975183721225383207e-04,1.016907491954621625e-04,1.981998605464681873e+00,9.909987127061512524e-01,8.116755108798908921e-06,2.076379912555013376e-06
9.905043884065830184e+01,4.952522293809293075e+01,4.056351272313372296e-04,1.037671291080171759e-04,1.982038403835403528e+00,9.910180897785565435e-01,8.116921961949562572e-06,2.076422162144284296e-06
1.010324772444937054e+02,5.051624102787148729e+01,4.137520491932867922e-04,1.058435512701614602e-04,1.982078203382698689e+00,9.910412821805536510e-01,8.117088810502494280e-06,2.076464411905428365e-06
1.030145554478764041e+02,5.150728231005204094e+01,4.218691380037892865e-04,1.079200156820668885e-04,1.982118004106652620e+00,9.910568445931815518e-01,8.117255654679748651e-06,2.076506661172433741e-06
1.049966734519830567e+02,5.249833915464522249e+01,4.299863936584690351e-04,1.099965223432393223e-04,1.982157806007094791e+00,9.910800374522708012e-01,8.117422493815300288e-06,2.076548910167277267e-06
1.069788312579901515e+02,5.348941919209749329e+01,4.381038161522843354e-04,1.120730712534065995e-04,1.982197609084110468e+00,9.910994154230365893e-01,8.117589328575066168e-06,2.076591159112003548e-06
1.089610288670742619e+02,5.448051860752052988e+01,4.462214054808594016e-04,1.141496624125186031e-04,1.982245046198528371e+00,9.911226087550630837e-01,8.117756158737055895e-06,2.076633407340532978e-06
1.109432739132727903e+02,5.547164121627559297e+01,4.543391616395964575e-04,1.162262958198591361e-04,1.982277218829594290e+00,9.911419871829494355e-01,8.117922984301377889e-06,2.076675655740935558e-06
1.129255511321023846e+02,5.646278320345854240e+01,4.624570846238978353e-04,1.183029714756000716e-04,1.982324653075011156e+00,9.911575506749841225e-01,8.118043261091262026e-06,2.076717903647158788e-06
1.149078757851773958e+02,5.745394075413352653e+01,4.705751278849890974e-04,1.203796893792472304e-04,1.982356833188745782e+00,9.911807446927056731e-01,8.118256622236474061e-06,2.076760151281220167e-06
1.168902326183661415e+02,5.844512149882623220e+01,4.786933845072255714e-04,1.224564495305284506e-04,1.982404275256641313e+00,9.912039389548255031e-01,8.118423433785531412e-06,2.076802398865150749e-06
1.188726368936227828e+02,5.943632543778105770e+01,4.868118079410111028e-04,1.245332519293936013e-04,1.982444085516149812e+00,9.912195031008863566e-01,8.118590240958803005e-06,2.076844645732803165e-06
1.208550809791389327e+02,6.042754494088194406e+01,4.949303981819699058e-04,1.266100965751264045e-04,1.982476258005206660e+00,9.912426978201480665e-01,8.118710500869068779e-06,2.076886892772382941e-06
1.228375572371441393e+02,6.141878763870209212e+01,5.030491086828389746e-04,1.286869834678987874e-04,1.982523709410102697e+00,9.912620775877627466e-01,8.118923841889807980e-06,2.076929139317729156e-06
1.248200809465542420e+02,6.241004971628985487e+01,5.111680325247287826e-04,1.307639126072165166e-04,1.982563523198578537e+00,9.912814575760222624e-01,8.119090635269805324e-06,2.076971385590886416e-06
1.268026444697528206e+02,6.340133117386587713e+01,5.192871231599985879e-04,1.328408839928074030e-04,1.982603332172558908e+00,9.913046529968809750e-01,8.119210882520330221e-06,2.077013631813899325e-06
1.287852478019253795e+02,6.439263582686275811e+01,5.274063340425189182e-04,1.349178976246213023e-04,1.982650787692392669e+00,9.913202182224267744e-01,8.119424208836143776e-06,2.077055877320634070e-06
1.307678985896177721e+02,6.538395604508518488e+01,5.355257582513550619e-04,1.369949535019419364e-04,1.982682965416188381e+00,9.913472293282694636e-01,8.119544447424977517e-06,2.077098122999214858e-06
1.327505815550339605e+02,6.637530327441345435e+01,5.436453026987800394e-04,1.390720516249411513e-04,1.982730423596507308e+00,9.913589805434668278e-01,8.119757763567396827e-06,2.077152008117099519e-06
1.347333119786304678e+02,6.736666225495692117e+01,5.517650604623474363e-04,1.411492036330582508e-04,1.982762603364506049e+00,9.913859913498441756e-01,8.119877993938411781e-06,2.077182613071596861e-06
1.367160745819949739e+02,6.835804824630676535e+01,5.598849384562858481e-04,1.432263862461298476e-04,1.982810064205239087e+00,9.913977421906992049e-01,8.120091300129589872e-06,2.077224857933529468e-06
1.386988846462002130e+02,6.934944598849746455e+01,5.680050297564154379e-04,1.453036111040633771e-04,1.982842246017241905e+00,9.914247542425584925e-01,8.120211522060633014e-06,2.077267102079265225e-06
1.406817268922174549e+02,7.034087074274002305e+01,5.761252412784760709e-04,1.473808782061426423e-04,1.982889709518275367e+00,9.914441360278942739e-01,8.120424818300353044e-06,2.077309346396792817e-06
1.426646166017357302e+02,7.133231487876791732e+01,5.842456660967764240e-04,1.494581875525394352e-04,1.982921893374225419e+00,9.914635180338819964e-01,8.120545031791749635e-06,2.077351590220059743e-06
1.446475384951099556e+02,7.232377839680179932e+01,5.923662111285681736e-04,1.515355391427594949e-04,1.982969352715656441e+00,9.914905308270647311e-01,8.120711779949565945e-06,2.077393833771137713e-06
1.466305078478256121e+02,7.331526892762886405e+01,6.004869229085177396e-04,1.536129329765306326e-04,1.983001552255018396e+00,9.915022835885594077e-01,8.120925061261990464e-06,2.077447716814184676e-06
1.486135094000806305e+02,7.430677121121742346e+01,6.086078479697797300e-04,1.556903806933448173e-04,1.983049007252418505e+00,9.915216654033827126e-01,8.121045262093591968e-06,2.077478320254349739e-06
1.505965584073330490e+02,7.529829287662080617e+01,6.167288932318733220e-04,1.577678590135991670e-04,1.983096470431377156e+00,9.915486789061986883e-01,8.121211996458079820e-06,2.077520562988698213e-06
1.525796548777644261e+02,7.628984155552700486e+01,6.248501052283314018e-04,1.598453795765878652e-04,1.983128673712968748e+00,9.915604314174260026e-01,8.121425263065036593e-06,2.077562805450776416e-06
1.545627835514773949e+02,7.728140198694443086e+01,6.329715304913964384e-04,1.619229423820386417e-04,1.983160863700049958e+00,9.915874463042655407e-01,8.121545451015232085e-06,2.077616687308166989e-06
1.565459444151774449e+02,7.827298943324869640e+01,6.410930759424116705e-04,1.640005590693468086e-04,1.983223599163864037e+00,9.916068289874289121e-01,8.121712171585957797e-06,2.077647289534025618e-06
1.585291680143413089e+02,7.926459626223612531e+01,6.492147881139976283e-04,1.660782063588808343e-04,1.983240529903440574e+00,9.916262127907202739e-01,8.121878887559015776e-06,2.077689531401364720e-06
1.605124085442447495e+02,8.025622247502684559e+01,6.573366670015566441e-04,1.681558958902821990e-04,1.983288006704185591e+00,9.916455968146635769e-01,8.122092134040903404e-06,2.077731772774443156e-06
1.624956965509489351e+02,8.124786807184150916e+01,6.654587591355975475e-04,1.702336276630566421e-04,1.983335469845172838e+00,9.916649820164167295e-01,8.122212305333525138e-06,2.077785653224024313e-06
1.644790320207941079e+02,8.223953305385792589e+01,6.735809714409310726e-04,1.723114133162806664e-04,1.983382941812436684e+00,9.916919962613093276e-01,8.122379007512820978e-06,2.077816254901574799e-06
1.664624149626065446e+02,8.323122505011923522e+01,6.817033504484438936e-04,1.743892295711822412e-04,1.983399876511384718e+00,9.917037502382584080e-01,8.122545705094449085e-06,2.077858495235824924e-06
1.684458148391179293e+02,8.422292880035749363e+01,6.898258961535383427e-04,1.764670880664180662e-04,1.983462620144933908e+00,9.917307668934824960e-01,8.122712398078084199e-06,2.077912375017998328e-06
1.704292774592628632e+02,8.521465956725097612e+01,6.979486085516164269e-04,1.785450004414360645e-04,1.983494826386163368e+00,9.917425203000362899e-01,8.122879086464051580e-06,2.077942975729307837e-06
1.724127722856490266e+02,8.620640208755101241e+01,7.060714876380804784e-04,1.806229434171653723e-04,1.983527033617093593e+00,9.917695364367631328e-01,8.123045770251917548e-06,2.077985215468683335e-06
1.743962993192661202e+02,8.719817162398777555e+01,7.141945334083323960e-04,1.827009286326340557e-04,1.983574519849895523e+00,9.917889230637513265e-01,8.123258981903051443e-06,2.078039094361458592e-06
1.763798738391160157e+02,8.818996054705152687e+01,7.223177923902354474e-04,1.847789677269955143e-04,1.983621991133304618e+00,9.918083078704853506e-01,8.123379123656259727e-06,2.078069694328409101e-06
1.783634958302493203e+02,8.918176885492201222e+01,7.304411715138917072e-04,1.868570374213239234e-04,1.983654201828898067e+00,9.918276949620121741e-01,8.123545793650688816e-06,2.078123572406216689e-06
1.803471500320782184e+02,9.017359654988402440e+01,7.385647173075423960e-04,1.889351609937301401e-04,1.983686413514050173e+00,9.918470801871279718e-01,8.123712459047016492e-06,2.078154171876927863e-06
1.823308364455922685e+02,9.116544363007115237e+01,7.466884297665894125e-04,1.910133151656070679e-04,1.983733896495266436e+00,9.918664666707570632e-01,8.123879119845676434e-06,2.078196410254816483e-06
1.843145703420875350e+02,9.215731009674190943e+01,7.548123088864350889e-04,1.930915115758618844e-04,1.983781380837825736e+00,9.918934853427430198e-01,8.124045776046234964e-06,2.078250287665107899e-06
1.862983517229253607e+02,9.314920358208465245e+01,7.629363546624813239e-04,1.951697618635269923e-04,1.983813595987300005e+00,9.919052414232538695e-01,8.124212427649017340e-06,2.078292525449992141e-06
1.882821653189126607e+02,9.414110882350790632e+01,7.710605670901303412e-04,1.972480543889769844e-04,1.983861082804651232e+00,9.919322584004532928e-01,8.124379074653915143e-06,2.078323123928197541e-06
1.902660264017173120e+02,9.513304108190835962e+01,7.791849461647842564e-04,1.993263775129051820e-04,1.983893300180824326e+00,9.919516457988208913e-01,8.124545717060819953e-06,2.078365360994797843e-06
1.922499197018981363e+02,9.612499272770718051e+01,7.873094918818450763e-04,2.014047428738999798e-04,1.983940780442509322e+00,9.919710334179399069e-01,8.124665825811130948e-06,2.078407598233081559e-06
1.942338604823406456e+02,9.711696376112512041e+01,7.954341577076562073e-04,2.034831504721330614e-04,1.983988280033941010e+00,9.919904235411820537e-01,8.124878988459037152e-06,2.078473113344592345e-06
1.962178487623745866e+02,9.810895418466630247e+01,8.035590366961152444e-04,2.055616235854776537e-04,1.984020510088527089e+00,9.920098093415674612e-01,8.125092145374874890e-06,2.078492071622248423e-06
1.982018692724631137e+02,9.910096399400786993e+01,8.116841288414901193e-04,2.076401156570999022e-04,1.984052722795468071e+00,9.920291976229691500e-01,8.125212240709485043e-06,2.078534307599496592e-06
2.001859219952585818e+02,1.000929931916308391e+02,8.198093410821996043e-04,2.097186499646993987e-04,1.984100207637652602e+00,9.920485884777008323e-01,8.125332332580177674e-06,2.078599821970795450e-06
2.021700222028962344e+02,1.010850417801085399e+02,8.279346734147797820e-04,2.117972497866701942e-04,1.984147712546302955e+00,9.920756058974404823e-01,8.125545475324300396e-06,2.078618779354581047e-06
2.041541699154425373e+02,1.020771173860059804e+02,8.360602188901040824e-04,2.138758685660247752e-04,1.984179928256310177e+00,9.920873638307483589e-01,8.125665558755346476e-06,2.078661014736791959e-06
2.061383498436988475e+02,1.030692047498367288e+02,8.441858844488594289e-04,2.159545295807615672e-04,1.984212164029145242e+00,9.921143864750234798e-01,8.125878691547360616e-06,2.078726527923870993e-06
2.081225620077279928e+02,1.040613191363117522e+02,8.523117631404067895e-04,2.180332561086854382e-04,1.984274944903830828e+00,9.921337734932791363e-01,8.126091818607197870e-06,2.078745484635722294e-06
2.101068369526318236e+02,1.050534529098050314e+02,8.604378549590139874e-04,2.201120015933211605e-04,1.984291872224474673e+00,9.921531631310784860e-01,8.126118837088183375e-06,2.078787719422814633e-06
2.120911288248562983e+02,1.060456060729361099e+02,8.685639737961021708e-04,2.221907893127439751e-04,1.984354675539577784e+00,9.921725554806641867e-01,8.126425006708438981e-06,2.078853231647637134e-06
2.140754835003958760e+02,1.070377786284167740e+02,8.766903988028106097e-04,2.242696425443916123e-04,1.984371624372329279e+00,9.921919430920382865e-01,8.126545068061984643e-06,2.078872187687527033e-06
2.160598551247682053e+02,1.080299705715088123e+02,8.848169438708725944e-04,2.263485147320791393e-04,1.984434390788663904e+00,9.922113333921771527e-01,8.126665125951938046e-06,2.078914421435520011e-06
2.180442895155568692e+02,1.090221819049009895e+02,8.929436089968245324e-04,2.284274291535146593e-04,1.984466634040103372e+00,9.922307264734087084e-01,8.126878229109671045e-06,2.078979932919967953e-06
2.200287561495969726e+02,1.100144126313743982e+02,9.010704872259342035e-04,2.305064090864346273e-04,1.984498857917628811e+00,9.922577458468992972e-01,8.126998278781697241e-06,2.078998888065906056e-06
2.220132550075146014e+02,1.110066703772212975e+02,9.091974855047159007e-04,2.325854079745005333e-04,1.984546376117293676e+00,9.922771394476228579e-01,8.127211371765493894e-06,2.079064398908831574e-06
2.239978013836318951e+02,1.119989475166689203e+02,9.173246968764813946e-04,2.346644723734093649e-04,1.984578602036378925e+00,9.922888968785343877e-01,8.127331412997765119e-06,2.079083353828713523e-06
2.259823799856682740e+02,1.129912364135474547e+02,9.254520282894791597e-04,2.367435557272380784e-04,1.984626122893899947e+00,9.923159194992763332e-01,8.127544496029344770e-06,2.079125586436722127e-06
2.279670061085621739e+02,1.139835523330467311e+02,9.335795727855085045e-04,2.388226813136748005e-04,1.984673645388426166e+00,9.923353138316173272e-01,8.127757573328639115e-06,2.079191095873247691e-06
2.299516797539506001e+02,1.149758876468783484e+02,9.417073303588371436e-04,2.409018724095480482e-04,2.059745857290579352e+00,1.029932479627674979e+00,3.319061640136826028e-04,2.158027349604720035e-06
2.320114256112411795e+02,1.160058201265060234e+02,1.273613494372519746e-03,2.430598997591527683e-04,2.181881937971041907e+00,1.091116529283212344e+00,8.487081262646763331e-04,2.286280914109788641e-06
2.341933075492122214e+02,1.170969366557892357e+02,2.122321620637196080e-03,2.453461806732625569e-04,2.185603588759704508e+00,1.093045055526076226e+00,8.502315522995623244e-04,2.290139718607133498e-06
2.363789111379719259e+02,1.181899817113153119e+02,2.972553172936758404e-03,2.476363203918696904e-04,2.189365028046410089e+00,1.095019437069296941e+00,8.517554008205504082e-04,2.294347655270201781e-06
2.385682761660183360e+02,1.192850011483846089e+02,3.824308573757308812e-03,2.499306680471398922e-04,2.193091685857041284e+00,1.096993837569613106e+00,8.532879063936709384e-04,2.298485731780071720e-06
2.407613678518753773e+02,1.203819949859542220e+02,4.677596480150979751e-03,2.522291537789199639e-04,2.196874851874270007e+00,1.098975896587276679e+00,8.548262467623114758e-04,2.302623779300056080e-06
2.429582427037496473e+02,1.214809708825414987e+02,5.532422726913291226e-03,2.545317775582200200e-04,2.200638119628649747e+00,1.100957985740052436e+00,8.563711280009005458e-04,2.306785075396769556e-06
2.451588808233782970e+02,1.225819288682815511e+02,6.388793854914191772e-03,2.568385626336167895e-04,2.204427444739138764e+00,1.102955365044593350e+00,8.579221434667320956e-04,2.310946342905565408e-06
2.473633082681174358e+02,1.236848842333261445e+02,7.246715998380923868e-03,2.591495089765223549e-04,2.208212337470030207e+00,1.104952780624557818e+00,8.594799966379889494e-04,2.315177412529621000e-06
2.495715206055874660e+02,1.247898370139507023e+02,8.106195995018912817e-03,2.614646863890519759e-04,2.212023489180666047e+00,1.106965481004010599e+00,8.610442801736065827e-04,2.319361898507719000e-06
2.517835440947681320e+02,1.258968024949547129e+02,8.967240275192519400e-03,2.637840482875596949e-04,2.215845585415507912e+00,1.108985846566142186e+00,8.626149571758084944e-04,2.323592909273853886e-06
2.539993896801836399e+02,1.270057883415208551e+02,9.829855232368327894e-03,2.661076411968335488e-04,2.219678667621110435e+00,1.111021506100058787e+00,8.641919907152618291e-04,2.327847167438081705e-06
2.562190683478047504e+02,1.281168098476209138e+02,1.069404722308358972e-02,2.684354883642716305e-04,2.223507341692936734e+00,1.113041934061470783e+00,8.657753438319985145e-04,2.332124672729731386e-06
2.584425756894976871e+02,1.292298517816823846e+02,1.155982256691558824e-02,2.707676130370013619e-04,2.227362681679437628e+00,1.115092916298777936e+00,8.673657153927052943e-04,2.336402147859798200e-06
2.606699383711771247e+02,1.303449446979811626e+02,1.242718828230829353e-02,2.731040151848611601e-04,2.231213862622382749e+00,1.117143930224472115e+00,8.689630658204241381e-04,2.340702869736298233e-06
2.629011522337995075e+02,1.314620886282056347e+02,1.329615134812871767e-02,2.754447180545974583e-04,2.235107109307364226e+00,1.119210239022720543e+00,8.705666209250489257e-04,2.345026838086283587e-06
2.651362593431068717e+02,1.325812988672283552e+02,1.416671796905376660e-02,2.777897448926837419e-04,2.238980807872906098e+00,1.121276576818956983e+00,8.721770775567891376e-04,2.349350775782024607e-06
2.673752401509797778e+02,1.337025754440473122e+02,1.503889504661055573e-02,2.801390956684657665e-04,2.242865899306366373e+00,1.123358213040916098e+00,8.737943960358054984e-04,2.353721236143097289e-06
2.696181060502861442e+02,1.348259336570882283e+02,1.591268944264636123e-02,2.824928169046088638e-04,2.246793457277135531e+00,1.125455141768014755e+00,8.754185366465078166e-04,2.358091665630699958e-06
2.718648995075632797e+02,1.359513887988562431e+02,1.678810797929286905e-02,2.848509085702395638e-04,2.250701518851542460e+00,1.127536840045223698e+00,8.770494596393486886e-04,2.362485340432667405e-06
2.741156010264148222e+02,1.370789256389014668e+02,1.766515743893221774e-02,2.872133939106722312e-04,2.254621103512477021e+00,1.129649097511105538e+00,8.786871252296213353e-04,2.366902260493325850e-06
2.763702221299272992e+02,1.382085747364125723e+02,1.854384456416183907e-02,2.895802961711655570e-04,2.258583763610431561e+00,1.131761384884725885e+00,8.803329550499013056e-04,2.371319149177661314e-06
2.786288058935377308e+02,1.393403361212972982e+02,1.942417751921174038e-02,2.919516153203432184e-04,2.262526580605310755e+00,1.133888972039443388e+00,8.819839837682710848e-04,2.375782559029828399e-06
2.808913324741430415e+02,1.404742250933367416e+02,2.030616150298001146e-02,2.943273978793730468e-04,2.266481856300913478e+00,1.136016589480618677e+00,8.836445532689543580e-04,2.380245936612452543e-06
2.831578143304439550e+02,1.416102416828173602e+02,2.118980605624896582e-02,2.967076438159854993e-04,2.265380721199392156e+00,1.135579243310843367e+00,8.669401652461466989e-04,2.379448883685103978e-06
2.854231950516433471e+02,1.427458209261282036e+02,2.205674622149511252e-02,2.990870926996706033e-04,2.266188491793229787e+00,1.136073192361720885e+00,8.578195708313571255e-04,2.380281159678886583e-06
2.876893835434365769e+02,1.438818941184899245e+02,2.291456579232646965e-02,3.014673738593494899e-04,2.270062560625035530e+00,1.138155067018715272e+00,8.593863305018621668e-04,2.384721208301598862e-06
2.899594461040616125e+02,1.450200491855086398e+02,2.377395212282833181e-02,3.038520950676510887e-04,2.273951323670871716e+00,1.140267495191380931e+00,8.609716838374713299e-04,2.389137948900072177e-06
2.922333974277324842e+02,1.461603166807000207e+02,2.463492380666580314e-02,3.062412330165511609e-04,2.277817352637100612e+00,1.142349423127029695e+00,8.625537628392208889e-04,2.393531382303992240e-06
2.945112147803695848e+02,1.473026661038270504e+02,2.549747756950502403e-02,3.086347643988551531e-04,2.281694775148253029e+00,1.144461908076522150e+00,8.641427231235836171e-04,2.397924783924959297e-06
2.967929095555178378e+02,1.484471280119035725e+02,2.636162029262860765e-02,3.110326891827801124e-04,2.285614560699343656e+00,1.146574426724981777e+00,8.657370756662216560e-04,2.402341429783624166e-06
2.990785241162171815e+02,1.495937024386285543e+02,2.722735736829482930e-02,3.134350306125637366e-04,2.289515372133621440e+00,1.148702246350637779e+00,8.673411330306392275e-04,2.406804595398760478e-06
3.013680394883508029e+02,1.507424046849791921e+02,2.809469850132546853e-02,3.158418352079624971e-04,2.293426858785892364e+00,1.150830096656449086e+00,8.689490558503182305e-04,2.411267728330297039e-06
3.036614663471366953e+02,1.518932347816356412e+02,2.896364755717578676e-02,3.182531029362927941e-04,2.297381330118014375e+00,1.152957981260470888e+00,8.705637077897343534e-04,2.415754105094527690e-06
3.059588476772547097e+02,1.530461927628961121e+02,2.983421126496552112e-02,3.206688570413873218e-04,2.301316889283100409e+00,1.155116424176497958e+00,8.721879398940340922e-04,2.420240448886977654e-06
3.082601645665378101e+02,1.542013091870726100e+02,3.070639920485955521e-02,3.230890974902742995e-04,2.305294715025354435e+00,1.157274905475333071e+00,8.738159277945842240e-04,2.424773311242138258e-06
3.105654592815631645e+02,1.553585840925479431e+02,3.158021513265413943e-02,3.255138708015164377e-04,2.309253667657344522e+00,1.159433421788577334e+00,8.754534125694143909e-04,2.429329416128462454e-06
3.128747129492205090e+02,1.565180175143365204e+02,3.245566854522355382e-02,3.279432002176449002e-04,2.313224356228658962e+00,1.161622493605335649e+00,8.770974624040944745e-04,2.433862212333629590e-06
3.151879373054491680e+02,1.576796400079418561e+02,3.333276600762764830e-02,3.303770624299785298e-04,2.317238382362177163e+00,1.163796344355063184e+00,8.787480380832574101e-04,2.438464801200247202e-06
3.175051756878113451e+02,1.588434363522969193e+02,3.421151404571090571e-02,3.328155272311787770e-04,2.321232716126473861e+00,1.166000751095168653e+00,8.804051003594298708e-04,2.443044081478190199e-06
3.198264084039378190e+02,1.600094371033920879e+02,3.509191914607033558e-02,3.352585713126569672e-04,2.325238904763352821e+00,1.168205201192108689e+00,8.820686099511865219e-04,2.447693153610449365e-06
3.221516473087011718e+02,1.611776423045841966e+02,3.597398775602152210e-02,3.377062644662674165e-04,2.329289528359367978e+00,1.170409676145624189e+00,8.837413999332466297e-04,2.452295641120535302e-06
3.244809368370605398e+02,1.623480519807298208e+02,3.685772915595476873e-02,3.401585601073879518e-04,2.333320510348528387e+00,1.172644726660621473e+00,8.854205509464044277e-04,2.456991195465567292e-06
3.268142573474090682e+02,1.635206967073904423e+02,3.774314970690117316e-02,3.426155513028535191e-04,2.337364385836224301e+00,1.174879802434304565e+00,8.871088908995530820e-04,2.461640164944860036e-06
3.291516217332452925e+02,1.646955765098247468e+02,3.863025859780072624e-02,3.450771914677983792e-04,2.341451108348394428e+00,1.177114922607017888e+00,8.888006406735649012e-04,2.466358925043291624e-06
3.314930728415936869e+02,1.658726914324317647e+02,3.951905923847429114e-02,3.475435503928416708e-04,2.345520057866792740e+00,1.179365340039254306e+00,8.905043576078394696e-04,2.471077649990262477e-06
3.338385928994604797e+02,1.670520567724710190e+02,4.040956359608213061e-02,3.500146280428319333e-04,2.349631987570660385e+00,1.181646323027081280e+00,8.922114028460104151e-04,2.475819615110853508e-06
3.361882248870311400e+02,1.682337030954981003e+02,4.130177499892814103e-02,3.524904476579427868e-04,2.353693463739887193e+00,1.183896815224557031e+00,8.939274612529551911e-04,2.480584819663524641e-06
3.385419183507710272e+02,1.694175999107226573e+02,4.219570246018109622e-02,3.549710324776063114e-04,2.396455573256730531e+00,1.208091836546742570e+00,1.014613971166582196e-03,2.542675679353251488e-06
3.409383739240277578e+02,1.706256917472693999e+02,4.321031643134767841e-02,3.575137081569595629e-04,2.416506197580361004e+00,1.215593073459956486e+00,1.061914051183859842e-03,2.544624287644740163e-06
3.433548801216081188e+02,1.718412848207293564e+02,4.427223048253153825e-02,3.600583324446043031e-04,2.421454366385148660e+00,1.219447514340345151e+00,1.064342065568331386e-03,2.554160408091963631e-06
3.457763344879932674e+02,1.730607323350697015e+02,4.533657254809986964e-02,3.626124928526962667e-04,2.426381864836059776e+00,1.222553692784288160e+00,1.066761135826869988e-03,2.561555195652897611e-06
3.482027163528293272e+02,1.742832860278539897e+02,4.640333368392673963e-02,3.651740480483491643e-04,2.431475912615837842e+00,1.225415446715004464e+00,1.069253684452563247e-03,2.567553456144444027e-06
3.506341922654451650e+02,1.755087014745689942e+02,4.747258736837930287e-02,3.677416015044936083e-04,2.436557425727301052e+00,1.228292513202745795e+00,1.071759741992542314e-03,2.573574944727424242e-06
3.530707496911724661e+02,1.767369939877717400e+02,4.854434711037184519e-02,3.703151764492210326e-04,2.441658380201147338e+00,1.231169628142993133e+00,1.074279213419127021e-03,2.579619661275853962e-06
3.555124080713736134e+02,1.779681636159147331e+02,4.961862632379097221e-02,3.728947961104968865e-04,2.446809949487771974e+00,1.234077324959883981e+00,1.076809170674951355e-03,2.585710879631083429e-06
3.579592180208613854e+02,1.792022409408746171e+02,5.069543549446592356e-02,3.754805069901279700e-04,2.451951033885393372e+00,1.236985066791703503e+00,1.079358020300735799e-03,2.591802050718838672e-06
3.604111690547467788e+02,1.804392260076663206e+02,5.177479351476665936e-02,3.780723090408468086e-04,2.457111792361615699e+00,1.239938660217688948e+00,1.081919988873122906e-03,2.597962997302955598e-06
3.628682808471083945e+02,1.816791646678840095e+02,5.285671350363978227e-02,3.806702720381497642e-04,2.462324459531600951e+00,1.242877043361630740e+00,1.084494980885981896e-03,2.604170443648308030e-06
3.653306053066399954e+02,1.829220417112456403e+02,5.394120848452576417e-02,3.832744424817980723e-04,2.467557041084432967e+00,1.245845997582222253e+00,1.087082900721514367e-03,2.610354567754013134e-06
3.677981623477244284e+02,1.841678877088278625e+02,5.502829138524727853e-02,3.858847970495520854e-04,2.472745146081308576e+00,1.248830275729375217e+00,1.089683652652308210e-03,2.616608465520146171e-06
3.702709074938057370e+02,1.854167179845572377e+02,5.611797503789958674e-02,3.885014055150722316e-04,2.478051878411690723e+00,1.251829869736070577e+00,1.092302769878331081e-03,2.622885588002916903e-06
3.727489593722174277e+02,1.866685478542933083e+02,5.721027780777791782e-02,3.911242911030751485e-04,2.483281966277445463e+00,1.254844793107110945e+00,1.094934508940673124e-03,2.629255756580062969e-06
3.752322413384948732e+02,1.879233926474004193e+02,5.830521231671859095e-02,3.937535468596552114e-04,2.488596726524349378e+00,1.257875011373528196e+00,1.097578773741149372e-03,2.635532779633471389e-06
3.777208380650192225e+02,1.891812676587739475e+02,5.940279109045974032e-02,3.963890796392886828e-04,2.493901411630645271e+00,1.260920577508784390e+00,1.100241078609516532e-03,2.641995943065706537e-06
3.802147394766498678e+02,1.904421882362827319e+02,6.050303216906925685e-02,3.990310755823543894e-04,2.499260782100748202e+00,1.263996704127407611e+00,1.102921302501821965e-03,2.648365960929805960e-06
3.827140002587506160e+02,1.917061849404101395e+02,6.160595347157107882e-02,4.016794415432841953e-04,2.504638581101858108e+00,1.267072906175911839e+00,1.105608127882629077e-03,2.654875569500791694e-06
3.852186388398524741e+02,1.929732578465860513e+02,6.271156159945370789e-02,4.043343171127849870e-04,2.509973981054656633e+00,1.270179678327394868e+00,1.108312666855792994e-03,2.661338579292688543e-06
3.877286128209071308e+02,1.942434375249134462e+02,6.381987426630950089e-02,4.069956556920776756e-04,2.515396803551823268e+00,1.273301783041148383e+00,1.111034797927387685e-03,2.667894631488661791e-06
3.902440096244589540e+02,1.955167393079545946e+02,6.493090906423688857e-02,4.096635503235663374e-04,2.520840292756588497e+00,1.276423937681499865e+00,1.113768819898289242e-03,2.674450631193420538e-06
3.927648499172155425e+02,1.967931632456360944e+02,6.604467788413517781e-02,4.123380009547597579e-04,2.526276069197365359e+00,1.279591946951541104e+00,1.116525782417734924e-03,2.681053125262527429e-06
3.952911259864129079e+02,1.980727551925876355e+02,6.716120366655291274e-02,4.150190540800222853e-04,2.531732578923879373e+00,1.282760016215974019e+00,1.119294404437115587e-03,2.687702112845154808e-06
3.978228585653367873e+02,1.993555152088036095e+02,6.828049807099002833e-02,4.177067561928674401e-04,2.537242513536511979e+00,1.285958676246337973e+00,1.122074588718185995e-03,2.694397593087113994e-06
4.003601010788732992e+02,2.006414738850499475e+02,6.940257265970821432e-02,4.204011537859545541e-04,2.542744906592076859e+00,1.289157387852441161e+00,1.124877347072991696e-03,2.701093019410885990e-06
4.029028459854653761e+02,2.019306312729023887e+02,7.052745000678120602e-02,4.231022468053654401e-04,2.548300954427077158e+00,1.292386700645494102e+00,1.127691435382660590e-03,2.707881483980602213e-06
4.054511469398924532e+02,2.032230179735478828e+02,7.165514144216386661e-02,4.258101282893460423e-04,2.553847477863257609e+00,1.295631340723190306e+00,1.130522298080097188e-03,2.714716439739526307e-06
4.080049944177557109e+02,2.045186493142710731e+02,7.278566374024396379e-02,4.285248447290855686e-04,2.559419314856029359e+00,1.298891289472067001e+00,1.133375348124576742e-03,2.721504793362671589e-06
4.105644137326117402e+02,2.058175406037431401e+02,7.391903908836854054e-02,4.312463495224482402e-04,2.565043017745836096e+00,1.302181841269373308e+00,1.136233848966813897e-03,2.728386183968557147e-06
4.131294567503575763e+02,2.071197224450125134e+02,7.505527293733535443e-02,4.339747357064167974e-04,2.570694431541596714e+00,1.305472456463604658e+00,1.139119820497400126e-03,2.735314063538000356e-06
4.157001511818991730e+02,2.084251949014761180e+02,7.619439275783275456e-02,4.367100497699547977e-04,2.576336545554795521e+00,1.308808931917269547e+00,1.142022055272376435e-03,2.742288432084662164e-06
4.182764877274539685e+02,2.097340038333933876e+02,7.733641481310513099e-02,4.394523382020394599e-04,2.581997913116026666e+00,1.312145471904074157e+00,1.144929408631784051e-03,2.749309288952979727e-06
4.208584856405699952e+02,2.110461493052974618e+02,7.848134422173691505e-02,4.422016474909924396e-04,2.587722288011661931e+00,1.315512588204484246e+00,1.147869328669628985e-03,2.756283542080357161e-06
4.234462079285816571e+02,2.123616618935019460e+02,7.962921355040654403e-02,4.449579310330727968e-04,2.593435355567748957e+00,1.318895065136587164e+00,1.150819624018223353e-03,2.763443918923295505e-06
4.260396432841494061e+02,2.136805569586385332e+02,8.078003317442476738e-02,4.477213749519960923e-04,2.599205230270513312e+00,1.322277578312906599e+00,1.153785687536601490e-03,2.770511146160746074e-06
4.286388485144199194e+02,2.150028345369514398e+02,8.193381886196136887e-02,4.504918860981568384e-04,2.643450379333273759e+00,1.347424728943337868e+00,1.254086978332444313e-03,2.828219301842440237e-06
4.312822988937531932e+02,2.163502592658947776e+02,8.318790584029381319e-02,4.533201053999992786e-04,2.740634996423011671e+00,1.402509597580518630e+00,1.484623033457352359e-03,2.961283142148562770e-06
4.340229338901762048e+02,2.177527688634752963e+02,8.467252887375116555e-02,4.562813885421478414e-04,2.749929607470107840e+00,1.401915309831792911e+00,1.490466238413201694e-03,2.928320690415706692e-06
4.367728634976463127e+02,2.191546841733070892e+02,8.616299511216436724e-02,4.592097092325635481e-04,2.757070907904278556e+00,1.409745224103829742e+00,1.495155264815722918e-03,2.953725474104818699e-06
4.395299344055505912e+02,2.205644293974109189e+02,8.765815037698009016e-02,4.621634347066683668e-04,2.765135815618805282e+00,1.414656205236894948e+00,1.500337914969743225e-03,2.964142711818322506e-06
4.422950702211693965e+02,2.219790856026478139e+02,8.915848829194983338e-02,4.651275774184866893e-04,2.773247463418442749e+00,1.419567232502203069e+00,1.505559246810991847e-03,2.974373679926617386e-06
4.450683176845878393e+02,2.233986528351500169e+02,9.066404753876082523e-02,4.681019510984133066e-04,2.781377126678648892e+00,1.424554729165890876e+00,1.510829742548139287e-03,2.984837277481000584e-06
4.478496948112664882e+02,2.248232075643159078e+02,9.217487728130896452e-02,4.710867883758943072e-04,2.789589340671682294e+00,1.429542315027305222e+00,1.516143519136314843e-03,2.995300781312828023e-06
4.506392841519381705e+02,2.262527498793432130e+02,9.369102080044527936e-02,4.740820891572071353e-04,2.797815368770898203e+00,1.434591075858349996e+00,1.521494733717598802e-03,3.005857278841166103e-06
4.534370995207090687e+02,2.276873409552015630e+02,9.521251553416287816e-02,4.770879464360483014e-04,2.806126601019002464e+00,1.439701023901761801e+00,1.526893816473570697e-03,3.016553312570023626e-06
4.562432261217280711e+02,2.291270419791033248e+02,9.673940935063644886e-02,4.801044997486183250e-04,2.814451862788189374e+00,1.444811074923393335e+00,1.532329503694765394e-03,3.027295793290587459e-06
4.590576779845162605e+02,2.305718530540267182e+02,9.827173885433121425e-02,4.831317955419089124e-04,2.822869546528750107e+00,1.449997571350252201e+00,1.537828373593314035e-03,3.038131263101483213e-06
4.618805475310450106e+02,2.320218506253769704e+02,9.980956722792452829e-02,4.861699268050103957e-04,2.831301521030695767e+00,1.455214727081198589e+00,1.543362936115927342e-03,3.049106264274592006e-06
4.647118490520757064e+02,2.334770653524581689e+02,1.013529301640404556e-01,4.892190330692849877e-04,2.839815029539465741e+00,1.460477777152647150e+00,1.548932796186938687e-03,3.060081165028082431e-06
4.675516640816151721e+02,2.349375431296108161e+02,1.029018629602273943e-01,4.922791142343130701e-04,2.848356683450333549e+00,1.465786766458677448e+00,1.554569773675462674e-03,3.071242137538967264e-06
4.704000207650655057e+02,2.364033298960694935e+02,1.044564327339028570e-01,4.953503563718520374e-04,2.856984900264194494e+00,1.471126386344479897e+00,1.560251827674205560e-03,3.082403006743382815e-06
4.732570056653297002e+02,2.378744562824139734e+02,1.060166845615770626e-01,4.984327593785954202e-04,2.865661626184419219e+00,1.476542481404834462e+00,1.565967788366706692e-03,3.093749944100112129e-06
4.761226672915141194e+02,2.393509987638188079e+02,1.075826523499437692e-01,5.015265093226955323e-04,2.874362341872256366e+00,1.481973965681874006e+00,1.571738633638103400e-03,3.105189861518967663e-06
4.789970296333863757e+02,2.408329727295006819e+02,1.091543909835818726e-01,5.046316991842145000e-04,2.883154853066230316e+00,1.487466617350833076e+00,1.577563829552180996e-03,3.116629671895193229e-06
4.818801844864526061e+02,2.423204393468515150e+02,1.107319548131340536e-01,5.077483288561096932e-04,2.891971660400940891e+00,1.493005216329720497e+00,1.583442840852045119e-03,3.128255545150064772e-06
4.847721561468535469e+02,2.438134445631812355e+02,1.123153976539860988e-01,5.108765844012597580e-04,2.900876092931014227e+00,1.498589741859632340e+00,1.589364493413542023e-03,3.139974393356241913e-06
4.876730322397845612e+02,2.453120343050408678e+02,1.139047621473996408e-01,5.140165587946159999e-04,2.909805062885254756e+00,1.504235462141963353e+00,1.595338937794718581e-03,3.151786215379215501e-06
4.905828373026698159e+02,2.468162697671828312e+02,1.155001010851943594e-01,5.171683450099952154e-04,2.918831423225981325e+00,1.509911845443781431e+00,1.601376238662938212e-03,3.163691009408151067e-06
4.935016687258957973e+02,2.483261816126266126e+02,1.171014773238572976e-01,5.203320360194033664e-04,2.927912062730570142e+00,1.515649426668687738e+00,1.607454614528366910e-03,3.175688773842657783e-06
4.964295807886263674e+02,2.498418310392953003e+02,1.187089319383856645e-01,5.235077247932460242e-04,2.937022330062859510e+00,1.521432964123818010e+00,1.613594730971931734e-03,3.187872590644470414e-06
4.993666031186892269e+02,2.513632640034191184e+02,1.203225266693575962e-01,5.266955973838904946e-04,3.122864224828276747e+00,1.631828990729189854e+00,2.016993817165288472e-03,3.456406620012172221e-06
5.024894673435175037e+02,2.529950929941483082e+02,1.223395204865228847e-01,5.301520040039026669e-04,3.424694995294714772e+00,1.804583110863319462e+00,2.669413361836181497e-03,3.866330247749767170e-06
5.059141623388122184e+02,2.547996761050116277e+02,1.250089338483590662e-01,5.340183342516524340e-04,9.414947151709043283e-01,4.848860069306510923e-01,7.345373304228075551e-04,9.890014602486566636e-07
