Sigma_1,Sigma_2,Epsilon_1,Epsilon_2,dSigma_1,dSigma_2,dEpsilon_1,dEpsilon_2
-0.000000000000000000e+00,-0.000000000000000000e+00,0.000000000000000000e+00,0.000000000000000000e+00,3.300008113424650058e-01,9.899981613700851169e-01,2.514349172516117371e-07,4.274275812584423747e-06
3.300008113424650058e-01,9.899981613700851169e-01,2.514349172516117371e-07,4.274275812584423747e-06,3.300051496117250571e-01,9.900197377111373820e-01,2.514267596221524939e-07,4.274373229921484052e-06
6.600059609541900629e-01,1.980017899081222499e+00,5.028616768737642310e-07,8.548649042505907799e-06,3.300074911344818007e-01,9.900223597248625218e-01,2.514342907706022195e-07,4.274381516815452565e-06
9.900134520886718636e-01,2.970040258806085021e+00,7.542959676443664505e-07,1.282303055932136036e-05,3.300104585087120235e-01,9.900315384366518145e-01,2.514365012858830362e-07,4.274421452999874532e-06
1.320023910597383887e+00,3.960071797242736835e+00,1.005732468930249487e-06,1.709745201232123490e-05,3.300134258873936854e-01,9.900400019979960220e-01,2.514388026156101810e-07,4.274459933788933829e-06
1.650037336484777573e+00,4.950111799240732857e+00,1.257171271545859668e-06,2.137191194611016873e-05,3.300164528752020932e-01,9.900496578057351726e-01,2.514411041656295254e-07,4.274499869027423282e-06
1.980053789359979666e+00,5.940161457046468030e+00,1.508612375711489193e-06,2.564641181513759201e-05,3.300193606577368488e-01,9.900581215885511099e-01,2.514433144537246707e-07,4.274535438187352168e-06
2.310073150017716515e+00,6.930219578635019140e+00,1.760055690165213864e-06,2.992094725332494418e-05,3.300223876545391732e-01,9.900670623650373869e-01,2.514457070383908515e-07,4.274575372282750330e-06
2.640095537672255688e+00,7.920286641000056527e+00,2.011501397203604715e-06,3.419552262560769451e-05,3.300254146555978707e-01,9.900760032662434540e-01,2.514480085831545682e-07,4.274615305787935935e-06
2.970120952327853558e+00,8.910362644266299981e+00,2.262949405786759284e-06,3.847013793139563044e-05,3.300284416604926108e-01,9.900858979784246117e-01,2.514501280500473448e-07,4.274652328266660153e-06
3.300149393988346169e+00,9.900448542244724592e+00,2.514399533836806628e-06,4.274479025966229059e-05,3.300312302510661766e-01,9.900934085527079986e-01,2.514524295913985776e-07,4.274692260838354463e-06
3.630180624239412346e+00,1.089054195079743259e+01,2.765851963428205206e-06,4.701948252050064506e-05,3.300344956844925015e-01,9.901028266798181932e-01,2.514547309089531177e-07,4.274732192597818716e-06
3.960215119923904847e+00,1.188064477747725078e+01,3.017306694337158324e-06,5.129421471309846377e-05,3.300372842838217302e-01,9.901122449002990322e-01,2.514570324467997516e-07,4.274769213590162741e-06
4.290252404207726578e+00,1.287075702237754982e+01,3.268763726783958075e-06,5.556898392668862651e-05,3.300403113059822147e-01,9.901216632832792186e-01,2.514591519069594633e-07,4.274809143972066819e-06
4.620292715513708792e+00,1.386087868566082903e+01,3.520222878690917539e-06,5.984379307066069333e-05,3.300433383342031846e-01,9.901291742397262396e-01,2.514616352952391619e-07,4.274843253681738931e-06
4.950336053847911977e+00,1.485100785990055527e+01,3.771684513986156701e-06,6.411863632434243226e-05,3.300463653670409059e-01,9.901395466882512153e-01,2.514641186816295535e-07,4.274889003656260331e-06
5.280382419214952883e+00,1.584114740658880649e+01,4.023148632667786254e-06,6.839352532799869260e-05,3.300493924004115343e-01,9.901480116139502741e-01,2.514658742070264224e-07,4.274923112013254709e-06
5.610431811615364417e+00,1.683129541820275676e+01,4.274614506874812677e-06,7.266844844001194730e-05,3.300519426026884418e-01,9.901555229969680738e-01,2.514683578120482997e-07,4.274963040306145145e-06
5.940483754218052859e+00,1.782145094119972484e+01,4.526082864686860976e-06,7.694341148031809245e-05,3.300554464880924854e-01,9.901658957416579199e-01,2.514708409710929307e-07,4.275002968230894734e-06
6.270539200706145344e+00,1.881161683694138276e+01,4.777553705657953907e-06,8.121841444854898718e-05,3.300584735365168498e-01,9.901762685141264342e-01,2.514729606430574660e-07,4.275037074719673243e-06
6.600597674242662194e+00,1.980179310545550919e+01,5.029026666301011373e-06,8.549345152326866043e-05,3.300610237495220645e-01,9.901828266146566193e-01,2.514750800913646456e-07,4.275082821890576574e-06
6.930658697992184258e+00,2.079197593207016581e+01,5.280501746392376019e-06,8.976853434515923700e-05,3.300640508088648062e-01,9.901931996290613824e-01,2.514775634671506083e-07,4.275116927248735505e-06
7.260722748801049065e+00,2.178216913169922719e+01,5.531979309859526627e-06,9.404365127240797251e-05,3.300675547127367437e-01,9.902016652330516422e-01,2.514800468410468404e-07,4.275151032757422355e-06
7.590790303513785808e+00,2.277237079693227884e+01,5.783459356700573467e-06,9.831880230516539486e-05,3.300701049357535055e-01,9.902101313531836979e-01,2.514818025772757156e-07,4.275202597768946837e-06
7.920860408449539314e+00,2.376258092828546253e+01,6.034941159277849183e-06,1.025940049029343417e-04,3.300736088516229572e-01,9.902205046027212632e-01,2.514846496545351302e-07,4.275230881597947511e-06
8.250934017301162271e+00,2.475280143288818380e+01,6.286425808932384313e-06,1.068692357845322892e-04,3.300756822395172208e-01,9.902270631390912570e-01,2.514860416808481760e-07,4.275270805490820271e-06
8.581009699540679492e+00,2.574302849602727505e+01,6.537911850613232489e-06,1.111445065900231095e-04,3.300796630112579066e-01,9.902374369071083038e-01,2.514896161676994681e-07,4.275310728349472579e-06
8.911089362551937398e+00,2.673326593293438336e+01,6.789401466780931957e-06,1.154198173183725821e-04,3.300817364071892968e-01,9.902478108181540506e-01,2.514910081907827772e-07,4.275350651061974433e-06
9.241171098959126695e+00,2.772351374375253741e+01,7.040892474971714734e-06,1.196951679694345565e-04,3.300847634941668218e-01,9.902543697020327329e-01,2.514931278476633498e-07,4.275390572740242283e-06
9.571255862453293517e+00,2.871376811345457014e+01,7.292385602819378084e-06,1.239705585421747988e-04,3.300887442741231581e-01,9.902647438664864410e-01,2.514959749155672855e-07,4.275430494050328628e-06
9.901344606727416675e+00,2.970403285732105658e+01,7.543881577734945370e-06,1.282459890362251274e-04,3.300908176888253109e-01,9.902732102153350979e-01,2.514980943468101394e-07,4.275458774958298914e-06
1.023143542441624199e+01,3.069430606753639168e+01,7.795379672081755509e-06,1.325214478111834263e-04,3.300938447890597871e-01,9.902816773856599752e-01,2.515002139984789183e-07,4.275510334949709839e-06
1.056152926920530177e+01,3.168458774492205166e+01,8.046879886080234427e-06,1.367969581461331362e-04,3.300978255757822666e-01,9.902939591839761135e-01,2.515023334264928826e-07,4.275538614776866085e-06
1.089162709478108404e+01,3.267488170410602777e+01,8.298382219506727310e-06,1.410724967609100022e-04,3.300998990107029130e-01,9.902967037694594410e-01,2.515051804868370492e-07,4.275590173488349240e-06
1.122172699379178695e+01,3.366517840787548721e+01,8.549887399993564359e-06,1.453480869343983515e-04,3.301029261157832906e-01,9.903128010661532699e-01,2.515065724995289582e-07,4.275618452234637235e-06
1.155182991990757024e+01,3.465549120894164048e+01,8.801393972493093317e-06,1.496237053866329887e-04,3.301059532416932285e-01,9.903174531064848907e-01,2.515094195562800111e-07,4.275658370103127071e-06
1.188193587314926347e+01,3.564580866204812537e+01,9.052903392049373328e-06,1.538993637567361158e-04,3.301089803725769656e-01,9.903259205170726887e-01,2.515122666108660478e-07,4.275698287159413954e-06
1.221204485352184044e+01,3.663613458256519806e+01,9.304415658660239376e-06,1.581750620438955297e-04,3.301120074901930934e-01,9.903382033631729087e-01,2.515136586188941934e-07,4.275738204069577490e-06
1.254215686101203353e+01,3.762647278592837097e+01,9.555929317279133570e-06,1.624508002479651072e-04,3.301150346300776306e-01,9.903428557101605634e-01,2.515165056698854222e-07,4.275778119945493469e-06
1.287227189564211116e+01,3.861681564163853153e+01,9.807445822949018992e-06,1.667265783679106007e-04,3.301180617557228913e-01,9.903551383650253115e-01,2.515178974530076855e-07,4.275806396089235463e-06
1.320238995739783405e+01,3.960717078000355684e+01,1.005896372040202668e-05,1.710023847639998362e-04,3.301210889046028996e-01,9.903636067317620473e-01,2.515207447224419352e-07,4.275857950642613552e-06
1.353251104630243695e+01,4.059753438673531889e+01,1.031048446512446861e-05,1.752782427146424497e-04,3.301241160584584833e-01,9.903720742836554791e-01,2.515235917676716460e-07,4.275886225483496901e-06
1.386263516236089544e+01,4.158790646101897437e+01,1.056200805689214026e-05,1.795541289401259466e-04,3.301271431966430470e-01,9.903805429104863833e-01,2.515249837681747509e-07,4.275937778534956825e-06
1.419276230555753848e+01,4.257828700392946075e+01,1.081353304066031501e-05,1.838300667186609034e-04,3.301301703594958781e-01,9.903890106763668655e-01,2.515278305877650489e-07,4.275966052517043633e-06
1.452289247591703436e+01,4.356867601460582762e+01,1.106506087124808006e-05,1.881060327711779471e-04,3.301331975165222588e-01,9.903974790447733767e-01,2.515299504393801901e-07,4.276005965173421261e-06
1.485302567343355662e+01,4.455907349365060099e+01,1.131659082168746025e-05,1.923820387363513683e-04,3.301352709924518791e-01,9.904097629791124291e-01,2.515320696232572361e-07,4.276045877239613435e-06
1.518316094442600850e+01,4.554948325662971342e+01,1.156812289131071748e-05,1.966580846135909818e-04,3.301392518431036649e-01,9.904144161533778856e-01,2.515341892495988828e-07,4.276085788493656867e-06
1.551330019626911216e+01,4.653989767278309131e+01,1.181965708056031637e-05,2.009341704020846386e-04,3.301422790244288308e-01,9.904267009104827935e-01,2.515370362836731697e-07,4.276137338789345920e-06
1.584344247529354099e+01,4.753032437369357410e+01,1.207119411684398954e-05,2.052103077408739846e-04,3.301443525128942014e-01,9.904351681147289810e-01,2.515391559064183145e-07,4.276142331571195767e-06
1.617358682780643520e+01,4.852075954180830308e+01,1.232273327275040785e-05,2.094864500724451803e-04,3.301473796912155478e-01,9.904436387906372374e-01,2.515412753055094918e-07,4.276217158740748536e-06
1.650373420749765074e+01,4.951120318059894032e+01,1.257427454805591734e-05,2.137626672311859289e-04,3.301513605480899116e-01,9.904521073380720964e-01,2.515426672941880167e-07,4.276245428717955150e-06
1.683388556804574065e+01,5.050165528793701242e+01,1.282581721535010536e-05,2.180389126599038840e-04,3.301534340855916128e-01,9.904643915148056976e-01,2.515469693603359313e-07,4.276273698254325160e-06
1.716403900213133227e+01,5.149211967945181812e+01,1.307736418471044129e-05,2.223151863581582092e-04,3.301574149264894231e-01,9.904690459225093946e-01,2.515469060844726360e-07,4.276325245005838625e-06
1.749419641705782169e+01,5.248258872537432751e+01,1.332891109079491393e-05,2.265915116031640478e-04,3.301594884734768698e-01,9.904813303458297469e-01,2.515512085903763399e-07,4.276353513683384990e-06
1.782435590553129856e+01,5.347307005572015726e+01,1.358046229938529027e-05,2.308678651168474328e-04,3.301634693483350702e-01,9.904859837134765144e-01,2.515526001285095699e-07,4.276381781920040540e-06
1.815451937487963363e+01,5.446355603943363377e+01,1.383201489951379984e-05,2.351442468987674733e-04,3.301655428788698998e-01,9.904982696277855325e-01,2.515554473695055354e-07,4.276433326851286978e-06
1.848468491775850353e+01,5.545405430906141930e+01,1.408357034688330537e-05,2.394206802256187603e-04,3.301695237622510604e-01,9.905067401172047425e-01,2.515568393488565335e-07,4.276484871043026220e-06
1.881485444152075459e+01,5.644456104917862405e+01,1.433512718623216191e-05,2.436971650966617865e-04,3.301715973012946392e-01,9.905152094230729176e-01,2.515596863642147803e-07,4.276513137558971608e-06
1.914502603882204923e+01,5.743507625860169696e+01,1.458668687259637669e-05,2.479736782342207581e-04,3.301755781931916545e-01,9.905236788128775061e-01,2.515610781186615902e-07,4.276541403634053287e-06
1.947520161701524088e+01,5.842559993741457447e+01,1.483824795071503828e-05,2.522502196378548114e-04,3.301776517407510880e-01,9.905359653451100144e-01,2.515639253524611639e-07,4.276592946005498396e-06
1.980537926875599197e+01,5.941613590275968448e+01,1.508981187606749944e-05,2.565268125838603098e-04,3.301797252925773307e-01,9.905406192893053685e-01,2.515667723620578926e-07,4.276621210777802745e-06
2.013555899404856930e+01,6.040667652204898985e+01,1.534137864842955733e-05,2.608034337946381126e-04,3.301837061972499043e-01,9.905529061141749025e-01,2.515681641118426332e-07,4.276672752091337584e-06
2.046574270024581921e+01,6.139722942816316476e+01,1.559294681254139997e-05,2.650801065467294501e-04,3.301876871364370913e-01,9.905575602396652357e-01,2.515710113398806887e-07,4.276701015782854998e-06
2.079593038738225630e+01,6.238778698840282999e+01,1.584451782388128065e-05,2.693568075625123051e-04,3.301897607019981251e-01,9.905698473571575846e-01,2.515738581216746825e-07,4.276752555816543382e-06
2.112612014808425442e+01,6.337835683575998758e+01,1.609609168200295534e-05,2.736335601183288485e-04,3.301918342405976148e-01,9.905783174213382836e-01,2.515752503108747051e-07,4.276780818427219650e-06
2.145631198232485204e+01,6.436893515318132586e+01,1.634766693231383004e-05,2.779103409367560682e-04,3.301958151939992092e-01,9.905906033431648439e-01,2.515780970890705030e-07,4.276809080819158129e-06
2.178650779751885125e+01,6.535952575652449070e+01,1.659924502940290055e-05,2.821871500175752263e-04,3.301997961209330867e-01,9.905914435716596245e-01,2.515794892754075543e-07,4.276860618810534882e-06
2.211670759363978433e+01,6.635011720009615033e+01,1.685082451867830810e-05,2.864640106363857612e-04,3.302018697035222772e-01,9.906075470807138572e-01,2.515823360500051562e-07,4.276912156284421937e-06
2.244690946334330661e+01,6.734072474717686418e+01,1.710240685472831326e-05,2.907409227926701831e-04,3.302039432903782767e-01,9.906160176053475652e-01,2.515851832665235636e-07,4.276940416733632754e-06
2.277711340663368489e+01,6.833134076478221175e+01,1.735399203799483682e-05,2.950178632094038159e-04,3.302079242300770545e-01,9.906244882138111052e-01,2.515865750041127238e-07,4.276968676741898547e-06
2.310732133086376194e+01,6.932196525299602285e+01,1.760557861299894954e-05,2.992948318861457144e-04,3.302119052081415873e-01,9.906253288317827810e-01,2.515894219949917185e-07,4.277020212617563179e-06
2.343753323607190353e+01,7.031259058182780564e+01,1.785716803499394126e-05,3.035718520987632776e-04,3.302120713909744154e-01,9.906414313321221243e-01,2.515908139517591242e-07,4.277048471323105852e-06
2.376774530746287795e+01,7.130323201315992776e+01,1.810875884894570039e-05,3.078489005700863835e-04,3.302179597612138195e-01,9.906499039205840518e-01,2.515936609390365347e-07,4.277100005696879426e-06
2.409796326722409177e+01,7.229388191708051181e+01,1.836035250988473692e-05,3.121260005757832629e-04,3.302200333703240176e-01,9.906583749568653730e-01,2.515965081461969221e-07,4.277128263765615952e-06
2.442818330059441578e+01,7.328454029203737718e+01,1.861194901803093384e-05,3.164031288395488788e-04,3.302221069476658499e-01,9.906744779181337890e-01,2.515978998762542654e-07,4.277156520949643506e-06
2.475840540754208163e+01,7.427521476995551097e+01,1.886354691790718811e-05,3.206802853604985223e-04,3.302260879494234302e-01,9.906753190650050556e-01,2.516007468577752401e-07,4.277208053725086237e-06
2.508863149549150506e+01,7.526589008902051603e+01,1.911514766476496335e-05,3.249574934142236086e-04,3.302281615343325427e-01,9.906837921733142593e-01,2.516021388070108287e-07,4.277259585317122297e-06
2.541885965702583761e+01,7.625657388119383029e+01,1.936674980357197418e-05,3.292347529995407309e-04,3.302321425455652104e-01,9.906922636372996749e-01,2.516049857849336074e-07,4.277287841002402977e-06
2.574909179957140282e+01,7.724726614483112996e+01,1.961835478935690778e-05,3.335120408405431339e-04,3.302342161759739270e-01,9.907083671568557293e-01,2.516078327606879818e-07,4.277316096468783239e-06
2.607932601574737674e+01,7.823797451198798569e+01,1.986996262211759577e-05,3.377893569370119171e-04,3.302381971592183163e-01,9.907092086929907282e-01,2.516092247052615011e-07,4.277367626240552272e-06
2.640956421290659506e+01,7.922868372068097642e+01,2.012157184682285727e-05,3.420667245632524694e-04,3.302402707981570984e-01,9.907253124916479692e-01,2.516120716774210677e-07,4.277395880626199808e-06
2.673980448370475216e+01,8.021940903317262439e+01,2.037318391850027834e-05,3.463441204438786692e-04,3.302442518293062790e-01,9.907261542224432560e-01,2.516149186474156180e-07,4.277447409118176596e-06
2.707004873553405844e+01,8.121013518739506765e+01,2.062479883714769395e-05,3.506215678529968458e-04,3.302463254378444901e-01,9.907422583001732619e-01,2.516163105873202917e-07,4.277475662422982987e-06
2.740029506097190293e+01,8.220087744569524091e+01,2.087641514773501424e-05,3.548990435154198288e-04,3.302483990492000032e-01,9.907507323604392013e-01,2.516177023041232634e-07,4.277527189635113320e-06
2.773054346002110293e+01,8.319162817805568011e+01,2.112803285003913751e-05,3.591765707050549421e-04,3.302523801344392496e-01,9.907592046151023624e-01,2.516220045183172906e-07,4.277555441859241196e-06
2.806079584015554218e+01,8.418238738267078247e+01,2.137965485455745480e-05,3.634541261469141833e-04,3.302563611442153046e-01,9.907600467351187490e-01,2.516233964535598950e-07,4.277606967791416654e-06
2.839105220129975748e+01,8.517314742940590122e+01,2.163127825101101469e-05,3.677317331147055999e-04,3.302584347678667598e-01,9.907761513710511281e-01,2.516247883877352379e-07,4.277635218934757594e-06
2.872131063606762424e+01,8.616392358077695235e+01,2.188290303939874993e-05,3.720093683336403575e-04,3.302624158697362589e-01,9.907846239233890628e-01,2.516290903730270814e-07,4.277663469415434166e-06
2.905157305193736050e+01,8.715470820470034141e+01,2.213453212977177701e-05,3.762870318030557917e-04,3.302644894591466596e-01,9.907930986102826409e-01,2.516290270558438249e-07,4.277714993527396807e-06
2.938183754139650716e+01,8.814550130331062405e+01,2.238616115682762084e-05,3.805647467965831885e-04,3.302665631796486423e-01,9.908092037070872493e-01,2.516333292588434647e-07,4.277743243149222628e-06
2.971210410457615581e+01,8.913631050701771130e+01,2.263779448608646430e-05,3.848424900397324111e-04,3.302705442107196632e-01,9.908100463558753290e-01,2.516347211865542521e-07,4.277794766203275000e-06
3.004237464878687547e+01,9.012712055337358663e+01,2.288942920727301855e-05,3.891202848059356861e-04,3.302745252460290715e-01,9.908185193357894605e-01,2.516361128911667256e-07,4.277823014300441515e-06
3.037264917403290454e+01,9.111793907270937609e+01,2.314106532016418528e-05,3.933981078202361276e-04,3.302765989370328725e-01,9.908269945424592606e-01,2.516389598410052799e-07,4.277874536296637827e-06
3.070292577296993741e+01,9.210876606725183535e+01,2.339270428000519056e-05,3.976759823565327655e-04,3.302786726323034827e-01,9.908431001973667662e-01,2.516418070107166467e-07,4.277902783535007802e-06
3.103320444560224090e+01,9.309960916744920212e+01,2.364434608701590721e-05,4.019538851400677733e-04,3.302826537260408202e-01,9.908439410463643071e-01,2.516446539562251685e-07,4.277931030332595384e-06
3.136348709932828172e+01,9.409045310849556643e+01,2.389599074097213238e-05,4.062318161704003686e-04,3.302866347793518287e-01,9.908600513581831137e-01,2.516460456543730866e-07,4.278005823661840210e-06
3.169377373410763354e+01,9.508131315985374954e+01,2.414763678662650546e-05,4.105098219940622089e-04,3.302887084417598373e-01,9.908608924017840991e-01,2.516474375734881837e-07,4.278034069401571732e-06
3.202406244254939338e+01,9.607217405225553364e+01,2.439928422419999365e-05,4.147878560634637806e-04,3.302888747584233897e-01,9.908769986147802911e-01,2.516502845139653298e-07,4.278062314478476257e-06
3.235435131730781677e+01,9.706305105087031393e+01,2.465093450871395898e-05,4.190659183779422568e-04,3.302966707099770360e-01,9.908854723851305835e-01,2.516545866963820690e-07,4.278090559114598387e-06
3.268464798801779381e+01,9.805393652325544451e+01,2.490258909541034104e-05,4.233440089370568552e-04,3.302968369409882143e-01,9.908863135823651191e-01,2.516545233663645693e-07,4.278118803309992335e-06
3.301494482495878202e+01,9.904482283683780963e+01,2.515424361877670561e-05,4.276221277403668476e-04,3.303008180631650248e-01,9.909024247990458889e-01,2.516573703010785033e-07,4.278193593041366462e-06
3.334524564302194705e+01,1.000357252616368555e+02,2.540590098907778412e-05,4.319003213334082140e-04,3.303047991910545989e-01,9.909108989131425460e-01,2.516602174556686379e-07,4.278221836178741719e-06
3.367555044221300165e+01,1.010266361605499981e+02,2.565756120653345275e-05,4.361785431695869557e-04,3.303049655285192898e-01,9.909193731109979808e-01,2.516630641640147108e-07,4.278250078653506819e-06
3.400585540774152093e+01,1.020175555336609960e+02,2.590922427069746747e-05,4.404567932482404626e-04,3.303089465659638790e-01,9.909278473926974584e-01,2.516630010517693819e-07,4.278278320687381106e-06
3.433616435430748481e+01,1.030084833810536935e+02,2.616088727174923685e-05,4.447350715689278437e-04,3.303129277070979697e-01,9.909363265968096357e-01,2.516658479792869239e-07,4.278353107682771050e-06
3.466647728201458278e+01,1.039994197076505031e+02,2.641255311972852377e-05,4.490134246766106147e-04,3.303169088539448239e-01,9.909448011383119592e-01,2.516686949046428379e-07,4.278381348436798882e-06
3.499679419086852761e+01,1.049903645087888151e+02,2.666422181463316661e-05,4.532918060250474136e-04,3.303170752065298643e-01,9.909609086491570906e-01,2.516715418278269595e-07,4.278409588750044321e-06
3.532711126607505747e+01,1.059813254174379722e+02,2.691589335646099357e-05,4.575702156137974579e-04,3.303210563628553587e-01,9.909617505054910680e-01,2.516743887488528410e-07,4.278437828622615787e-06
3.565743232243791283e+01,1.069722871679434633e+02,2.716756774520984641e-05,4.618486534424200737e-04,3.303250375248794057e-01,9.909702252984970983e-01,2.516772358897447588e-07,4.278466068054350650e-06
3.598775735996279224e+01,1.079632573932419604e+02,2.741924498109959117e-05,4.661271195104744244e-04,3.303290185869087736e-01,9.909863382275858612e-01,2.516771725483295838e-07,4.278540851451761474e-06
3.631808637854970101e+01,1.089542437314695462e+02,2.767092215364792075e-05,4.704056603619261858e-04,3.303291849546283743e-01,9.909871803295828840e-01,2.516800192422828728e-07,4.278569089603649882e-06
3.664841556350432938e+01,1.099452309117991291e+02,2.792260217289020363e-05,4.746842294515298357e-04,3.303331661299111488e-01,9.910032885149036019e-01,2.516828663781468030e-07,4.278597327314701687e-06
3.697874872963424053e+01,1.109362342003140327e+02,2.817428503926835043e-05,4.789628267788445374e-04,3.303371473109137924e-01,9.910041359262464766e-01,2.516857135118423289e-07,4.278672108394142477e-06
3.730908587694515433e+01,1.119272383362402792e+02,2.842597075278019276e-05,4.832414988872386799e-04,3.303373135813814088e-01,9.910202391835696289e-01,2.516856499441236673e-07,4.278653801437443203e-06
3.763942319052653573e+01,1.129182585754238488e+02,2.867765640272431642e-05,4.875201526886761231e-04,3.303451095775500335e-01,9.910287199360254817e-01,2.516884968529150049e-07,4.278728581014992934e-06
3.796976830010408577e+01,1.139092872953598743e+02,2.892934489957723143e-05,4.917988812696911160e-04,3.303452760765992480e-01,9.910371955653261011e-01,2.516942542352957723e-07,4.278756816564741917e-06
3.830011357618068502e+01,1.149003244909252004e+02,2.918103915381252720e-05,4.960776380862558579e-04,3.303454422440879057e-01,9.910456712783997091e-01,2.516912806323306194e-07,4.278785051673654298e-06
3.863045901842477292e+01,1.158913701622036001e+02,2.943273043444485782e-05,5.003564231379295122e-04,3.303532383697813657e-01,9.910541525126177476e-01,2.516970377883435256e-07,4.278859829155170179e-06
3.896081225679455429e+01,1.168824243147162179e+02,2.968442747223320135e-05,5.046352829670846824e-04,3.303534047696672360e-01,9.910626284854373580e-01,2.516998846884714103e-07,4.278888062984290315e-06
3.929116566156422152e+01,1.178734869432016552e+02,2.993612735692167276e-05,5.089141710300689727e-04,3.303573858694832666e-01,9.910711045420441678e-01,2.516998213356551719e-07,4.278916296372682268e-06
3.962152304743370479e+01,1.188645580477436994e+02,3.018782717825732793e-05,5.131930873264416550e-04,3.303613670884004705e-01,9.910795806825518639e-01,2.517026682329200852e-07,4.278944529542065382e-06
3.995188441452210526e+01,1.198556376284262512e+02,3.043952984649024801e-05,5.174720318559837204e-04,3.303615334986815810e-01,9.910880569067614942e-01,2.517055153500544228e-07,4.278972761827064784e-06
4.028224594802078684e+01,1.208467256853330127e+02,3.069123536184030244e-05,5.217510046178107852e-04,3.303693295423784093e-01,9.910965388823598232e-01,2.517083622429960800e-07,4.279047535710655756e-06
4.061261527756316525e+01,1.218378222242153726e+02,3.094294372408329852e-05,5.260300521535214409e-04,3.303694959621239491e-01,9.911126488068191520e-01,2.517112091337557803e-07,4.279075766937582258e-06
4.094298477352528920e+01,1.228289348730221917e+02,3.119465493321705430e-05,5.303091279204590232e-04,3.303696622645944103e-01,9.911134919667432541e-01,2.517111457752373160e-07,4.279103997945716761e-06
4.127335443578988361e+01,1.238200483649889350e+02,3.144636607899229161e-05,5.345882319184047399e-04,3.303774583244276641e-01,9.911296021240616483e-01,2.517139926631442094e-07,4.279132228069359133e-06
4.160373189411431127e+01,1.248111779671129966e+02,3.169808007165543582e-05,5.388673641464740991e-04,3.303776247545613387e-01,9.911304512380638698e-01,2.517168395488759221e-07,4.279206998994812897e-06
4.193410951886887261e+01,1.258023084183510605e+02,3.194979691120431174e-05,5.431465711454689120e-04,3.303816060076343319e-01,9.911465558225671657e-01,2.517196866544838354e-07,4.279188687460774680e-06
4.226449112487650694e+01,1.267934549741736276e+02,3.220151659785879558e-05,5.474257598329296867e-04,3.303855872663987725e-01,9.911474051309312472e-01,2.517225335358922920e-07,4.279263457106544620e-06
4.259487671214290572e+01,1.277846023793045589e+02,3.245323913139468787e-05,5.517050232900362313e-04,3.303857535839185289e-01,9.911635218360714816e-01,2.517224701716682137e-07,4.279338225492146375e-06
4.292526246572682425e+01,1.287757659011406304e+02,3.270496160156635609e-05,5.559843615155283776e-04,3.303897348502360387e-01,9.911719931200480005e-01,2.517253170502103108e-07,4.279319912612938523e-06
4.325565220057706028e+01,1.297669378942606784e+02,3.295668691861656640e-05,5.602636814281413162e-04,3.303937161222663121e-01,9.911804765138469975e-01,2.517281639265772273e-07,4.279394680162620403e-06
4.358604591669932660e+01,1.307581183707745254e+02,3.320841508254314362e-05,5.645430761083039366e-04,3.303976974000022437e-01,9.911889540013589794e-01,2.517310108007825157e-07,4.279422906404276895e-06
4.391644361409932884e+01,1.317493073247758844e+02,3.346014609334392614e-05,5.688224990147082135e-04,3.303978638575628679e-01,9.911974315727434259e-01,2.517338578948640046e-07,4.279451132648969154e-06
4.424684147795689171e+01,1.327405047563486278e+02,3.371187995123879014e-05,5.731019501473571826e-04,3.304018450150536523e-01,9.912059092278582284e-01,2.517337943029032601e-07,4.279479358009169281e-06
4.457724332297194536e+01,1.337317106655764860e+02,3.396361374554169340e-05,5.773814295053663519e-04,3.304058263060412060e-01,9.912143932330366169e-01,2.517366413941116133e-07,4.279554122600822373e-06
4.490764914927798657e+01,1.347229250588095226e+02,3.421535038693580502e-05,5.816609836279671743e-04,3.304098076027415232e-01,9.912228711478121568e-01,2.517394882611205097e-07,4.279582346681121835e-06
4.523805895688072809e+01,1.357141479299573348e+02,3.446708987519692553e-05,5.859405659746482961e-04,3.304099740754296022e-01,9.912313491463464743e-01,2.517423351259677781e-07,4.279610570764565483e-06
4.556846893095615769e+01,1.367053792791036813e+02,3.471883221032289331e-05,5.902201765454128616e-04,3.304139553816227703e-01,9.912398272286679912e-01,2.517451822106709183e-07,4.279638793963408579e-06
4.589888288633778046e+01,1.376966191063323492e+02,3.497057739253356422e-05,5.944998153393762702e-04,3.304179365589590134e-01,9.912635797709299368e-01,2.517451186130181123e-07,4.279713555597141304e-06
4.622930082289673948e+01,1.386878826861032792e+02,3.522232251114658234e-05,5.987795288949734115e-04,3.304181031775357269e-01,9.912567837560004591e-01,2.517508759302552698e-07,4.279695239505442415e-06
4.655971892607427520e+01,1.396791394698592796e+02,3.547407338707683761e-05,6.030592241344788539e-04,3.304258991960011826e-01,9.912652686321337114e-01,2.517508125517739330e-07,4.279769999415618947e-06
4.689014482527027639e+01,1.406704047384914134e+02,3.572582419962861154e-05,6.073389941338944728e-04,3.304260656885560365e-01,9.912737471416335211e-01,2.517536594072496288e-07,4.279798220896868961e-06
4.722057089095883242e+01,1.416616784856330469e+02,3.597757785903586117e-05,6.116187923547913418e-04,3.304300468810197344e-01,9.912975005564419462e-01,2.517535960273588292e-07,4.279872979128917371e-06
4.755100093783985216e+01,1.426529759861894888e+02,3.622933145506322000e-05,6.158986653339202592e-04,3.304302135185608336e-01,9.912907045232373093e-01,2.517593531124276440e-07,4.279854662116405577e-06
4.788143115135841299e+01,1.436442666907127261e+02,3.648109080817564764e-05,6.201785199960366647e-04,3.304341947185989170e-01,9.912991900106931098e-01,2.517592899517150898e-07,4.279929418846617137e-06
4.821186534607701191e+01,1.446355658807234192e+02,3.673285009812736273e-05,6.244584494148832819e-04,3.304381760627137510e-01,9.913229373301817304e-01,2.517621365779565651e-07,4.279957638166726960e-06
4.854230352213972566e+01,1.456268888180536010e+02,3.698461223470531930e-05,6.287384070530500088e-04,3.304421574125342431e-01,9.913161548517450683e-01,2.517649836460985171e-07,4.280032393440746583e-06
4.887274567955225990e+01,1.466182049729053460e+02,3.723637721835141781e-05,6.330184394464907554e-04,3.304461387680532880e-01,9.913398956965693287e-01,2.517678304900477886e-07,4.280014074841721750e-06
4.920319181832031319e+01,1.476095448686019154e+02,3.748814504884146560e-05,6.372984535213324772e-04,3.304463052880421969e-01,9.913331133472240708e-01,2.517706773318286557e-07,4.280088829057885312e-06
4.953363812360835539e+01,1.486008779819491394e+02,3.773991572617329426e-05,6.415785423503903625e-04,3.304502865079541607e-01,9.913568613550012287e-01,2.517706139433658827e-07,4.280117045994701920e-06
4.986408841011630955e+01,1.495922348433041407e+02,3.799168634011666014e-05,6.458586593963850644e-04,3.304542678767390385e-01,9.913500722236108231e-01,2.517734610043114427e-07,4.280145262491007185e-06
5.019454267799304858e+01,1.505835849155277515e+02,3.824345980112097158e-05,6.501388046588760716e-04,3.304544344070947659e-01,9.913738275785135556e-01,2.517763076190264937e-07,4.280220014167101898e-06
5.052499711240014335e+01,1.515749587431062650e+02,3.849523610873999808e-05,6.544190246730431735e-04,3.304584157853867055e-01,9.913823003211348350e-01,2.517791546756352450e-07,4.280201694183984572e-06
5.085545552818553006e+01,1.525663410434273999e+02,3.874701526341563332e-05,6.586992263672271581e-04,3.304623970204048078e-01,9.913755183861212572e-01,2.517790912829102022e-07,4.280276444358350856e-06
5.118591792520593486e+01,1.535577165618135211e+02,3.899879435469854352e-05,6.629795028115855089e-04,3.304663785580785884e-01,9.913992744184554340e-01,2.517848483390308189e-07,4.280351194160185273e-06
5.151638430376401345e+01,1.545491158362319766e+02,3.925057920303757434e-05,6.672598540057456942e-04,3.304665449546249079e-01,9.914077473661677686e-01,2.517847849434394166e-07,4.280332872610395807e-06
5.184685084871863836e+01,1.555405235835981443e+02,3.950236398798101376e-05,6.715401868783560900e-04,3.304743412007837833e-01,9.914162275387070622e-01,2.517876319928449998e-07,4.280361086063887675e-06
5.217732518991942214e+01,1.565319398111368514e+02,3.975415161997385876e-05,6.758205479644199777e-04,3.304706929058980336e-01,9.914094459537352577e-01,2.517904785960336264e-07,4.280435833724097541e-06
5.250779588282532018e+01,1.575233492570905867e+02,4.000594209856989239e-05,6.801009837981440752e-04,3.304784890096996719e-01,9.914331954871329344e-01,2.517904154196272458e-07,4.280464045897797165e-06
5.283827437183501985e+01,1.585147824525777196e+02,4.025773251398951963e-05,6.843814478440418724e-04,3.304824705768538706e-01,9.914416834203052531e-01,2.517961724627238839e-07,4.280538791658051144e-06
5.316875684241187372e+01,1.595062241359980248e+02,4.050952868645224351e-05,6.886619866356999235e-04,3.304826369884636961e-01,9.914501566485967032e-01,2.517961090614268677e-07,4.280520468945888529e-06
5.349923947940033742e+01,1.604976742926466216e+02,4.076132479551367038e-05,6.929425071046458121e-04,3.304866184103829596e-01,9.914586448412876507e-01,2.517989558794366022e-07,4.280595213426350264e-06
5.382972609781072038e+01,1.614891329374879092e+02,4.101312375139310698e-05,6.972231023180721623e-04,3.304867849833357241e-01,9.914671257003817573e-01,2.518018029173225373e-07,4.280623423438801277e-06
5.416021288279405610e+01,1.624806000631882910e+02,4.126492555431042952e-05,7.015037257415109636e-04,3.304945811117860899e-01,9.914756066432062198e-01,2.518017392911484379e-07,4.280651633010632527e-06
5.449070746390584219e+01,1.634720756698314972e+02,4.151672729360157796e-05,7.057843773745215961e-04,3.304947478518442949e-01,9.914840876697326166e-01,2.518074965432453736e-07,4.280679842141844015e-06
5.482120221175768648e+01,1.644635597575012298e+02,4.176853479014482333e-05,7.100650572166634401e-04,3.304987291341490163e-01,9.914925764735755820e-01,2.518074331362495197e-07,4.280754583886104726e-06
5.515170094089183550e+01,1.654550523339748054e+02,4.202034222328107285e-05,7.143458118005495449e-04,3.304988957222221302e-01,9.915010577595921859e-01,2.518102799448876817e-07,4.280782791737415549e-06
5.548219983661405763e+01,1.664465533917343976e+02,4.227215250322596054e-05,7.186265945922869604e-04,3.305028771725844194e-01,9.915095391293675675e-01,2.518131267513709919e-07,4.280810999147998189e-06
5.581270271378664205e+01,1.674380629308637651e+02,4.252396562997733153e-05,7.229074055914349586e-04,3.305106734891154474e-01,9.915332904678848536e-01,2.518159735556858977e-07,4.280839206340005670e-06
5.614321338727575750e+01,1.684295962213316500e+02,4.277578160353301742e-05,7.271882447977749643e-04,3.305070250656712005e-01,9.915265100630392681e-01,2.518159103664452739e-07,4.280913944682365226e-06
5.647372041234142870e+01,1.694211227313946893e+02,4.302759751389946270e-05,7.314691587424573295e-04,3.305148213916666577e-01,9.915349917759783693e-01,2.518187569458627678e-07,4.280942150594472043e-06
5.680423523373309536e+01,1.704126577231706676e+02,4.327941627084532547e-05,7.357501008930518015e-04,3.305149879996278628e-01,9.915434735726194049e-01,2.518216039671739622e-07,4.280970356065850677e-06
5.713475022173272322e+01,1.714042011967432870e+02,4.353123787481249943e-05,7.400310712491176522e-04,3.305189694746744067e-01,9.915672255993399631e-01,2.518244507642856999e-07,4.280998560652737178e-06
5.746526919120739763e+01,1.723957684223426270e+02,4.378306232557678513e-05,7.443120698097703894e-04,3.305229509554123979e-01,9.915604455441950904e-01,2.518272975592290332e-07,4.281073296481048736e-06
5.779579214216281002e+01,1.733873288678868221e+02,4.403488962313601416e-05,7.485931431062514381e-04,3.305269322727326653e-01,9.915689195761103747e-01,2.518272341422585193e-07,4.281054968970966247e-06
5.812631907443554269e+01,1.743788977874629325e+02,4.428671685727827268e-05,7.528741980752224044e-04,3.305270990659252561e-01,9.915926802038370624e-01,2.518329913653869281e-07,4.281129703297549376e-06
5.845684617350146794e+01,1.753704904676667695e+02,4.453854984864365961e-05,7.571553277785199538e-04,3.305310803907914874e-01,9.915858922340134995e-01,2.518329279455432785e-07,4.281157905945123451e-06
5.878737725389225943e+01,1.763620763599007830e+02,4.479038277658920289e-05,7.614364856844650772e-04,3.305350618905151805e-01,9.916096533439429095e-01,2.518357745112591675e-07,4.281232638815514642e-06
5.911791231578277461e+01,1.773536860132447259e+02,4.504221855110046205e-05,7.657177183232805918e-04,3.305352285259033351e-01,9.916028572108643857e-01,2.518386215188687569e-07,4.281214309941072139e-06
5.944844754430867795e+01,1.783452888704555903e+02,4.529405717261933081e-05,7.699989326332216640e-04,3.305392098611505958e-01,9.916266187108249142e-01,2.518385580961926291e-07,4.281289041309734901e-06
5.977898675416982854e+01,1.793369154891664152e+02,4.554589573071552344e-05,7.742802216745313989e-04,3.305431913741614380e-01,9.916198309065578087e-01,2.518414051009426353e-07,4.281317241796277207e-06
6.010952994554398998e+01,1.803285353200729730e+02,4.579773713581646608e-05,7.785615389163276761e-04,3.305471730687372656e-01,9.916435928887210594e-01,2.518471618640643912e-07,4.281391971708531190e-06
6.044007711861272725e+01,1.813201789129616941e+02,4.604958429768053047e-05,7.828429308880362073e-04,3.305511542413839265e-01,9.916520675365916304e-01,2.518441884552324135e-07,4.281373641469837094e-06
6.077062827285411117e+01,1.823118309804982857e+02,4.630142848613576288e-05,7.871243045295060444e-04,3.305513210724981832e-01,9.916452883096553705e-01,2.518499452140376895e-07,4.281448369880471068e-06
6.110117959392660936e+01,1.833034762688079411e+02,4.655327843134980057e-05,7.914057528993865154e-04,3.305553026064131927e-01,9.916690338324087861e-01,2.518527922101073020e-07,4.281430039158873324e-06
6.143173489653302255e+01,1.842951453026403499e+02,4.680513122355990787e-05,7.956871829385453888e-04,3.305554690895178283e-01,9.916775429583708501e-01,2.518527287802889924e-07,4.281597824207315078e-06
6.176229036562254038e+01,1.852868228455987207e+02,4.705698395234019686e-05,7.999687807627527038e-04,3.305632655087080707e-01,9.916707295594164862e-01,2.518555757735057980e-07,4.281486434908597129e-06
6.209285363113124845e+01,1.862784935751581372e+02,4.730883952811370266e-05,8.042502671976613010e-04,3.305634321790904551e-01,9.916945101244891703e-01,2.518584223204785419e-07,4.281654217658530277e-06
6.242341706331033890e+01,1.872701880852826264e+02,4.756069795043418120e-05,8.085319214153198313e-04,3.305674137319698502e-01,9.917029851823997433e-01,2.518612693093449863e-07,4.281635885396064406e-06
6.275398447704230875e+01,1.882618910704650261e+02,4.781255921974352619e-05,8.128135573007158957e-04,3.305713952905193764e-01,9.917114601858543210e-01,2.518641158519944741e-07,4.281617552846827060e-06
6.308455587233282813e+01,1.892536025306508805e+02,4.806442333559552066e-05,8.170951748535627227e-04,3.305715617887017288e-01,9.917199528237574668e-01,2.518640526385016029e-07,4.281692276601788485e-06
6.341512743412152986e+01,1.902453224834746379e+02,4.831628738823402227e-05,8.213768671301645112e-04,3.305755433548327460e-01,9.917284456834636330e-01,2.518668994003157835e-07,4.281766999096473306e-06
6.374570297747636261e+01,1.912370509291581016e+02,4.856815428763433805e-05,8.256586341292609845e-04,3.305833398101682974e-01,9.917369208918671575e-01,2.518697461599480074e-07,4.281748665646372375e-06
6.407628631728653090e+01,1.922287878500499687e+02,4.882002403379428606e-05,8.299403827949073569e-04,3.305758769237172601e-01,9.917454140109498439e-01,2.518755033352834292e-07,4.281823387083201135e-06
6.440686219421024816e+01,1.932205332640609186e+02,4.907189953712956949e-05,8.342222061819905580e-04,3.305913025961046969e-01,9.917539073518071291e-01,2.518696192818121885e-07,4.281898107259970131e-06
6.473745349680635286e+01,1.942122871714127257e+02,4.932376915641138168e-05,8.385041042892505282e-04,3.305838400920890763e-01,9.917623827650743351e-01,2.518811968429875712e-07,4.281879772686961010e-06
6.506803733689844194e+01,1.952040495541778000e+02,4.957565035325436925e-05,8.427859840619374892e-04,3.305916360012020050e-01,9.917708763653081405e-01,2.518753130116151455e-07,4.281954491583829341e-06
6.539862897289964394e+01,1.961958204305431082e+02,4.982752566626598439e-05,8.470679385535213185e-04,3.305918028987946400e-01,9.917793701872028578e-01,2.518810699562458975e-07,4.282029209664293436e-06
6.572922077579843858e+01,1.971875998007303110e+02,5.007940673622223029e-05,8.513499677631856119e-04,3.305995995806085830e-01,9.917878458055326973e-01,2.518868268965059596e-07,4.282010873968701385e-06
6.605982037537904716e+01,1.981793876465358437e+02,5.033129356311873625e-05,8.556319786371543133e-04,3.305997661070563254e-01,9.917963398867186697e-01,2.518867636715815318e-07,4.282085590547437051e-06
6.639042014148610349e+01,1.991711839864225624e+02,5.058318032679031778e-05,8.599140642277017504e-04,3.305999326334045918e-01,9.918200875559364249e-01,2.518867000026221042e-07,4.282067254368941353e-06
6.672102007411950808e+01,2.001630040739784988e+02,5.083506702679293989e-05,8.641961314820706917e-04,3.306077289440167988e-01,9.918133099862131985e-01,2.518866365557276103e-07,4.282141969889929380e-06
6.705162780306352488e+01,2.011548173839647120e+02,5.108695366334866750e-05,8.684782734519606211e-04,3.306078958662652667e-01,9.918217857550075678e-01,2.518923937093518837e-07,4.282123633228530034e-06
6.738223569892979015e+01,2.021466391697197196e+02,5.133884605705801938e-05,8.727603970851891511e-04,3.306156925823984238e-01,9.918302992404903762e-01,2.518981506365811909e-07,4.282291397771347680e-06
6.771285139151218857e+01,2.031384694689602100e+02,5.159074420769460057e-05,8.770426884829604988e-04,3.306158591238954614e-01,9.918540285279675572e-01,2.518980874059511491e-07,4.282180009705150760e-06
6.804346725063608403e+01,2.041303234974881775e+02,5.184264229510055172e-05,8.813248684926656496e-04,3.306160256653356555e-01,9.918472702852341172e-01,2.518980237312861076e-07,4.282347772393223749e-06
6.837408327630141969e+01,2.051221707677734116e+02,5.209454031883183783e-05,8.856072162650588733e-04,3.306238224004829362e-01,9.918710187562567171e-01,2.519037806512783653e-07,4.282329433969345352e-06
6.870470709870190262e+01,2.061140417865296683e+02,5.234644409948311619e-05,8.898895456990282187e-04,3.306239889494833051e-01,9.918642225027269888e-01,2.519037174178158454e-07,4.282311095480631664e-06
6.903533108765138593e+01,2.071059060090323953e+02,5.259834781690093204e-05,8.941718567945088503e-04,3.306241554984552522e-01,9.918880096872726426e-01,2.519036539623426018e-07,4.282478854876958438e-06
6.936595524314984118e+01,2.080977940187196680e+02,5.285025147086327464e-05,8.984543356493858088e-04,3.306319522526308674e-01,9.918811941245451180e-01,2.519094108751045863e-07,4.282367466975777089e-06
6.969658719540247205e+01,2.090896752128442131e+02,5.310216088173837923e-05,9.027367031163615859e-04,3.306321188091345675e-01,9.919049818830387721e-01,2.519093474167649832e-07,4.282535224073595256e-06
7.002721931421160662e+01,2.100815801947272519e+02,5.335407022915514421e-05,9.070192383404351811e-04,3.306399155785868516e-01,9.918981857027233673e-01,2.519151043237264861e-07,4.282516884044121862e-06
7.035785922979019347e+01,2.110734783804299752e+02,5.360598533347887070e-05,9.113017552244793030e-04,3.306324523372126123e-01,9.919219545054716036e-01,2.519150408625205236e-07,4.282591591331028069e-06
7.068849168212740608e+01,2.120654003349354468e+02,5.385790037434139122e-05,9.155843468158103311e-04,3.306478789254612138e-01,9.919151582695917568e-01,2.519207979857058209e-07,4.282573250597040103e-06
7.101913956105286729e+01,2.130573154932050386e+02,5.410982117232709704e-05,9.198669200664073712e-04,3.306404152725548329e-01,9.919389274622574248e-01,2.519149141607708456e-07,4.282647956604045646e-06
7.134977997632542213e+01,2.140492544206672960e+02,5.436173608648786789e-05,9.241495680230114168e-04,3.306482124820178115e-01,9.919474041267335451e-01,2.519264914184509352e-07,4.282629615609090216e-06
7.168042818880743994e+01,2.150412018247940296e+02,5.461366257790631882e-05,9.284321976386205070e-04,3.306560084513989750e-01,9.919559209010628820e-01,2.519206075935837225e-07,4.282797365458041079e-06
7.201108419725883891e+01,2.160331577456950924e+02,5.486558318549990254e-05,9.327149950040785481e-04,3.306485460536947585e-01,9.919491045640995708e-01,2.519321848425292083e-07,4.282685978238389216e-06
7.234173274331253367e+01,2.170251068502591920e+02,5.511751537034243175e-05,9.369976809823169373e-04,3.306563420268133768e-01,9.919728948029842286e-01,2.519263010177297583e-07,4.282853726232378581e-06
7.267238908533934705e+01,2.180170797450621762e+02,5.536944167136016151e-05,9.412805347085493159e-04,3.306641388495989986e-01,9.919813718018701820e-01,2.519320581264409566e-07,4.282835383474835680e-06
7.300305322418894605e+01,2.190090611168640464e+02,5.562137372948660247e-05,9.455633700920241516e-04,3.306643054362581324e-01,9.919898487463285619e-01,2.519319946566969020e-07,4.282817040874610515e-06
7.333371752962520418e+01,2.200010509656103750e+02,5.587330572414329937e-05,9.498461871328987621e-04,3.306644724515734879e-01,9.919983667210487965e-01,2.519377515375765663e-07,4.282984785354917480e-06
7.366438200207677767e+01,2.209930493323314238e+02,5.612524347568087594e-05,9.541291719182536796e-04,3.306722688666070553e-01,9.920068439247984315e-01,2.519376880649593759e-07,4.282966441474791650e-06
7.399505427094338472e+01,2.219850561762562222e+02,5.637718116374583531e-05,9.584121383597284712e-04,3.306724358933337271e-01,9.920153210740068062e-01,2.519434449400453349e-07,4.282948097751875134e-06
7.432572670683671845e+01,2.229770714973302290e+02,5.662912460868588065e-05,9.626950864574803464e-04,3.306726024912620687e-01,9.920238189872918610e-01,2.519433814645550087e-07,4.283022796341419934e-06
7.465639930932798052e+01,2.239690953163175209e+02,5.688106799015043565e-05,9.669781092538217663e-04,3.306803989195827853e-01,9.920323171221809844e-01,2.519433182111431688e-07,4.283097494114452078e-06
7.498707970824756330e+01,2.249611276334397019e+02,5.713301130836157882e-05,9.712612067479362184e-04,3.306805659596108171e-01,9.920407944761961971e-01,2.519490750789853020e-07,4.283079149047124869e-06
7.531776027420717412e+01,2.259531684279158981e+02,5.738496038344056413e-05,9.755442858969833432e-04,3.306807325649998575e-01,9.920492928703197322e-01,2.519490113786314453e-07,4.283153845540256348e-06
7.564844100677217398e+01,2.269452177207862178e+02,5.763690939481919557e-05,9.798274397425235996e-04,3.570050380092908426e-01,1.070834049165341639e+00,-8.616156426481011942e-05,4.367921410493760381e-04
7.600544604478146482e+01,2.280160517699515594e+02,-2.852465486999092046e-05,1.416619580791899638e-03,3.589822248878817845e-01,1.076594483999826934e+00,-9.181545774030750514e-05,4.650957265563148996e-04
7.636442826966934661e+01,2.290926462539513864e+02,-1.203401126102984222e-04,1.881715307348214537e-03,3.591983365715947230e-01,1.077609223841903940e+00,-9.190060219413652724e-05,4.655234066823577335e-04
7.672362660624094133e+01,2.301702554777932903e+02,-2.122407148044349494e-04,2.347238714030572271e-03,3.595153530070405168e-01,1.078275976141583214e+00,-9.196076446381712594e-05,4.658300287862806276e-04
7.708314195924798184e+01,2.312485314539348735e+02,-3.042014792682520754e-04,2.813068742816852898e-03,3.598007878361073608e-01,1.079063559594800381e+00,-9.203257705530363576e-05,4.661936746348412097e-04
7.744294274708408921e+01,2.323275950135296739e+02,-3.962340563235557112e-04,3.279262417451694108e-03,3.600707863264744901e-01,1.079852082398275570e+00,-9.210447858055449688e-05,4.665580099777934947e-04
7.780301353341056370e+01,2.334074470959279495e+02,-4.883385349041102080e-04,3.745820427429487603e-03,3.603634713551429058e-01,1.080656912655086899e+00,-9.217656227050361438e-05,4.669232180908020925e-04
7.816337700476570660e+01,2.344881040085830364e+02,-5.805150971746138224e-04,4.212743645520289695e-03,3.606407145759078503e-01,1.081432003690935062e+00,-9.224880490547003598e-05,4.672889256325720581e-04
7.852401771934161445e+01,2.355695360122739714e+02,-6.727639020800838584e-04,4.680032571152861753e-03,3.609177793771323195e-01,1.082238736117290046e+00,-9.232106675118500940e-05,4.676555013604921651e-04
7.888493549871874677e+01,2.366517747483912615e+02,-7.650849688312688678e-04,5.147688072513353919e-03,3.612098964957652925e-01,1.083015616290225580e+00,-9.239353425080111797e-05,4.680222018360645844e-04
7.924614539521451206e+01,2.377347903646814871e+02,-8.574785030820699858e-04,5.615710274349418503e-03,3.614865749511864124e-01,1.083824257014327941e+00,-9.246616088208709037e-05,4.683901367025442020e-04
7.960763197016569848e+01,2.388186146216958150e+02,-9.499446639641570761e-04,6.084100411051962705e-03,3.617706917777070430e-01,1.084603107512322140e+00,-9.253885348664526393e-05,4.687585625206634049e-04
7.996940266194340552e+01,2.399032177292081371e+02,-1.042483517450802340e-03,6.552858973572626110e-03,3.620546119134360197e-01,1.085413486786023896e+00,-9.261175195822272423e-05,4.691271075094776213e-04
8.033145727385684154e+01,2.409886312159941610e+02,-1.135095269409025064e-03,7.021986081082103731e-03,3.623383499572696564e-01,1.086194314820801310e+00,-9.268466989205631848e-05,4.694972494987733475e-04
8.069379562381411120e+01,2.420748255308149623e+02,-1.227779939301081383e-03,7.491483330580877079e-03,3.626295099037406544e-01,1.087006525215628017e+00,-9.275779381787726922e-05,4.698667670961376858e-04
8.105642513371785185e+01,2.431618320560305904e+02,-1.320537733118958652e-03,7.961350097677014764e-03,3.629128588314927129e-01,1.087789338533639238e+00,-9.283103056110923214e-05,4.702386157366417879e-04
8.141933799254934456e+01,2.442496213945642296e+02,-1.413368763680067884e-03,8.431588713413656552e-03,3.631960171456825037e-01,1.088588170218628193e+00,-9.290438017535147634e-05,4.706098362662336498e-04
8.178253400969502707e+01,2.453382095647828578e+02,-1.506273143855419360e-03,8.902198549679890202e-03,3.634789768414776745e-01,1.089403586772021981e+00,-9.297793599674772022e-05,4.709826432330033175e-04
8.214601298653650474e+01,2.464276131515548798e+02,-1.599251079852167081e-03,9.373181192912893520e-03,3.637693693508481374e-01,1.090188852182109258e+00,-9.305151153431471742e-05,4.713548194132596847e-04
8.250978235588735288e+01,2.475178020037369890e+02,-1.692302591386481798e-03,9.844536012326153204e-03,3.640595603781235923e-01,1.090990880504108418e+00,-9.312529340530580242e-05,4.717293146805166121e-04
8.287384191626547647e+01,2.486087928842410975e+02,-1.785427884791787601e-03,1.031626532700666982e-02,3.643495650092063443e-01,1.091793555980501651e+00,-9.319909508410505888e-05,4.721031754423479082e-04
8.323819148127468281e+01,2.497005864402215991e+02,-1.878626979875892659e-03,1.078836850244901772e-02,3.646317374329441918e-01,1.092597423890566688e+00,-9.327328985554760379e-05,4.724786120737373141e-04
8.360282321870762701e+01,2.507931838641121658e+02,-1.971900269731440263e-03,1.126084711452275504e-02,3.649213541261104865e-01,1.093386684397074760e+00,-9.334731792962330105e-05,4.728541478921880620e-04
8.396774457283373749e+01,2.518865705485092406e+02,-2.065247587661063564e-03,1.173370126241494310e-02,3.652107520776013416e-01,1.094207643417774989e+00,-9.342173925831797135e-05,4.732297817346565322e-04
8.433295532491133883e+01,2.529807781919270155e+02,-2.158669326919381536e-03,1.220693104414959963e-02,3.655075902771329766e-01,1.094998918407299016e+00,-9.349599394754088896e-05,4.736069837795713749e-04
8.469846291518847181e+01,2.540757771103343146e+02,-2.252165320866922425e-03,1.268053802792917101e-02,3.657889677895838076e-01,1.095806834680331576e+00,-9.357082875582250006e-05,4.739857500762577336e-04
8.506425188297805562e+01,2.551715839450146461e+02,-2.345736149622744925e-03,1.315452377800542874e-02,3.660854123609027511e-01,1.096615401536524814e+00,-9.364531031566449698e-05,4.743638717552046968e-04
8.543033729533895837e+01,2.562681993465511709e+02,-2.439381459938409422e-03,1.362888764976063344e-02,3.663816342650108027e-01,1.097424988974239568e+00,-9.372018545585189195e-05,4.747428182967517590e-04
8.579671892960396917e+01,2.573656243355254105e+02,-2.533101645394261314e-03,1.410363046805738520e-02,3.666700395104243171e-01,1.098235599071244906e+00,-9.379526758179724741e-05,4.751225871442218279e-04
8.616338896911439349e+01,2.584638599345966554e+02,-2.626896912976058561e-03,1.457875305520160703e-02,3.669582553168595496e-01,1.099031745392778703e+00,-9.387037001258764779e-05,4.755031757401519815e-04
8.653034722443125304e+01,2.595628916799894341e+02,-2.720767282988646209e-03,1.505425623094175901e-02,3.672538894069532489e-01,1.099844015879625658e+00,-9.394549276876655586e-05,4.758831143740673703e-04
8.689760111383820629e+01,2.606627356958690598e+02,-2.814712775757412765e-03,1.553013934531582638e-02,3.675492988126478622e-01,1.100642564065140050e+00,-9.402100948529027932e-05,4.762668026454426606e-04
8.726515041265085415e+01,2.617633782599341998e+02,-2.908733785242703044e-03,1.600640614796126904e-02,3.678445155995575533e-01,1.101472387448836798e+00,-9.409654667381179768e-05,4.766483693847342606e-04
8.763299492825041170e+01,2.628648506473830366e+02,-3.002830331916514842e-03,1.648305451734600330e-02,3.681319337991340035e-01,1.102272606902829466e+00,-9.417210435566907706e-05,4.770322127937778878e-04
8.800112686204954571e+01,2.639671232542858661e+02,-3.097002436272183919e-03,1.696008673013978119e-02,3.684343546615025389e-01,1.103073457817174585e+00,-9.424786941136234150e-05,4.774153988029404549e-04
8.836956121671104825e+01,2.650701967121030407e+02,-3.191250305683546260e-03,1.743750212894272164e-02,3.687289589588118588e-01,1.103906767004389167e+00,-9.432384193232062550e-05,4.778008549673022631e-04
8.873829017566986010e+01,2.661741034791074298e+02,-3.285574147615866886e-03,1.791530298391002390e-02,3.690233526834276745e-01,1.104709673957984251e+00,-9.440002201025875922e-05,4.781856500130042542e-04
8.910731352835328778e+01,2.672788131530654141e+02,-3.379974169626125645e-03,1.839348863392302816e-02,3.693251550111398274e-01,1.105513981218905428e+00,-9.447622282410337441e-05,4.785727086962718313e-04
8.947663868336442761e+01,2.683843271342843195e+02,-3.474450392450229019e-03,1.887206134261929999e-02,3.696191248115212602e-01,1.106349644510828512e+00,-9.455281825605484428e-05,4.789576409835460957e-04
8.984625780817594887e+01,2.694906767787951480e+02,-3.569003210706283864e-03,1.935101898360284609e-02,3.699129333379715945e-01,1.107156019449178075e+00,-9.462906067626538145e-05,4.793462933480527322e-04
9.021617074151392046e+01,2.705978327982443261e+02,-3.663632271382549245e-03,1.983036527695089882e-02,3.702217144060142573e-01,1.107963418900283159e+00,-9.470569782803629072e-05,4.797357373126642788e-04
9.058639245591993472e+01,2.717057962171446093e+02,-3.758337969210585536e-03,2.031010101426356310e-02,3.705150956000125007e-01,1.108802216666219920e+00,-9.478235590738457936e-05,4.801230514037621577e-04
9.095690755151994722e+01,2.728145984338108292e+02,-3.853120325117970115e-03,2.079022406566732525e-02,3.708082467524462800e-01,1.109611303915130520e+00,-9.485940893825791156e-05,4.805126149339082609e-04
9.132771579827239350e+01,2.739242097377259597e+02,-3.947979734056228027e-03,2.127073668060123351e-02,3.711163986109795587e-01,1.110421810101740903e+00,-9.493648304616936207e-05,4.809044225387304472e-04
9.169883219688337306e+01,2.750346315478277006e+02,-4.042916217102397389e-03,2.175164110313996396e-02,3.714167516954915982e-01,1.111232560830671900e+00,-9.501357825297818138e-05,4.812940967949506932e-04
9.207024894857886466e+01,2.761458641086583725e+02,-4.137929795355375570e-03,2.223293519993491466e-02,3.717168710624605410e-01,1.112076338598910752e+00,-9.509106868959942005e-05,4.816874673559574938e-04
9.244196581964132520e+01,2.772579404472572833e+02,-4.233020864044974990e-03,2.271462266729087215e-02,3.720167907922729000e-01,1.112857952846127318e+00,-9.516858037524576763e-05,4.820787022525828414e-04
9.281398261043359810e+01,2.783707984001034106e+02,-4.328189444420220758e-03,2.319670136954345499e-02,3.717425554388853470e-01,1.111919869524967908e+00,-9.350654952396120212e-05,4.737653962755758452e-04
9.318572516587248344e+01,2.794827182696283785e+02,-4.421695993944181960e-03,2.367046676581903084e-02,3.714220858929593305e-01,1.111033135655475235e+00,-9.219618723367833252e-05,4.672078328647848167e-04
9.355714725176544277e+01,2.805937514052838537e+02,-4.513892181177860292e-03,2.413767459868381565e-02,3.717010366562334411e-01,1.111885209690399279e+00,-9.227654394428075335e-05,4.676119205095467801e-04
9.392884828842167622e+01,2.817056366149742530e+02,-4.606168725122141046e-03,2.460528651919336243e-02,3.720412516177304951e-01,1.112729629314117119e+00,-9.234943644767078935e-05,4.679848219180000879e-04
9.430088954003940671e+01,2.828183662442883701e+02,-4.698518161569811835e-03,2.507327134111136252e-02,3.723356721591386531e-01,1.113480442166178364e+00,-9.242272267884384107e-05,4.683556451980028235e-04
9.467322521219854536e+01,2.839318466864545485e+02,-4.790940884248655676e-03,2.554162698630936534e-02,3.726223108541546480e-01,1.114325740553908872e+00,-9.249602844330333945e-05,4.687258451473198806e-04
9.504584752305270001e+01,2.850461724270084574e+02,-4.883436912691959016e-03,2.601035283145668522e-02,3.729163531927923714e-01,1.115078548507369760e+00,-9.256935376049119785e-05,4.690983243402467584e-04
9.541876387624549238e+01,2.861612509755158271e+02,-4.976006266452450214e-03,2.647945115579693198e-02,3.732177961548046596e-01,1.115894589496690514e+00,-9.264269865030556189e-05,4.694701765598843779e-04
9.579198167240029704e+01,2.872771455650125176e+02,-5.068648965102755775e-03,2.694892133235681636e-02,3.735114204847178598e-01,1.116712080594936651e+00,-9.271643758906270710e-05,4.698443016565648223e-04
9.616549309288501490e+01,2.883938576456074543e+02,-5.161365402691818483e-03,2.741876563401338118e-02,3.738048538771181484e-01,1.117498843640589712e+00,-9.279019624397737837e-05,4.702177961360062830e-04
9.653929794676213305e+01,2.895113564892480440e+02,-5.254155598935795861e-03,2.788898343014938747e-02,3.740980961342472710e-01,1.118286201466446528e+00,-9.286397463484103582e-05,4.705906602221095192e-04
9.691339604289638032e+01,2.906296426907144905e+02,-5.347019573570636897e-03,2.835957409037149698e-02,3.743986983096760923e-01,1.119107190850627376e+00,-9.293814734298317531e-05,4.709686852135547275e-04
9.728779474120605641e+01,2.917487498815651179e+02,-5.439957720913620072e-03,2.883054277558505171e-02,3.746991431688257990e-01,1.119895768057631358e+00,-9.301196533543273220e-05,4.713402837304703219e-04
9.766249388437488221e+01,2.928686456496227493e+02,-5.532969686249052804e-03,2.930188305931552203e-02,3.749917338236343767e-01,1.120687409169931925e+00,-9.308655238552451111e-05,4.717199309547531749e-04
9.803748561819851659e+01,2.939893330587926812e+02,-5.626056238634577315e-03,2.977360299027027521e-02,3.752917174177383686e-01,1.121510267541225403e+00,-9.316115946107327711e-05,4.720960449625527522e-04
9.841277733561625496e+01,2.951108433263339066e+02,-5.719217398095650592e-03,3.024569903523282796e-02,3.755915430889729123e-01,1.122303139659663884e+00,-9.323541188148085079e-05,4.724744115945332668e-04
9.878836887870522787e+01,2.962331464659935705e+02,-5.812452809977131443e-03,3.071817344682736123e-02,3.758987208029367366e-01,1.123128080418553054e+00,-9.331005899887185456e-05,4.728521369044003109e-04
9.916426759950816461e+01,2.973562745464121235e+02,-5.905762868976003298e-03,3.119102558373176154e-02,3.761904960374948814e-01,1.123923012285615641e+00,-9.338510097309758728e-05,4.732321084635823794e-04
9.954045809554565949e+01,2.984801975586977392e+02,-5.999147969949100885e-03,3.166425769219534392e-02,3.764896977861980076e-01,1.124718544727784320e+00,-9.345978835367287074e-05,4.736114350569337050e-04
9.991694779333185750e+01,2.996049161034255235e+02,-6.092607758302773756e-03,3.213786912725227762e-02,3.767962101050699175e-01,1.125547027762536345e+00,-9.353524554274982028e-05,4.739930015228918658e-04
1.002937440034369274e+02,3.007304631311880598e+02,-6.186143003845523576e-03,3.261186212877516949e-02,3.770949797030738182e-01,1.126343786364600419e+00,-9.361034821431940545e-05,4.743710361376149431e-04
1.006708389831400012e+02,3.018568069175526603e+02,-6.279753352059842982e-03,3.308623316491278443e-02,3.773935905964691528e-01,1.127143671335261388e+00,-9.368509624883142317e-05,4.747570720960436752e-04
1.010482325737364704e+02,3.029839505888879216e+02,-6.373438448308674405e-03,3.356099023700882811e-02,3.777070119019612093e-01,1.127942472222230208e+00,-9.376136425627134424e-05,4.751366906876677842e-04
1.014259395856384316e+02,3.041118930611101518e+02,-6.467199812564945749e-03,3.403612692769649589e-02,3.779975691604704480e-01,1.128775136126023426e+00,-9.383690293310060354e-05,4.755214196329876630e-04
1.018039371547989020e+02,3.052406681972361753e+02,-6.561036715498046352e-03,3.451164834732948355e-02,3.783106665288613613e-01,1.129608447988232456e+00,-9.391246205115062751e-05,4.759054926804437424e-04
1.021822478213277634e+02,3.063702766452244077e+02,-6.654949177549196980e-03,3.498755384000992730e-02,3.786159061277345472e-01,1.130380059450772023e+00,-9.398879173535407139e-05,4.762917864567714488e-04
1.025608637274554980e+02,3.075006567046751798e+02,-6.748937969284551051e-03,3.546384562646669875e-02,3.789134449200162180e-01,1.131214605142986329e+00,-9.406439194054733166e-05,4.766745456675561265e-04
1.029397771723755142e+02,3.086318713098181661e+02,-6.843002361225098383e-03,3.594052017213425487e-02,3.792257820075519703e-01,1.132019878936887380e+00,-9.414151313920891828e-05,4.770623969862219926e-04
1.033190029543830661e+02,3.097638911887550535e+02,-6.937143874364307301e-03,3.641758256912047687e-02,3.795304952016351763e-01,1.132825759470790672e+00,-9.421715465713405985e-05,4.774495851183890860e-04
1.036985334495847013e+02,3.108967169482258441e+02,-7.031361029021441361e-03,3.689503215423886595e-02,3.798349286282842741e-01,1.133663901892703052e+00,-9.429356710757407639e-05,4.778361102982311981e-04
1.040783683782129856e+02,3.120303808501185472e+02,-7.125654596129015438e-03,3.737286826453709715e-02,3.801467341390605270e-01,1.134472747947995686e+00,-9.437000033839324648e-05,4.782277118345612532e-04
1.044585151123520461e+02,3.131648535980665429e+02,-7.220024596467408684e-03,3.785109597637165840e-02,3.804506821950610629e-01,1.135280469474253096e+00,-9.444720489821742393e-05,4.786129063317282051e-04
1.048389657945471072e+02,3.143001340675407960e+02,-7.314471801365626108e-03,3.832970888270338661e-02,3.807544266876163874e-01,1.136090526949658397e+00,-9.452443049412593418e-05,4.790031721688889355e-04
1.052197202212347236e+02,3.154362245944904544e+02,-7.408996231859752042e-03,3.880871205487227554e-02,3.810731915650364954e-01,1.136933779690309620e+00,-9.460092647758152479e-05,4.793956331830342976e-04
1.056007934127997601e+02,3.165731583741807640e+02,-7.503597158337333567e-03,3.928810768805530984e-02,3.813765260016452885e-01,1.137713348667659830e+00,-9.467819406800033477e-05,4.797845560343128035e-04
1.059821699388014054e+02,3.177108717228484238e+02,-7.598275352405333902e-03,3.976789224408962264e-02,3.816871464478310827e-01,1.138558720223159071e+00,-9.475623357149080134e-05,4.801785344581560588e-04
1.063638570852492364e+02,3.188494304430715829e+02,-7.693031585976824703e-03,4.024807077854777870e-02,3.819977209463729650e-01,1.139404746547199920e+00,-9.483279264491453753e-05,4.805718351152676870e-04
1.067458548061956094e+02,3.199888351896187828e+02,-7.787864378621739241e-03,4.072864261366304639e-02,3.823079273632430386e-01,1.140186992253575227e+00,-9.491087455831565683e-05,4.809615983312268139e-04
1.071281627335588524e+02,3.211290221818723580e+02,-7.882775253180054897e-03,4.120960421199427320e-02,3.826254943540448039e-01,1.141036024635241120e+00,-9.498897785226341484e-05,4.813592640057345884e-04
1.075107882279128972e+02,3.222700582065075992e+02,-7.977764231032318312e-03,4.169096347600000779e-02,3.829353648861513193e-01,1.141821220858162178e+00,-9.506635145195736769e-05,4.817533872194176836e-04
1.078937235927990486e+02,3.234118794273657613e+02,-8.072830582484275680e-03,4.217271686321942548e-02,3.832449459304143602e-01,1.142671506153135397e+00,-9.514449743081888899e-05,4.821496852908183084e-04
1.082769685387294629e+02,3.245545509335188967e+02,-8.167975079915094569e-03,4.265486654851024378e-02,3.835618023929754372e-01,1.143522445106327723e+00,-9.522341609712568766e-05,4.825452985478470569e-04
1.086605303411224384e+02,3.256980733786252244e+02,-8.263198496012220257e-03,4.313741184705809084e-02,3.838710465186636611e-01,1.144310337220588281e+00,-9.530085382444299091e-05,4.829402272364877180e-04
1.090444013876411020e+02,3.268423837158458127e+02,-8.358499349836663248e-03,4.362035207429457856e-02,3.841950464397285714e-01,1.145132443672707723e+00,-9.537981559558719735e-05,4.833401749018625959e-04
1.094285964340808306e+02,3.279875161595185205e+02,-8.453879165432250445e-03,4.410369224919644116e-02,3.845037866710754315e-01,1.145987042487035978e+00,-9.545804764114762531e-05,4.837394302205297314e-04
1.098131002207519060e+02,3.291335032020055564e+02,-8.549337213073398070e-03,4.458743167941697089e-02,3.848197137436670801e-01,1.146810403586130178e+00,-9.553780427732846969e-05,4.841379934379733130e-04
1.101979199344955731e+02,3.302803136055916866e+02,-8.644875017350726540e-03,4.507156967285494420e-02,3.851355947298600313e-01,1.147635275293907853e+00,-9.561607970661085976e-05,4.845387123132427476e-04
1.105830555292254331e+02,3.314279488808855945e+02,-8.740491097057337400e-03,4.555610838516818695e-02,3.854511793997659197e-01,1.148461663623152162e+00,-9.569512838843163838e-05,4.849415815739790969e-04
1.109685067086251991e+02,3.325764105445087466e+02,-8.836186225445769038e-03,4.604104996674216604e-02,3.906871783488128358e-01,1.162650040534515483e+00,-1.064219391497707445e-04,5.386614601566863669e-04
1.113591938869740119e+02,3.337390605850432621e+02,-8.942608164595539783e-03,4.657971142689885241e-02,3.936810951209963605e-01,1.172209059115573382e+00,-1.132305906054262984e-04,5.727520697404453465e-04
1.117528749820950082e+02,3.349112696441588355e+02,-9.055838755200966081e-03,4.715246349663929776e-02,3.942716832886361544e-01,1.173210417681957551e+00,-1.133366514289944199e-04,5.732965040759208097e-04
1.121471466653836444e+02,3.360844800618407930e+02,-9.169175406629960501e-03,4.772576000071521857e-02,3.946349700908626801e-01,1.174147641161198408e+00,-1.134442508771843494e-04,5.738369748780752788e-04
1.125417816354745071e+02,3.372586277030019914e+02,-9.282619657507144850e-03,4.829959697559329385e-02,3.950276754968484738e-01,1.175159601146219757e+00,-1.135563980413246271e-04,5.744075461222436507e-04
1.129368093109713556e+02,3.384337873041482112e+02,-9.396176055548469477e-03,4.887400452171553750e-02,3.954199805477713880e-01,1.176140350823061453e+00,-1.136693341299149784e-04,5.749769456330489081e-04
1.133322292915191269e+02,3.396099276549712727e+02,-9.509845389678384456e-03,4.944898146734858640e-02,3.958119699423434668e-01,1.177154823287082763e+00,-1.137823072680232972e-04,5.755480087087511132e-04
1.137280412614614704e+02,3.407870824782583554e+02,-9.623627696946407753e-03,5.002452947605733752e-02,3.962036432726137036e-01,1.178170108263827842e+00,-1.138953175026484466e-04,5.761178961240301377e-04
1.141242449047340841e+02,3.419652525865221833e+02,-9.737523014449056200e-03,5.060064737218136766e-02,3.965873588705335351e-01,1.179188049292292817e+00,-1.140091173144151121e-04,5.766922714657493620e-04
1.145208322636046177e+02,3.431444406358144761e+02,-9.851532131763471312e-03,5.117733964364711702e-02,3.969935066709524563e-01,1.180176561344467245e+00,-1.141222020530976988e-04,5.772711221564905126e-04
1.149178257702755701e+02,3.443246171971589433e+02,-9.965654333816569010e-03,5.175461076580360753e-02,3.973764991393551327e-01,1.181165843238204616e+00,-1.142368292405861185e-04,5.778487790493377907e-04
1.153152022694149252e+02,3.455057830403971479e+02,-1.007989116305715513e-02,5.233245954485294532e-02,3.977743658173693575e-01,1.182188021970944192e+00,-1.143507415354190482e-04,5.784252426330113717e-04
1.157129766352322946e+02,3.466879710623680921e+02,-1.019424190459257418e-02,5.291088478748595669e-02,3.981718224779910997e-01,1.183211012975846188e+00,-1.144654441977456527e-04,5.790005134021988797e-04
1.161111484577102857e+02,3.478711820753439383e+02,-1.030870734879031983e-02,5.348988530088815557e-02,3.985689560493028694e-01,1.184206383273760821e+00,-1.145801847553997582e-04,5.795858853424110113e-04
1.165097174137595886e+02,3.490553884586176991e+02,-1.042328753354571959e-02,5.406947118623056658e-02,3.989656771466769669e-01,1.185234713120223660e+00,-1.146957162071089720e-04,5.801700458226699553e-04
1.169086830909062655e+02,3.502406231717379228e+02,-1.053798324975282856e-02,5.464964123205323654e-02,3.993697107483029640e-01,1.186229783522492198e+00,-1.148105328719478679e-04,5.807473551446076798e-04
1.173080528016545685e+02,3.514268529552604150e+02,-1.065279378262477643e-02,5.523038858719784422e-02,3.997657805090284455e-01,1.187261590804439493e+00,-1.149261407007353547e-04,5.813347376610947248e-04
1.177078185821635969e+02,3.526141145460648545e+02,-1.076771992332551178e-02,5.581172332485893894e-02,4.001615245156671108e-01,1.188261983613131179e+00,-1.150417868769331581e-04,5.819209003822614634e-04
1.181079801066792641e+02,3.538023765296779857e+02,-1.088276171020244494e-02,5.639364422524120041e-02,4.005643975656596467e-01,1.189295398264960113e+00,-1.151582247473220688e-04,5.825058438102617697e-04
1.185085445042449237e+02,3.549916719279429458e+02,-1.099791993494976701e-02,5.697615006905146218e-02,4.009669403943121324e-01,1.190301142616704055e+00,-1.152747013233451634e-04,5.831008225963413283e-04
1.189095114446392358e+02,3.561819730705596498e+02,-1.111319463627311217e-02,5.755925089164780351e-02,4.013766962953440043e-01,1.191336160088781071e+00,-1.153912166547942098e-04,5.836833158341311889e-04
1.193108881409345798e+02,3.573733092306484309e+02,-1.122858585292790638e-02,5.814293420748193469e-02,4.017709415265642292e-01,1.192345381228051338e+00,-1.155085243491928149e-04,5.842814528207521119e-04
1.197126590824611441e+02,3.585656546118764822e+02,-1.134409437727709920e-02,5.872721566030268681e-02,4.021800323964725976e-01,1.193383896168597857e+00,-1.156251175140655951e-04,5.848671085613224574e-04
1.201148391148576167e+02,3.597590385080450801e+02,-1.145971949479116479e-02,5.931208276886400926e-02,4.025886967571352670e-01,1.194396605873805584e+00,-1.157425033156880140e-04,5.854683795088258536e-04
1.205174278116147519e+02,3.609534351139188857e+02,-1.157546199810685281e-02,5.989755114837283512e-02,4.029969328533269390e-01,1.195408182691608090e+00,-1.158606821531314723e-04,5.860627841614909905e-04
1.209204247444680789e+02,3.621488432966104938e+02,-1.169132268025998428e-02,6.048361393253432611e-02,4.033972921724853222e-01,1.196452905964406455e+00,-1.159789005189017230e-04,5.866559435395504729e-04
1.213238220366405642e+02,3.633452962025749002e+02,-1.180730158077888600e-02,6.107026987607387658e-02,4.038124859794010035e-01,1.197467967743648387e+00,-1.160964044693221786e-04,5.872534622233527291e-04
1.217276345226199652e+02,3.645427641703185486e+02,-1.192339798524820818e-02,6.165752333829722931e-02,4.042196157823525482e-01,1.198520070117467640e+00,-1.162154559520497954e-04,5.878609283318930734e-04
1.221318541384023177e+02,3.657412842404360163e+02,-1.203961344120025798e-02,6.224538426662912238e-02,4.046264057892159371e-01,1.199536712057522436e+00,-1.163345473788896661e-04,5.884559261557092968e-04
1.225364805441915337e+02,3.669408209524935387e+02,-1.215594798857914764e-02,6.283384019278483168e-02,4.050403913131219724e-01,1.200557982879843166e+00,-1.164536788018366575e-04,5.890608592712953673e-04
1.229415209355046557e+02,3.681413789353733819e+02,-1.227240166738098430e-02,6.342290105205612705e-02,4.054540334718552685e-01,1.201580028448063331e+00,-1.165728502721518484e-04,5.896645200852285162e-04
1.233469749689765109e+02,3.693429589638214452e+02,-1.238897451765313615e-02,6.401256557214135556e-02,4.058673318088779070e-01,1.202635332279442082e+00,-1.166920618420417416e-04,5.902669091236711907e-04
1.237528423007853888e+02,3.705455942961008873e+02,-1.250566657949517789e-02,6.460283248126502675e-02,4.062801909891078367e-01,1.203693402688998049e+00,-1.168120680850818355e-04,5.908736111950585457e-04
1.241591224917744967e+02,3.717492876987898853e+02,-1.262247864758025973e-02,6.519370609246008530e-02,4.067000462116112658e-01,1.204689200155883100e+00,-1.169336240166157781e-04,5.914846136306772806e-04
1.245658225379861079e+02,3.729539768989457684e+02,-1.273941227159687550e-02,6.578519070609076258e-02,4.071123058858319155e-01,1.205750806868309155e+00,-1.170529569022721317e-04,5.920943260824956811e-04
1.249729348438719398e+02,3.741597277058140776e+02,-1.285646522849914763e-02,6.637728503217325826e-02,4.075315585553056508e-01,1.206782638843662880e+00,-1.171738396703383978e-04,5.927083234495422737e-04
1.253804664024272455e+02,3.753665103446577405e+02,-1.297363906816948603e-02,6.696999335562280053e-02,4.079427384677956070e-01,1.207813283483460509e+00,-1.172962730811230592e-04,5.933154509294713552e-04
1.257884091408950411e+02,3.765743236281412010e+02,-1.309093534125060909e-02,6.756330880655227189e-02,4.083690112196478594e-01,1.208881224072229088e+00,-1.174157281109856205e-04,5.939324255431338573e-04
1.261967781521146890e+02,3.777832048522134301e+02,-1.320835106936159471e-02,6.815724123209540575e-02,4.087945440049765011e-01,1.209917381957950511e+00,-1.175382438191336504e-04,5.945480924860746530e-04
1.266055726961196655e+02,3.789931222341713806e+02,-1.332588931318072836e-02,6.875178932458148040e-02,4.092046662027399861e-01,1.210954312765181839e+00,-1.176608011117553920e-04,5.951624522992637889e-04
1.270147773623224055e+02,3.802040765469365624e+02,-1.344355011429248375e-02,6.934695177688074419e-02,4.096296833541686055e-01,1.211995973319289988e+00,-1.177818895815273270e-04,5.957866211677709245e-04
1.274244070456765741e+02,3.814160725202558524e+02,-1.356133200387401108e-02,6.994273839804851511e-02,4.100539530580107339e-01,1.213036434170874145e+00,-1.179060404905320214e-04,5.964039096212486735e-04
1.278344609987345848e+02,3.826291089544267265e+02,-1.367923804436454310e-02,7.053914230766976379e-02,4.104782552959704844e-01,1.214110351284489298e+00,-1.180272120460141433e-04,5.970198826535377812e-04
1.282449392540305553e+02,3.838432193057112158e+02,-1.379726525641055725e-02,7.113616219032330157e-02,4.109018064221459099e-01,1.215125651532616757e+00,-1.181514468624848824e-04,5.976511844408421981e-04
1.286558410604527012e+02,3.850583449572438326e+02,-1.391541670327304213e-02,7.173381337476414377e-02,4.113251939971860338e-01,1.216203144701239580e+00,-1.182742128973922335e-04,5.982700529567758219e-04
1.290671662544498872e+02,3.862745481019450722e+02,-1.403369091617043436e-02,7.233208342772091959e-02,4.117630660945224008e-01,1.217252714376058975e+00,-1.183985321996060269e-04,5.988986802432511025e-04
1.294789293205444096e+02,3.874918008163211312e+02,-1.415208944837004039e-02,7.293098210796417069e-02,4.121855293811051979e-01,1.218301059431610156e+00,-1.185228940074143505e-04,5.995204265580728054e-04
1.298911148499255148e+02,3.887101018757527413e+02,-1.427061234237745474e-02,7.353050253452224350e-02,4.126078296802973000e-01,1.219388974688115468e+00,-1.186457866640573677e-04,6.001574441152762729e-04
1.303037226796058121e+02,3.899294908504408568e+02,-1.438925812904151211e-02,7.413065997863751977e-02,4.130444050232711106e-01,1.220408114957479029e+00,-1.187717451848670919e-04,6.007820372621874849e-04
1.307167670846290832e+02,3.911498989653983358e+02,-1.450802987422637920e-02,7.473144201589970725e-02,4.134657746726020378e-01,1.221464813934915128e+00,-1.188962348468037417e-04,6.014163449235832015e-04
1.311302328593016853e+02,3.923713637793332509e+02,-1.462692610907318294e-02,7.533285836082329046e-02,4.139168475633994149e-01,1.222555128679118752e+00,-1.190207672395558053e-04,6.020492918309972019e-04
1.315441497068650847e+02,3.935939189080123697e+02,-1.474594687631273875e-02,7.593490765265428766e-02,4.143372782061192083e-01,1.223582591808451525e+00,-1.191468548521514015e-04,6.026863998376819076e-04
1.319584869850712039e+02,3.948175014998208212e+02,-1.486509373116489015e-02,7.653759405249196957e-02,4.147723716148448148e-01,1.224676524009851164e+00,-1.192729858497006135e-04,6.033221382397424559e-04
1.323732593566860487e+02,3.960421780238306724e+02,-1.498436671701459076e-02,7.714091619073171202e-02,4.152070916787806709e-01,1.225738396186329737e+00,-1.193991602905283139e-04,6.039565076086522710e-04
1.327884664483648294e+02,3.972679164200170021e+02,-1.510376587730511908e-02,7.774487269834036429e-02,4.156414378866486459e-01,1.226772202019049018e+00,-1.195253782322307917e-04,6.046005311052954356e-04
1.332041078862514780e+02,3.984946886220360511e+02,-1.522329125553734987e-02,7.834947322944565973e-02,4.160904344011271405e-01,1.227870552477156707e+00,-1.196516397329074055e-04,6.052376587668273356e-04
1.336201983206526052e+02,3.997225591745132078e+02,-1.534294289527025727e-02,7.895471088821248706e-02,4.165238216777140678e-01,1.228907924797454143e+00,-1.197794581871778480e-04,6.058844183737671640e-04
1.340367221423303192e+02,4.009514670993106620e+02,-1.546272235345743512e-02,7.956059530658625423e-02,4.169570382030656219e-01,1.230009907501141697e+00,-1.199058073428262844e-04,6.065242799658115969e-04
1.344536791805333849e+02,4.021814770068118037e+02,-1.558262816080026140e-02,8.016711958655206582e-02,4.174044831774210706e-01,1.231050853257102062e+00,-1.200352276317321470e-04,6.071737513090175176e-04
1.348710836637108059e+02,4.034125278600689057e+02,-1.570266338843199355e-02,8.077429333786108334e-02,4.178369409227968845e-01,1.232158531269362811e+00,-1.201616650412726250e-04,6.078218170667976095e-04
1.352889206046336028e+02,4.046446863913382685e+02,-1.582282505347326618e-02,8.138211515492788095e-02,4.182836196353889591e-01,1.233201004966076653e+00,-1.202911744295313834e-04,6.084684778228377500e-04
1.357072042242689918e+02,4.058778873963043452e+02,-1.594311622790279756e-02,8.199058363275071870e-02,4.187301206917481977e-01,1.234279298385160928e+00,-1.204192145759716559e-04,6.091192220844671157e-04
1.361259343449607400e+02,4.071121666946895061e+02,-1.606353544247876922e-02,8.259970285483518582e-02,4.191762361482744836e-01,1.235393495128903396e+00,-1.205472992397600696e-04,6.097740370687582123e-04
1.365451105811090144e+02,4.083475601898184095e+02,-1.618408274171852929e-02,8.320947689190394403e-02,4.196215436986676650e-01,1.236440309453485042e+00,-1.206784577031938532e-04,6.104219475347311130e-04
1.369647321248076821e+02,4.095840004992718946e+02,-1.630476119942172314e-02,8.381989883943867514e-02,4.200668835636349741e-01,1.237527154362226156e+00,-1.208066323129079744e-04,6.110848789745298992e-04
1.373847990083713171e+02,4.108215276536341207e+02,-1.642556783173463111e-02,8.443098371841320504e-02,4.205116239383812626e-01,1.238577523172068595e+00,-1.209363665980178748e-04,6.117354191692986332e-04
1.378053106323096983e+02,4.120601051768061893e+02,-1.654650419833264899e-02,8.504271913758250367e-02,4.209557614869936515e-01,1.239701113333296689e+00,-1.210676613524926115e-04,6.124009513933242888e-04
1.382262663937966920e+02,4.132998062901394860e+02,-1.666757185968514160e-02,8.565512008897582796e-02,4.214147228484819152e-01,1.240755079600262434e+00,-1.211974866826455444e-04,6.130540969193354339e-04
1.386476811166451739e+02,4.145405613697397484e+02,-1.678876934636778714e-02,8.626817418589516340e-02,4.218580725789990993e-01,1.241882363787738086e+00,-1.213288729727327042e-04,6.137222055134089471e-04
1.390695391892241730e+02,4.157824437335274865e+02,-1.691009821934051985e-02,8.688189639140857234e-02,4.223162427255147122e-01,1.242942027198182586e+00,-1.214587895957373875e-04,6.143833930814801558e-04
1.394918554319496877e+02,4.170253857607256691e+02,-1.703155700893625724e-02,8.749627978449005250e-02,4.227735836914803258e-01,1.244037713919396992e+00,-1.215917835670661529e-04,6.150485891613516332e-04
1.399146290156411681e+02,4.182694234746450661e+02,-1.715314879250332339e-02,8.811132837365140413e-02,4.232307387861453662e-01,1.245100955469354176e+00,-1.217233081811618101e-04,6.157123265405212154e-04
1.403378597544273134e+02,4.195145244301144203e+02,-1.727487210068448520e-02,8.872704070019192535e-02,4.236724997228691336e-01,1.246202369532511511e+00,-1.218548790287918293e-04,6.163855079005103876e-04
1.407615322541501826e+02,4.207607267996469318e+02,-1.739672697971327703e-02,8.934342620809243574e-02,4.241436298906364755e-01,1.247335727368579228e+00,-1.219880126242176011e-04,6.170517639564748746e-04
1.411856758840408190e+02,4.220080625270155110e+02,-1.751871499233749463e-02,8.996047797204891061e-02,4.369693130655605273e-01,1.280853829230750307e+00,-1.435150928491488176e-04,7.249146284743906987e-04
1.416226451971063796e+02,4.232889163562462613e+02,-1.766223008518664345e-02,9.068539260052330131e-02,4.435275983007613831e-01,1.300335374652661358e+00,-1.555843936749713718e-04,7.853621436327840044e-04
1.420661727954071409e+02,4.245892517308989227e+02,-1.781781447886161482e-02,9.147075474415608531e-02,4.447715925561226413e-01,1.301939240546914789e+00,-1.558043151201407572e-04,7.864850904898412765e-04
1.425109443879632636e+02,4.258911909714458375e+02,-1.797361879398175558e-02,9.225723983464592659e-02,4.452370554097626609e-01,1.303252050813625829e+00,-1.560137139561962316e-04,7.875397342986395488e-04
1.429561814433730262e+02,4.271944430222594633e+02,-1.812963250793795181e-02,9.304477956894456614e-02,4.458646803726651342e-01,1.304728711052121071e+00,-1.562368655574943033e-04,7.886673740261640475e-04
1.434020461237456914e+02,4.284991717333115844e+02,-1.828586937349544611e-02,9.383344694297073019e-02,4.464915847989914255e-01,1.306172942719626917e+00,-1.564601179624459937e-04,7.897918589437058490e-04
1.438485377085446828e+02,4.298053446760312113e+02,-1.844232949145789210e-02,9.462323880191443604e-02,4.471177673659099128e-01,1.307653627030163079e+00,-1.566834713510600885e-04,7.909186086645508817e-04
1.442956554759105927e+02,4.311129983030613744e+02,-1.859901296280895219e-02,9.541415741057898692e-02,4.477579753768736737e-01,1.309106088551459379e+00,-1.569084442327832452e-04,7.920530213822440935e-04
1.447434134512874664e+02,4.324221043916128338e+02,-1.875592140704173544e-02,9.620621043196123101e-02,4.483974493905122927e-01,1.310599337248618212e+00,-1.571335191757269878e-04,7.932004738302050884e-04
1.451918109006779787e+02,4.337327037288614520e+02,-1.891305492621746243e-02,9.699941090579143610e-02,4.490212202524901386e-01,1.312055780939431315e+00,-1.573586963635777158e-04,7.943338902578617189e-04
1.456408321209304688e+02,4.350447595098008833e+02,-1.907041362258104014e-02,9.779374479604929782e-02,4.496737398648065209e-01,1.313517390418439845e+00,-1.575870140704399569e-04,7.954749100995417432e-04
1.460905058607952753e+02,4.363582769002193231e+02,-1.922800063665148010e-02,9.858921970614883956e-02,4.503257366118589289e-01,1.315017728165798871e+00,-1.578139165431952096e-04,7.966235006008348662e-04
1.465408315974071343e+02,4.376732946283851220e+02,-1.938581455319467531e-02,9.938584320674967443e-02,4.509617959854210767e-01,1.316456178445037040e+00,-1.580424420602744018e-04,7.977796289803523733e-04
1.469917933933925553e+02,4.389897508068301590e+02,-1.954385699525494971e-02,1.001836228357300268e-01,4.516118394784314205e-01,1.318000554530499357e+00,-1.582725917705363194e-04,7.989432624316283871e-04
1.474434052328709868e+02,4.403077513613606584e+02,-1.970212958702548603e-02,1.009825660981616552e-01,4.522613559114461168e-01,1.319440786404356913e+00,-1.585013268136023501e-04,8.000928335392260005e-04
1.478956665887824329e+02,4.416271921477650153e+02,-1.986063091383908838e-02,1.017826589317008812e-01,4.529098867076868373e-01,1.320962071353051215e+00,-1.587316869119635709e-04,8.012714131050147071e-04
1.483485764754901197e+02,4.429481542191180665e+02,-2.001936260075105195e-02,1.025839303448058959e-01,4.535571964387372645e-01,1.322442006325104558e+00,-1.589651937115750535e-04,8.024251490868772319e-04
1.488021336719288570e+02,4.442705962254431711e+02,-2.017832779446262700e-02,1.033863554938927731e-01,4.542191526793430967e-01,1.323935799742457675e+00,-1.591957664149774854e-04,8.036078192091705708e-04
1.492563528246082001e+02,4.455945320251856288e+02,-2.033752356087760449e-02,1.041899633131019437e-01,4.548801070632180199e-01,1.325426148778660718e+00,-1.594279662017021593e-04,8.047763904646260125e-04
1.497112329316714181e+02,4.469199581739642895e+02,-2.049695152707930665e-02,1.049947397035665697e-01,4.555398217646313697e-01,1.326926055629940038e+00,-1.596633154533552701e-04,8.059630714419008246e-04
1.501667727534360495e+02,4.482468842295942295e+02,-2.065661484253266192e-02,1.058007027750084705e-01,4.561989911738066894e-01,1.328426849015272637e+00,-1.598972519303888673e-04,8.071463637221859555e-04
1.506229717446098562e+02,4.495753110786095021e+02,-2.081651209446305079e-02,1.066078491387306565e-01,4.568571473120925930e-01,1.329962310198027353e+00,-1.601328182667012545e-04,8.083262689931314249e-04
1.510798288919219488e+02,4.509052733888075295e+02,-2.097664491272975204e-02,1.074161754077237879e-01,4.575292218287643209e-01,1.331439793779622960e+00,-1.603700156365822638e-04,8.095241852543594296e-04
1.515373581137507131e+02,4.522367131825871525e+02,-2.113701492836633430e-02,1.082256995929781473e-01,4.582007392780838018e-01,1.332956300267198912e+00,-1.606058008341709753e-04,8.107293554299038751e-04
1.519955588530287969e+02,4.535696694828543514e+02,-2.129762072920050528e-02,1.090364289484080512e-01,4.588709897382727831e-01,1.334469312825888210e+00,-1.608447403952106836e-04,8.119203849443756837e-04
1.524544298427670697e+02,4.549041387956802396e+02,-2.145846546959571596e-02,1.098483493333524269e-01,4.595406793226572972e-01,1.336025838936279797e+00,-1.610822684360475876e-04,8.131293265766920131e-04
1.529139705220897270e+02,4.562401646346165194e+02,-2.161954773803176355e-02,1.106614786599291189e-01,4.602242585680471620e-01,1.337515473357541396e+00,-1.613214300365921339e-04,8.143347857583888016e-04
1.533741947806577741e+02,4.575776801079740608e+02,-2.178086916806835568e-02,1.114758134456875077e-01,4.609065493682180659e-01,1.339044231798936835e+00,-1.615637495601604523e-04,8.155474189685679720e-04
1.538351013300259922e+02,4.589167243397729976e+02,-2.194243291762851614e-02,1.122913608646560757e-01,4.615735837792840357e-01,1.340544284363829775e+00,-1.618031355026736118e-04,8.167671931907927174e-04
1.542966749138052762e+02,4.602572686241368274e+02,-2.210423605313118975e-02,1.131081280578468684e-01,4.622542498968869040e-01,1.342113115346705854e+00,-1.620456807714387715e-04,8.179834380539902083e-04
1.547589291637021631e+02,4.615993817394835332e+02,-2.226628173390262852e-02,1.139261114959008586e-01,4.629490138252663201e-01,1.343623660260391262e+00,-1.622883397233050584e-04,8.192174125733336920e-04
1.552218781775274294e+02,4.629430053997439245e+02,-2.242857007362593358e-02,1.147453289084741923e-01,4.636427072217088607e-01,1.345164625098789202e+00,-1.625326367331973720e-04,8.204371891205458622e-04
1.556855208847491383e+02,4.642881700248427137e+02,-2.259110271035913095e-02,1.155657660975947382e-01,4.643209008388282655e-01,1.346719705040584358e+00,-1.627755241854628165e-04,8.216852490803006059e-04
1.561498417855879666e+02,4.656348897298832981e+02,-2.275387823454459377e-02,1.163874513466750388e-01,4.650126912984262617e-01,1.348266797336009404e+00,-1.630215752798473694e-04,8.229084773003630948e-04
1.566148544768863928e+02,4.669831565272193075e+02,-2.291689980982444114e-02,1.172103598239754019e-01,4.657183057900908807e-01,1.349793907993728226e+00,-1.632692673130611838e-04,8.241599140155903003e-04
1.570805727826764837e+02,4.683329504352130357e+02,-2.308016907713750232e-02,1.180345197379909922e-01,4.663935091230371199e-01,1.351355950960908103e+00,-1.635155511868144340e-04,8.254077012930238766e-04
1.575469662917995208e+02,4.696843063861739438e+02,-2.324368462832431675e-02,1.188599274392840160e-01,4.671125841625212161e-01,1.352889120620602625e+00,-1.637619515307900397e-04,8.266624171725522885e-04
1.580140788759620420e+02,4.710371955067945464e+02,-2.340744657985510679e-02,1.196865898564565683e-01,4.678002608119413708e-01,1.354457259536559377e+00,-1.640130455374429197e-04,8.279134610136851258e-04
1.584818791367739834e+02,4.723916527663311058e+02,-2.357145962539254971e-02,1.205145033174702535e-01,4.685173763216425868e-01,1.355996472790252483e+00,-1.642612068929530378e-04,8.291713933825939353e-04
1.589503965130956260e+02,4.737476492391213583e+02,-2.373572083228550275e-02,1.213436747108528474e-01,4.692182361524430689e-01,1.357575158778558944e+00,-1.645125384539675162e-04,8.304361811039273622e-04
1.594196147492480691e+02,4.751052243978999172e+02,-2.390023337073947027e-02,1.221741108919567748e-01,4.699331254531955437e-01,1.359124883471793055e+00,-1.647639896336580700e-04,8.317077909806153135e-04
1.598895478747012646e+02,4.764643492813717103e+02,-2.406499736037312834e-02,1.230058186829373901e-01,4.706322543301837413e-01,1.360714146187604001e+00,-1.650155606604079839e-04,8.329861897908019674e-04
1.603601801290314484e+02,4.778250634275593143e+02,-2.423001292103353632e-02,1.238388048727281920e-01,4.713451525370260242e-01,1.362269927292118155e+00,-1.652687786776428636e-04,8.342608206673152171e-04
1.608315252815684744e+02,4.791873333548514324e+02,-2.439528169971117919e-02,1.246730656933955073e-01,4.720718049886443168e-01,1.363865294102765802e+00,-1.655236449258565279e-04,8.355422003333556891e-04
1.613035970865571187e+02,4.805511986489541982e+02,-2.456080534463703571e-02,1.255086078937288629e-01,4.727826869244324826e-01,1.365431608767664784e+00,-1.657786332285270114e-04,8.368302955350237493e-04
1.617763797734815512e+02,4.819166302577218630e+02,-2.472658397786556272e-02,1.263454381892638867e-01,4.735221893994037146e-01,1.367003174604519700e+00,-1.660352714947625763e-04,8.381250729959099921e-04
1.622499019628809549e+02,4.832836334323263827e+02,-2.489261924936032530e-02,1.271835632622597967e-01,4.742312914216029185e-01,1.368579997905555956e+00,-1.662905051190190220e-04,8.394264994168731953e-04
1.627241332543025578e+02,4.846522134302319387e+02,-2.505890975447934432e-02,1.280229897616766699e-01,4.749536130752574081e-01,1.370192023056290509e+00,-1.665504460536711140e-04,8.407240618618638806e-04
1.631990868673778152e+02,4.860224054532882292e+02,-2.522546020053301544e-02,1.288637138235385338e-01,4.756904158706731778e-01,1.371770384768637996e+00,-1.668074554034247592e-04,8.420177622683044927e-04
1.636747772832484884e+02,4.873941758380568672e+02,-2.539226765593644020e-02,1.297057315858068383e-01,4.764106693218082000e-01,1.373363034680266992e+00,-1.670691748363352380e-04,8.433389885160180732e-04
1.641511879525702966e+02,4.887675388727371342e+02,-2.555933683077277543e-02,1.305490705743228563e-01,4.771605206284448286e-01,1.374956437175683277e+00,-1.673264339656296840e-04,8.446562772250476581e-04
1.646283484731987414e+02,4.901424953099128174e+02,-2.572666326473840512e-02,1.313937268515479040e-01,4.778935522006975134e-01,1.376555109657942921e+00,-1.675899344021972159e-04,8.459800746367929225e-04
1.651062420253994389e+02,4.915190504195707604e+02,-2.589425319914060233e-02,1.322397069261846969e-01,5.459348529746819167e-01,1.543986986913978399e+00,-2.663833111416838428e-04,1.341129509045968504e-03
1.656521768783741209e+02,4.930630374064847388e+02,-2.616063651028228618e-02,1.335808364352306654e-01,5.439684074995057017e-01,1.551194971559596070e+00,-2.692205710253942064e-04,1.355228493031990222e-03
1.661961452858736266e+02,4.946142323780443348e+02,-2.642985708130768038e-02,1.349360649282626556e-01,5.479815906136025205e-01,1.553555365947943301e+00,-2.697246535372163634e-04,1.357836014018842796e-03
1.667441268764872291e+02,4.961677877439922781e+02,-2.669958173484489675e-02,1.362939009422814984e-01,5.492484228514911138e-01,1.556489601713678894e+00,-2.704587521660251070e-04,1.361510777074109724e-03
1.672933752993387202e+02,4.977242773457059570e+02,-2.697004048701092185e-02,1.376554117193556082e-01,3.002972347258889840e-01,8.502937867363016267e-01,-1.478330053620129092e-04,7.442226828385800630e-04
