Sigma_1,Sigma_2,Epsilon_1,Epsilon_2,dSigma_1,dSigma_2,dEpsilon_1,dEpsilon_2
-0.000000000000000000e+00,-0.000000000000000000e+00,0.000000000000000000e+00,0.000000000000000000e+00,9.900000503706287702e-01,6.600017061550849107e-01,3.834283704895772960e-06,1.822865099894450142e-06
9.900000503706287702e-01,6.600017061550849107e-01,3.834283704895772960e-06,1.822865099894450142e-06,9.900223052584802286e-01,6.600131723114375237e-01,3.834374503574930838e-06,1.822890517079949702e-06
1.980022355629108999e+00,1.320014878466522434e+00,7.668658208470703798e-06,3.645755616974399844e-06,9.900280496974549482e-01,6.600187376611528212e-01,3.834394361826630739e-06,1.822908657980526936e-06
2.970050405326563947e+00,1.980033616127675256e+00,1.150305257029733454e-05,5.468664274954926780e-06,9.900392183736581586e-01,6.600260316171291386e-01,3.834437865849002835e-06,1.822928981902475424e-06
3.960089623700222106e+00,2.640059647744804394e+00,1.533749043614633737e-05,7.291593256857402204e-06,9.900503872130039795e-01,6.600338024839804696e-01,3.834479914506203904e-06,1.822950032896671790e-06
4.950140010913226085e+00,3.300093450228784864e+00,1.917197035065254128e-05,9.114543289754073994e-06,9.900615562356609445e-01,6.600409773674456027e-01,3.834524872895005398e-06,1.822970720286645944e-06
5.940201567148887030e+00,3.960134427596230466e+00,2.300649522354754667e-05,1.093751401004071994e-05,9.900729638478757977e-01,6.600483907362084679e-01,3.834568375468968096e-06,1.822990679704494159e-06
6.930274530996762827e+00,4.620182818332438934e+00,2.684106359901651477e-05,1.276050468974521410e-05,9.900838947698638037e-01,6.600560426054560281e-01,3.834610422250406232e-06,1.823012821895806778e-06
7.920358425766626631e+00,5.280238860937894962e+00,3.067567402126692100e-05,1.458351751164102088e-05,9.900948258680921654e-01,6.600636945342692741e-01,3.834653923721884398e-06,1.823032781297307257e-06
8.910453251634718796e+00,5.940302555472164237e+00,3.451032794498880540e-05,1.640655029293832813e-05,9.901071877002500798e-01,6.600708696854367119e-01,3.834697424636540045e-06,1.823052740361546321e-06
9.900560439334968876e+00,6.600373425157600948e+00,3.834502536962534544e-05,1.822960303329987445e-05,9.901176422873714245e-01,6.600785217489262280e-01,3.834740924994376561e-06,1.823072699532611487e-06
1.089067808162234030e+01,7.260451946906527176e+00,4.217976629461972200e-05,2.005267573283248594e-05,9.901280970711745510e-01,6.600856970560862180e-01,3.834787335000097849e-06,1.823095568863423435e-06
1.188080617869351485e+01,7.920537643962613394e+00,4.601455362961981985e-05,2.187577130169590938e-05,9.901404593945333232e-01,6.600938260940685254e-01,3.834827924028397813e-06,1.823114072547587079e-06
1.287094663808804818e+01,8.580631470056681920e+00,4.984938155364821767e-05,2.369888537424349645e-05,9.901509144826015074e-01,6.601000478430112395e-01,3.834871422715749832e-06,1.823136941409999971e-06
1.386109755257064968e+01,9.240731517899693159e+00,5.368425297636396750e-05,2.552202231565349643e-05,9.901623234619520986e-01,6.601091307160711352e-01,3.834914920846275944e-06,1.823155445085757661e-06
1.485125987603260178e+01,9.900840648615764295e+00,5.751916789721024344e-05,2.734517776073925409e-05,9.901737326143695839e-01,6.601153525712444292e-01,3.834958418419962597e-06,1.823175403448065604e-06
1.584143360864697136e+01,1.056095600118700872e+01,6.135412631563020604e-05,2.916835316418731969e-05,9.901860956763481880e-01,6.601234819272079335e-01,3.835001915436823342e-06,1.823198272165629086e-06
1.683161970432331955e+01,1.122107948311421666e+01,6.518912823106702938e-05,3.099155143635294878e-05,9.901955977019483157e-01,6.601306576195664633e-01,3.835045411896851404e-06,1.823218230508912669e-06
1.782181530202526787e+01,1.188121014073378312e+01,6.902417364296388079e-05,3.281476966686186145e-05,9.902070073662656569e-01,6.601378333775222984e-01,3.835088907800060336e-06,1.823238188514938226e-06
1.881202230939153353e+01,1.254134797411130542e+01,7.285926255076394112e-05,3.463800785537679967e-05,9.902184172036605503e-01,6.601459629485937342e-01,3.835132403146409479e-06,1.823261056860291714e-06
1.980224072659519408e+01,1.320149393705989915e+01,7.669439495391035060e-05,3.646126891223709139e-05,9.902298270931098045e-01,6.601531388450769811e-01,3.835170077505349086e-06,1.823281014847289523e-06
2.079247055368830388e+01,1.386164707590497613e+01,8.052956503141569969e-05,3.828454992708438091e-05,9.902412373918849653e-01,6.601603147649033332e-01,3.835219392190944280e-06,1.823298062275110305e-06
2.178271179108018885e+01,1.452180739066987947e+01,8.436478442360664397e-05,4.010784798935949122e-05,9.902507402316196305e-01,6.601684445914184352e-01,3.835262885866795373e-06,1.823323840475478614e-06
2.277296253131180848e+01,1.518197583526129790e+01,8.820004730947343934e-05,4.193117182983496983e-05,9.902640582708244210e-01,6.601756206459299392e-01,3.835306378985800231e-06,1.823340887672831895e-06
2.376322658958263290e+01,1.584215145590722784e+01,9.203535368845923957e-05,4.375451271750780172e-05,9.902735614420556942e-01,6.601818431385524377e-01,3.835349871547972405e-06,1.823363755404906424e-06
2.475350015102468859e+01,1.650233329904578028e+01,9.587070356000721198e-05,4.557787647291270815e-05,9.902868796921922012e-01,6.601909267559946670e-01,3.835387543456344052e-06,1.823380802604461991e-06
2.574378703071688079e+01,1.716252422580177495e+01,9.970609110346355603e-05,4.740125727551717014e-05,9.902963833389755166e-01,6.601990568780493618e-01,3.835436855024099059e-06,1.823406580068799327e-06
2.673408341405585631e+01,1.782272328267982431e+01,1.035415279584876551e-04,4.922466385558596947e-05,9.903077945462506193e-01,6.602052794213122411e-01,3.835480345915746078e-06,1.823420716847820220e-06
2.772439120860210693e+01,1.848292856210113655e+01,1.073770083044034012e-04,5.104808457243378969e-05,9.903192059265819580e-01,6.602115022362653463e-01,3.835523836250533309e-06,1.823446494282497850e-06
2.871471041452868889e+01,1.914314006433740190e+01,1.112125321406539345e-04,5.287153106671628754e-05,9.903306174799695327e-01,6.602215399137811858e-01,3.835567326028474304e-06,1.823466450989161313e-06
2.970504103200865842e+01,1.980336160425118308e+01,1.150480994666824088e-04,5.469499751770544885e-05,9.903420292064168962e-01,6.602277627596890852e-01,3.835610815249582617e-06,1.823486407802618690e-06
3.069538306121507532e+01,2.046358936701087217e+01,1.188837102819319914e-04,5.651848392550806754e-05,9.903534411059169429e-01,6.602358931259075803e-01,3.835654303913817588e-06,1.823506364500838929e-06
3.168573650232099226e+01,2.112382526013677975e+01,1.227193645858458090e-04,5.834199029000890647e-05,9.903648531784696729e-01,6.602421160995461946e-01,3.835697792021233428e-06,1.823526320861790977e-06
3.267610135549946193e+01,2.178406737623632594e+01,1.265550623778670424e-04,6.016551661087069744e-05,9.903743574349164192e-01,6.602502467310813472e-01,3.835729639513026697e-06,1.823552097646008289e-06
3.366647571293437835e+01,2.244431762296740729e+01,1.303907920173800691e-04,6.198906870851670573e-05,9.903857702192482293e-01,6.602583771760208720e-01,3.835784766610114216e-06,1.823566233671440910e-06
3.465686148315362658e+01,2.310457600014342816e+01,1.342265767839901833e-04,6.381263494218814664e-05,9.903971827963218288e-01,6.602646004830603488e-01,3.835828253046950692e-06,1.823592009981916083e-06
3.564725866594994841e+01,2.376484060062648851e+01,1.380624050370371340e-04,6.563622695217006273e-05,9.904124107850122982e-01,6.602727311971676727e-01,3.835871738926940932e-06,1.823611966082720596e-06
3.663767107673496071e+01,2.442511333182365618e+01,1.418982767759640749e-04,6.745983891825278332e-05,9.904200084842429419e-01,6.602789543553129192e-01,3.835915224250084936e-06,1.823626101572238859e-06
3.762809108521920365e+01,2.508539228617896910e+01,1.457341920002141599e-04,6.928346501982502218e-05,9.904314215804745913e-01,6.602889928305337719e-01,3.835958709016355599e-06,1.823651877949216283e-06
3.861852250679967824e+01,2.574568127900950287e+01,1.495701507092305155e-04,7.110711689777423846e-05,9.904428343887587971e-01,6.602952162693753735e-01,3.835990553434896495e-06,1.823671833260247276e-06
3.960896534118843704e+01,2.640597649527887825e+01,1.534061412626654120e-04,7.293078873103448574e-05,9.904504329834153964e-01,6.603014399261333267e-01,3.836045676922973137e-06,1.823697609364276803e-06
4.059941577417185243e+01,2.706627793520501157e+01,1.572421869395883851e-04,7.475448634039876254e-05,9.904656618812239799e-01,6.603114783214678596e-01,3.836089160018650883e-06,1.823711744414069770e-06
4.158988143605307641e+01,2.772658941352647943e+01,1.610782760996070360e-04,7.657819808481283231e-05,9.904770756696166245e-01,6.603157944572366489e-01,3.836132642557482392e-06,1.823731699823410795e-06
4.258035851172269304e+01,2.838690520798371608e+01,1.649144087421645184e-04,7.840192978463624311e-05,9.904884896310406361e-01,6.603258333169499394e-01,3.836176124539467666e-06,1.823757475105804811e-06
4.357084700135373367e+01,2.904723104130066602e+01,1.687505848667039861e-04,8.022568725974204792e-05,9.904960878913087186e-01,6.603320569134183415e-01,3.836207966618977901e-06,1.823771610063738748e-06
4.456134308924504239e+01,2.970756309821408436e+01,1.725867928333229640e-04,8.204945886980578667e-05,9.905113180468703149e-01,6.603401884208324191e-01,3.836263086877460217e-06,1.823797385316439177e-06
4.555185440729191271e+01,3.036790328663491678e+01,1.764230559202004242e-04,8.387325625512222584e-05,9.905227325274026384e-01,6.603483198300175161e-01,3.836306567188798363e-06,1.823817340021550233e-06
4.654237713981931535e+01,3.102825160646493430e+01,1.802593624873892225e-04,8.569707359514377608e-05,9.905303317814500019e-01,6.603545437944653429e-01,3.836350046943344484e-06,1.823837294833428099e-06
4.753290747160076535e+01,3.168860615025939964e+01,1.840957125343325670e-04,8.752091088997720418e-05,9.905455619929597333e-01,6.603607678193235131e-01,3.836393526140935949e-06,1.823857249530082378e-06
4.852345303359372508e+01,3.234896691807872315e+01,1.879321060604735030e-04,8.934476813950728655e-05,9.905531609876021548e-01,6.603708071417102587e-01,3.836425365437407626e-06,1.823883024258083165e-06
4.951400619458132724e+01,3.300933772522043341e+01,1.917685314259109106e-04,9.116865116376536972e-05,9.905645766956823195e-01,6.603770311129864012e-01,3.836480482910276405e-06,1.823897158122938025e-06
5.050457077127700956e+01,3.366971475633341981e+01,1.956050119088211870e-04,9.299254832188830774e-05,9.905798074701976930e-01,6.603870703918985896e-01,3.836523960437274953e-06,1.823917112695844179e-06
5.149515057874720725e+01,3.433010182672531840e+01,1.994415358692584620e-04,9.481646543458415192e-05,9.905874069054476649e-01,6.603894798238485464e-01,3.836555798197079786e-06,1.823942886824240508e-06
5.248573798565265491e+01,3.499049130654916695e+01,2.032780916674555417e-04,9.664040832140839243e-05,9.905988231671898347e-01,6.603995190376821256e-01,3.836610913865348260e-06,1.823957020819213181e-06
5.347633680881984475e+01,3.565089082558684908e+01,2.071147025813208900e-04,9.846436534222760561e-05,9.906102396365170648e-01,6.604095589551803869e-01,3.836666028842790213e-06,1.823988615011454977e-06
5.446694704845636181e+01,3.631130038454202946e+01,2.109513686101636802e-04,1.002883539572390606e-04,9.906216550227782136e-01,6.604157830295918075e-01,3.836697864976589944e-06,1.823996928470954237e-06
5.545756870347914003e+01,3.697171616757162127e+01,2.147880664751402702e-04,1.021123508857100148e-04,9.906368860787253539e-01,6.604220080173348606e-01,3.836729700687523722e-06,1.824028522390234584e-06
5.644820558955786538e+01,3.763213817558895613e+01,2.186247961758277939e-04,1.039363794081002494e-04,9.906444875620508128e-01,6.604282321971552960e-01,3.836784813949649419e-06,1.824036835661678978e-06
5.743885007711991619e+01,3.829256640778611143e+01,2.224615809897774433e-04,1.057604162437619284e-04,9.906520878492273141e-01,6.604382724287276574e-01,3.836816648636120564e-06,1.824068429307970770e-06
5.842950216496914351e+01,3.895300468021483908e+01,2.262983976384135639e-04,1.075844846730698992e-04,9.906673207641318868e-01,6.604444971889620319e-01,3.836871760695188425e-06,1.824088382694353172e-06
5.942016948573327539e+01,3.961344917740380112e+01,2.301352693991087523e-04,1.094085730557642523e-04,9.906787369348180050e-01,6.604507220095712228e-01,3.836903594357196938e-06,1.824108335965471330e-06
6.041084822266809340e+01,4.027389989941337234e+01,2.339721729934659492e-04,1.112326813917297237e-04,9.906901546729258712e-01,6.604607615426871803e-01,3.836958705213179858e-06,1.824116648638802042e-06
6.140153837734101927e+01,4.093436066095605952e+01,2.378091316986791291e-04,1.130567980403685257e-04,9.907015726186116922e-01,6.604669869667603166e-01,3.837013815378309154e-06,1.824148241961147778e-06
6.239223994995963096e+01,4.159482764792281984e+01,2.416461455140574382e-04,1.148809462823296735e-04,9.907091736631272738e-01,6.604732119824845427e-01,3.837045647414312564e-06,1.824168194664469258e-06
6.338294912362275824e+01,4.225530085990530438e+01,2.454831911614717508e-04,1.167051144769941427e-04,9.907244060988560364e-01,6.604832522080172907e-01,3.837077479027395811e-06,1.824188147474557547e-06
6.437367352972161427e+01,4.291578411211332167e+01,2.493202686404991466e-04,1.185293026244687003e-04,9.907320089121327555e-01,6.604894773584533141e-01,3.837132587477263060e-06,1.824208100169368040e-06
6.536440553863374703e+01,4.357627358947177498e+01,2.531574012279764097e-04,1.203535107246380683e-04,9.907472417001486065e-01,6.604957030841376309e-01,3.837164418287819859e-06,1.824239692681231995e-06
6.635515278033389563e+01,4.423676929255591261e+01,2.569945656462642295e-04,1.221777504173193003e-04,9.907548448531855456e-01,6.605057430184970713e-01,3.837219525312557562e-06,1.824248004969955539e-06
6.734590762518708118e+01,4.489727503557440969e+01,2.608317851715767871e-04,1.240019984222892559e-04,9.907700779934316415e-01,6.605119683640268136e-01,3.837251354876715544e-06,1.824267957096955802e-06
6.833667770318051282e+01,4.555778700393843650e+01,2.646690365264535026e-04,1.258262663793862117e-04,9.907776814862785386e-01,6.605181937699668993e-01,3.837306460920358701e-06,1.824287909330722874e-06
6.932745538466679136e+01,4.621830519770840340e+01,2.685063429873738613e-04,1.276505542887169345e-04,9.907929166151205891e-01,6.605282349730998703e-01,3.837361566273039815e-06,1.824319501518600114e-06
7.031824830128191195e+01,4.687883343268150327e+01,2.723437045536469012e-04,1.294748737902355346e-04,9.908005188344191083e-01,6.605344599758140589e-01,3.837393394211165588e-06,1.824327813209182872e-06
7.130904882011633106e+01,4.753936789265731733e+01,2.761810979478580667e-04,1.312992016034447175e-04,9.908157526791683267e-01,6.605406861378426697e-01,3.837425221726452514e-06,1.824359404902040505e-06
7.229986457279549938e+01,4.819990857879516000e+01,2.800185231695845193e-04,1.331235610083467580e-04,9.908233568515640854e-01,6.605507264580765536e-01,3.837480325363817370e-06,1.824367716848603396e-06
7.329068792964706347e+01,4.886045930525323655e+01,2.838560034949483366e-04,1.349479287251953614e-04,9.908309594590889446e-01,6.605569527701860011e-01,3.837512151854533243e-06,1.824399308268431818e-06
7.428151888910615241e+01,4.952101625802342255e+01,2.876935156468028699e-04,1.367723280334637932e-04,9.908461955314180614e-01,6.605631785817323021e-01,3.837567254288813158e-06,1.824419259546122309e-06
7.527236508463757048e+01,5.018157943660515485e+01,2.915310829010916830e-04,1.385967472930099155e-04,9.908614300806419806e-01,6.605732196865901074e-01,3.837599079755066398e-06,1.824439210930498293e-06
7.626322651471821246e+01,5.084215265629174496e+01,2.953686819808467494e-04,1.404211865039404138e-04,9.908690349325581792e-01,6.605794450334627754e-01,3.837654180986207163e-06,1.824447522278879741e-06
7.725409554965077064e+01,5.150273210132520774e+01,2.992063361618329566e-04,1.422456340262192936e-04,9.908766399481265807e-01,6.605856716318285748e-01,3.837709281526385883e-06,1.824479113152731053e-06
7.824497218959889722e+01,5.216331777295703631e+01,3.030440454433593425e-04,1.440701131393720246e-04,9.908918731757125897e-01,6.605918976988931490e-01,3.837717829357557061e-06,1.824499064191300755e-06
7.923586406277460981e+01,5.282390967065592946e+01,3.068817632727168995e-04,1.458946122035633254e-04,9.908994803517146011e-01,6.606019390871225028e-01,3.837796204793038953e-06,1.824519014892602266e-06
8.022676354312632441e+01,5.348451160974305196e+01,3.107195594775099385e-04,1.477191312184559277e-04,9.909147157752613566e-01,6.606119805566379455e-01,3.837828027608797352e-06,1.824538965700643481e-06
8.121767825890158576e+01,5.414512359029968991e+01,3.145573875051187358e-04,1.495436701841565711e-04,9.909299513811475890e-01,6.606143915580560133e-01,3.837859850001608484e-06,1.824558916393379795e-06
8.220860821028273335e+01,5.480573798185774592e+01,3.183952473551203443e-04,1.513682291005499509e-04,9.909299253993566481e-01,6.606244338077971179e-01,3.837914947623331796e-06,1.824590506542170905e-06
8.319953813568209000e+01,5.546636241566554304e+01,3.222331623027436761e-04,1.531928196070921218e-04,9.909527931811936696e-01,6.606306595668840487e-01,3.837946769213616480e-06,1.824598817189832488e-06
8.419049092886328367e+01,5.612699307523242709e+01,3.260711090719572926e-04,1.550174184242819543e-04,9.909527674805360675e-01,6.606407013197497236e-01,3.838001865410156036e-06,1.824618767314745019e-06
8.518144369634381974e+01,5.678763377655217681e+01,3.299091109373674486e-04,1.568420371915966993e-04,9.909756376781331255e-01,6.606469285199594310e-01,3.838056960915841968e-06,1.824650357275969153e-06
8.617241933402195286e+01,5.744828070507213624e+01,3.337471678982832906e-04,1.586666875488726685e-04,9.909756082486467221e-01,6.606531544510971798e-01,3.838065505807578427e-06,1.824658667419503831e-06
8.716339494227059959e+01,5.810893385952323342e+01,3.375852334040908690e-04,1.604913462162921723e-04,9.909984809081464618e-01,6.606631964199962681e-01,3.838143875493861459e-06,1.824678617642590869e-06
8.815439342317874605e+01,5.876959705594322969e+01,3.414233772795847305e-04,1.623160248339347632e-04,9.909984537417528827e-01,6.606694238383852280e-01,3.838175694211552486e-06,1.824710206750276842e-06
8.914539187692049893e+01,5.943026647978161492e+01,3.452615529737962830e-04,1.641407350406850400e-04,9.910136906979545302e-01,6.606756506409112717e-01,3.838207512506458877e-06,1.824730156478290063e-06
9.013640556761845346e+01,6.009094213042252619e+01,3.490997604863027418e-04,1.659654651971633301e-04,9.910289299567125454e-01,6.606856921341872635e-01,3.838262605315462955e-06,1.824738466467651192e-06
9.112743449757516601e+01,6.075162782255671345e+01,3.529380230916182048e-04,1.677902036636309813e-04,9.910365352071579537e-01,6.606881044264696357e-01,3.838294422585798293e-06,1.824770055609787689e-06
9.211847103278232396e+01,6.141231592698318309e+01,3.567763175142040031e-04,1.696149737192407690e-04,9.910517748641751723e-01,6.607019621127321329e-01,3.838349514191717431e-06,1.824790004769950022e-06
9.310952280764649913e+01,6.207301788909591522e+01,3.606146670283957205e-04,1.714397637240107190e-04,9.910593825976263815e-01,6.607043738264906096e-01,3.838404605106566104e-06,1.824809953814861664e-06
9.410058219024412551e+01,6.273372226292240583e+01,3.644530716335022866e-04,1.732645736778255807e-04,9.910669882822276122e-01,6.607144163101636991e-01,3.838436420750815023e-06,1.824829903188476300e-06
9.509164917852635313e+01,6.339443667923256953e+01,3.682915080542531016e-04,1.750894035810140570e-04,9.910822262950063077e-01,6.607244588750802450e-01,3.838468235972170885e-06,1.824849851780814851e-06
9.608273140482135943e+01,6.405516113810764978e+01,3.721299762902252725e-04,1.769142534327948718e-04,9.910974667486129874e-01,6.607268707631277493e-01,3.838523325171594881e-06,1.824869800923819684e-06
9.707382887156997242e+01,6.471588800887077753e+01,3.759684996153968674e-04,1.787391232337186915e-04,9.911050728799182252e-01,6.607369134627987250e-01,3.838555139368433899e-06,1.824889749507593037e-06
9.806493394444989065e+01,6.537662492233357625e+01,3.798070547547653013e-04,1.805640129832262845e-04,9.911126814102715343e-01,6.607393254576976460e-01,3.838610227364718745e-06,1.824909697976034384e-06
9.905604662586016218e+01,6.603736424779127390e+01,3.836456649821300201e-04,1.823889226812023189e-04,9.911279201273970330e-01,6.607569990920865166e-01,3.838642040536986710e-06,1.824929646773232935e-06
1.000471745459875592e+02,6.669812124688336041e+01,3.874843070226670068e-04,1.842138523279755519e-04,9.911355289974608240e-01,6.607594120055750864e-01,3.838697127330078195e-06,1.824961234200080280e-06
1.010383100749850200e+02,6.735888065888893550e+01,3.913230041499970850e-04,1.860388135621756321e-04,9.911507704404698416e-01,6.607618233985874667e-01,3.838752213432207634e-06,1.824969543334439576e-06
1.020294608454254899e+02,6.801964248228752297e+01,3.951617563634292926e-04,1.878637831055100717e-04,9.911583772995697927e-01,6.607794972907612419e-01,3.838784024978334972e-06,1.824989491341742634e-06
1.030206192227250597e+02,6.868042197957828421e+01,3.990005403884076276e-04,1.896887725968518144e-04,9.911736167210563053e-01,6.607742795459046192e-01,3.838815836101623462e-06,1.825021078580995899e-06
1.040117928394461160e+02,6.934119625912418883e+01,4.028393562245092510e-04,1.915137936754328103e-04,9.911812238276951348e-01,6.607919536160409280e-01,3.838847647023846659e-06,1.825041026537233034e-06
1.050029740632738111e+02,7.000198821274022976e+01,4.066782038715330977e-04,1.933388347019700433e-04,9.911964684869474240e-01,6.607943652198997597e-01,3.838926004273300781e-06,1.825049335073356677e-06
1.059941705317607585e+02,7.066278257796012952e+01,4.105171298758063985e-04,1.951638840370434000e-04,9.912040759332256812e-01,6.608044093976417344e-01,3.838957813770394432e-06,1.825080921903025465e-06
1.069853746076939842e+02,7.132358698735777125e+01,4.143560876895767929e-04,1.969889649589464254e-04,9.912193160590732077e-01,6.608144528420609731e-01,3.838989622844595027e-06,1.825100869513375003e-06
1.079765939237530574e+02,7.198440144019983222e+01,4.181950773124213879e-04,1.988140658284598004e-04,9.912269288227975039e-01,6.608168654424702027e-01,3.839067977931770546e-06,1.825120816786402140e-06
1.089678208525758549e+02,7.264521830564230243e+01,4.220341452903531585e-04,2.006391866452462026e-04,9.912421693469042339e-01,6.608269090216509767e-01,3.839099786024713964e-06,1.825140764166114770e-06
1.099590630219227592e+02,7.330604521466395340e+01,4.258732450763778724e-04,2.024643274094123173e-04,9.912497722182678217e-01,6.608369526821036288e-01,3.839085047394096353e-06,1.825160711430576710e-06
1.109503127941410270e+02,7.396688216734605703e+01,4.297123301237719688e-04,2.042894881208428940e-04,9.912573906703414650e-01,6.608393654567663589e-01,3.839209946576401574e-06,1.825180658357716248e-06
1.119415701848113684e+02,7.462772153280282339e+01,4.335515400703483704e-04,2.061146687792006103e-04,9.912726264621909422e-01,6.608494092519663354e-01,3.839195207321934034e-06,1.825200605391541281e-06
1.129328428112735594e+02,7.528857094205478973e+01,4.373907352776703044e-04,2.079398693845921516e-04,9.912878728987664090e-01,6.608518221335373255e-01,3.839273559043691799e-06,1.825220552088071017e-06
1.139241306841723258e+02,7.594942276418832705e+01,4.412300088367139962e-04,2.097650899366802226e-04,9.912954815193444347e-01,6.608694970723121287e-01,3.839305364442609659e-06,1.825240498891313352e-06
1.149154261656916702e+02,7.661029226126063918e+01,4.450693142011566059e-04,2.115903304355715359e-04,9.913030902344246442e-01,6.608642790658763033e-01,3.839337169418580251e-06,1.825260445579223682e-06
1.159067292559260949e+02,7.727115654032651548e+01,4.489086513705751861e-04,2.134155908811507596e-04,9.913183373311937885e-01,6.608819541672374953e-01,3.839415518978113624e-06,1.825280391929865820e-06
1.168980475932572887e+02,7.793203849449375298e+01,4.527480668895532997e-04,2.152408712730806254e-04,9.913335737792721147e-01,6.608843672904498590e-01,3.839400778145101931e-06,1.825300338387193452e-06
1.178893811670365608e+02,7.859292286178420284e+01,4.565874676676984017e-04,2.170661716114678189e-04,9.913335555182811731e-01,6.608944133621719175e-01,3.839479126501333522e-06,1.825343562564441966e-06
1.188807147225548420e+02,7.925381727514637475e+01,4.604269467941997352e-04,2.188915151740322609e-04,9.913564306350366451e-01,6.609044558416741211e-01,3.839510929428216219e-06,1.825340230691415789e-06
1.198720711531898786e+02,7.991472173098804888e+01,4.642664577236279514e-04,2.207168554047236767e-04,9.913640457131407402e-01,6.609068691391399852e-01,3.839589276445729178e-06,1.825360176580838323e-06
1.208634351989030193e+02,8.057562860012718886e+01,4.681060470000736806e-04,2.225422155813045150e-04,9.913716553549534183e-01,6.609169135824686236e-01,3.839621078169310094e-06,1.825380122798909641e-06
1.218548068542579728e+02,8.123654551370965748e+01,4.719456680782429907e-04,2.243675957041034246e-04,9.913868981157065718e-01,6.609193288927883714e-01,3.839652879470106372e-06,1.825423346122999465e-06
1.228461937523736793e+02,8.189746484260244586e+01,4.757853209577130971e-04,2.261930190502264241e-04,9.913945080049302305e-01,6.609370027144478854e-01,3.839684680347846962e-06,1.825420013958675269e-06
1.238375882603786096e+02,8.255840184531689374e+01,4.796250056380609440e-04,2.280184390641850994e-04,9.914097510717425621e-01,6.609394181902956689e-01,3.839716480802694495e-06,1.825463237411161736e-06
1.248289980114503521e+02,8.321934126350718941e+01,4.834647221188636385e-04,2.298439023015962611e-04,9.914173670617572043e-01,6.609418298475873144e-01,3.839794824454627071e-06,1.825459905101202082e-06
1.258204153785121093e+02,8.388028309335477672e+01,4.873045169433182656e-04,2.316693622066974632e-04,9.914326105267718958e-01,6.609518746416966906e-01,3.839826623706172823e-06,1.825479850298741000e-06
1.268118479890388812e+02,8.454123496799647342e+01,4.911443435670244384e-04,2.334948420569962042e-04,9.914402210030743845e-01,6.609619214999469250e-01,3.839858422534825518e-06,1.825523073055820194e-06
1.278032882100419556e+02,8.520219688949642034e+01,4.949842019895592639e-04,2.353203651300520244e-04,9.914554707656577648e-01,6.609719664874376122e-01,3.839936764024371070e-06,1.825543018159738254e-06
1.287947436808076134e+02,8.586316885598385795e+01,4.988241387535836350e-04,2.371459081482117626e-04,9.914554423144750217e-01,6.609743783248660520e-01,3.839922018744721006e-06,1.825539685558534792e-06
1.297861991231220884e+02,8.652414323430872400e+01,5.026640607723283560e-04,2.389714478337702974e-04,9.914783256755015373e-01,6.609844254453207668e-01,3.840000359030910568e-06,1.825582907842142897e-06
1.307776774487975899e+02,8.718512765975404477e+01,5.065040611313592666e-04,2.407970307416124403e-04,9.914859428686213505e-01,6.609868373589335988e-01,3.840078698358014887e-06,1.825579575317294373e-06
1.317691633916662113e+02,8.784611449711297837e+01,5.103441398297172815e-04,2.426226103169297347e-04,9.914935479428095277e-01,6.610045159043664853e-01,3.840063951988307960e-06,1.825622797063300830e-06
1.327606569396090208e+02,8.850711901301734486e+01,5.141842037817055894e-04,2.444482331139930355e-04,9.915164321104441569e-01,6.610069299970575685e-01,3.840142290112164708e-06,1.825642741590640175e-06
1.337521733717194650e+02,8.916812594301440242e+01,5.180243460718177541e-04,2.462738758555836757e-04,9.915087769143724472e-01,6.610093420388238883e-01,3.840174085265372038e-06,1.825639408625334519e-06
1.347436821486338374e+02,8.982913528505322631e+01,5.218645201570831262e-04,2.480995152642090102e-04,9.915316552583135490e-01,6.610193895869116432e-01,3.840205879995740521e-06,1.825682630119860282e-06
1.357352138038921510e+02,9.049015467464013796e+01,5.257047260370788667e-04,2.499251978943288705e-04,9.915545402325847135e-01,6.610294351413017466e-01,3.840284215957264456e-06,1.825702574301257819e-06
1.367267683441247357e+02,9.115118410978143970e+01,5.295450102530361311e-04,2.517509004686301283e-04,9.915468853533582205e-01,6.610394807769210956e-01,3.840316009484168527e-06,1.825722518145360060e-06
1.377183152294780939e+02,9.181222359055836080e+01,5.333853262625202997e-04,2.535766229867754884e-04,9.915697643656073978e-01,6.610418951508023611e-01,3.840347802588342171e-06,1.825742462096093584e-06
1.387098849938437013e+02,9.247326548570916316e+01,5.372256740651086418e-04,2.554023654488715819e-04,9.915773766031463765e-01,6.610519409212116670e-01,3.840379595269568548e-06,1.825762405931522208e-06
1.397014623704468477e+02,9.313431742663037483e+01,5.410660536603782104e-04,2.572281278548031042e-04,9.915849889350170088e-01,6.610543554019727708e-01,3.840411387527847657e-06,1.825782349429601326e-06
1.406930473593818647e+02,9.379537178203234760e+01,5.449064650479060580e-04,2.590539102042327055e-04,9.915926079517305425e-01,6.610720326920187517e-01,3.840489720123465948e-06,1.825802293034365937e-06
1.416846399673335952e+02,9.445644381472436635e+01,5.487469547680295240e-04,2.608797124972670714e-04,9.916154877855092309e-01,6.610668159087254026e-01,3.840521511178389066e-06,1.825822236301889463e-06
1.426762554551191045e+02,9.511751063063309175e+01,5.525874762792079131e-04,2.627055347335689609e-04,9.916231006099565093e-01,6.610844933614146157e-01,3.840553301810473337e-06,1.825842179675935852e-06
1.436678785557290610e+02,9.577859512399450637e+01,5.564280295810183864e-04,2.645313769132448967e-04,9.916307202574898838e-01,6.610869080838597256e-01,3.840631632243541975e-06,1.825862122934785760e-06
1.446595092759865508e+02,9.643968203207836609e+01,5.602686612132619284e-04,2.663572390361796825e-04,9.916383333629426033e-01,6.610969542863642801e-01,3.840663421672161834e-06,1.825882065856231952e-06
1.456511476093494935e+02,9.710077898636473037e+01,5.641093246349340902e-04,2.681831211020359144e-04,9.916612140180518509e-01,6.611070005702543995e-01,3.840695210678051266e-06,1.825902008884417848e-06
1.466428088233675453e+02,9.776188598693498477e+01,5.679500198456121415e-04,2.700090231109203323e-04,9.916688274294642724e-01,6.611094154669530099e-01,3.840726999260776590e-06,1.825921951575200028e-06
1.476344776507970096e+02,9.842299540240193778e+01,5.717907468448729181e-04,2.718349450624955323e-04,9.916764478483059975e-01,6.611194618855762428e-01,3.840805326707952445e-06,1.825941894372721912e-06
1.486261540986453156e+02,9.908411486428751402e+01,5.756315521715808705e-04,2.736608869568682542e-04,9.916840545816114627e-01,6.611218768892115349e-01,3.840790575200861943e-06,1.825961837054830474e-06
1.496178381532269270e+02,9.974523674117672556e+01,5.794723427467817324e-04,2.754868487939230847e-04,9.916916752813449421e-01,6.611319257790455595e-01,3.840868901444573387e-06,1.826005056097053554e-06
1.506095298285082720e+02,1.004063686669557711e+02,5.833132116482263058e-04,2.773128538500201383e-04,9.917145639620628117e-01,6.611419700926717269e-01,3.840947226728982748e-06,1.826001721808641776e-06
1.516012443924703348e+02,1.010675106370484428e+02,5.871541588749552886e-04,2.791388555718287800e-04,9.917221710497585718e-01,6.611520168086570948e-01,3.840932474132052223e-06,1.826021663922845241e-06
1.525929665635200934e+02,1.017286626538570999e+02,5.909950913490873408e-04,2.809648772357516253e-04,9.917297923802266268e-01,6.611544344365540837e-01,3.841010798213214013e-06,1.826064882713533417e-06
1.535846963559003200e+02,1.023898170882936540e+02,5.948361021473005548e-04,2.827909421184651587e-04,9.917526746780538360e-01,6.611644789201278627e-01,3.841042583120493972e-06,1.826061547984664506e-06
1.545764490305783738e+02,1.030509815672137819e+02,5.986771447304210488e-04,2.846170036664498232e-04,9.917602892634249656e-01,6.611668942722843667e-01,3.841074367604935084e-06,1.826081489974781032e-06
1.555682093198417988e+02,1.037121484614860663e+02,6.025182190980259839e-04,2.864430851564246042e-04,9.917679112246275963e-01,6.611845752804583753e-01,3.841152689523438801e-06,1.826124708291998119e-06
1.565599772310664264e+02,1.043733330367665246e+02,6.063593717875494227e-04,2.882692098647166024e-04,9.917755260908620585e-01,6.611793567462456167e-01,3.841184473026460107e-06,1.826121373344608261e-06
1.575517527571572884e+02,1.050345123935127702e+02,6.102005562605758828e-04,2.900953312380612106e-04,9.917831410515134394e-01,6.611970379477725146e-01,3.841216255884489540e-06,1.826164591346105676e-06
1.585435358982088019e+02,1.056957094314605428e+02,6.140417725164603723e-04,2.919214958294073163e-04,9.918060243236936913e-01,6.611994510975023331e-01,3.841248038319680126e-06,1.826161256253053256e-06
1.595353419225324956e+02,1.063569088825580451e+02,6.178830205547800524e-04,2.937476570856603695e-04,9.918136470561478291e-01,6.612095008707115085e-01,3.841326357695946589e-06,1.826204473938885207e-06
1.605271555695886434e+02,1.070181183834287566e+02,6.217243469124759990e-04,2.955738615595992548e-04,9.918212549973759451e-01,6.612119166022552008e-01,3.841311601964370742e-06,1.826224415151954036e-06
1.615189768245860193e+02,1.076793303000310118e+02,6.255656585144403698e-04,2.974000859747512088e-04,9.918288855686796524e-01,6.612295932071674542e-01,3.841436456699862112e-06,1.826221079840489089e-06
1.625108057101546990e+02,1.083405598932381793e+02,6.294070949711402319e-04,2.992263070545916979e-04,9.918517621503326609e-01,6.612243798876988876e-01,3.841421700122391730e-06,1.826264297052687322e-06
1.635026574723050317e+02,1.090017842731258781e+02,6.332485166712626236e-04,3.010525713516443852e-04,9.918593780037667784e-01,6.612420591762742106e-01,3.841453480085492943e-06,1.826284237697796842e-06
1.644945168503087984e+02,1.096630263323021524e+02,6.370899701513481166e-04,3.028788555893421820e-04,9.918670016478756679e-01,6.612444725823110048e-01,3.841531796095636921e-06,1.826280902389801342e-06
1.654863838519566741e+02,1.103242708048844634e+02,6.409315019474437535e-04,3.047051364917319834e-04,9.918746177822015397e-01,6.612545228799575625e-01,3.841563574855165301e-06,1.826324118906483881e-06
1.664782584697388756e+02,1.109855253277644209e+02,6.447730655222989188e-04,3.065314606106384673e-04,9.918975104854155234e-01,6.612645707072175583e-01,3.841641889304491832e-06,1.826344059427506463e-06
1.674701559802242912e+02,1.116467898984716385e+02,6.486147074116034106e-04,3.083578046700659737e-04,9.919051191834569181e-01,6.612669868546987573e-01,3.841627130926812163e-06,1.826363999833278354e-06
1.684620610994077481e+02,1.123080568853263372e+02,6.524563345425302228e-04,3.101841686698992521e-04,9.919127435987036279e-01,6.612770348166776557e-01,3.841705444172674282e-06,1.826383939901592320e-06
1.694539738430064517e+02,1.129693339201430149e+02,6.562980399867028971e-04,3.120105526098008444e-04,9.919203603199093777e-01,6.612794510710955365e-01,3.841737220882952136e-06,1.826403880076645989e-06
1.704458942033263611e+02,1.136306133712141104e+02,6.601397772075858492e-04,3.138369564898774904e-04,9.919279851079920718e-01,6.612894991678501810e-01,3.841815532345952203e-06,1.826423819914295942e-06
1.714378221884343532e+02,1.142919028703819606e+02,6.639815927399318014e-04,3.156633803097917863e-04,9.919508630707127850e-01,6.612995473459477580e-01,3.841800773077925710e-06,1.826443759858631388e-06
1.724297730515050660e+02,1.149532024177279084e+02,6.678233935130097271e-04,3.174898240696504177e-04,9.919584882569836282e-01,6.613095956053882674e-01,3.841879083115633600e-06,1.826463699687607724e-06
1.734217315397620496e+02,1.156145120133332966e+02,6.716652725961253607e-04,3.193162877693380254e-04,9.919661055650124126e-01,6.613120121014617325e-01,3.841910857998488693e-06,1.826483639179288763e-06
1.744136976453270620e+02,1.162758240254347584e+02,6.755071834541238494e-04,3.211427714085173142e-04,9.919890002794318207e-01,6.613220604956779880e-01,3.841989166919034665e-06,1.826503578777492667e-06
1.754056866456064938e+02,1.169371460859304364e+02,6.793491726210428841e-04,3.229692749872948069e-04,9.919966097825181350e-01,6.613244770986455023e-01,3.841974405872916609e-06,1.826523518038455484e-06
1.763976832553890119e+02,1.175984705630290819e+02,6.831911470269158007e-04,3.247957985053332624e-04,9.919889664676304619e-01,6.613345256276517148e-01,3.842052713590106590e-06,1.826543457405995375e-06
1.773896722218566424e+02,1.182598050886567336e+02,6.870331997405059073e-04,3.266223419627392577e-04,9.920271229071033758e-01,6.613445742379724379e-01,3.842084486201666552e-06,1.826563396658230365e-06
1.783816993447637458e+02,1.189211496628947060e+02,6.908752842267075738e-04,3.284489053593974881e-04,9.920194799650801087e-01,6.613546229295792500e-01,3.842162792135886060e-06,1.826583335573061639e-06
1.793737188247288259e+02,1.195825042858242853e+02,6.947174470188434599e-04,3.302754886949705497e-04,9.920423592018323689e-01,6.613570425720780577e-01,3.842148030199529600e-06,1.826626550016695414e-06
1.803657611839306583e+02,1.202438613283963633e+02,6.985595950490429895e-04,3.321021152449872452e-04,9.920499859302083223e-01,6.613670886160889495e-01,3.842226334930176276e-06,1.826623213236190733e-06
1.813578111698608666e+02,1.209052284170124523e+02,7.024018213839731658e-04,3.339287384582234359e-04,9.920576044117979109e-01,6.613695055676913626e-01,3.842258105492594132e-06,1.826643152027043488e-06
1.823498687742726645e+02,1.215665979225801436e+02,7.062440794894657599e-04,3.357553816102504794e-04,9.920652315132088006e-01,6.613795573727969668e-01,3.842336408662206521e-06,1.826686365774998939e-06
1.833419340057858733e+02,1.222279774799529406e+02,7.100864158981279664e-04,3.375820679760254783e-04,9.920881113868915691e-01,6.613896035868123136e-01,3.842321645169803103e-06,1.826683028998072125e-06
1.843340221171727649e+02,1.228893670835397529e+02,7.139287375432977695e-04,3.394087510050235504e-04,9.920804691449518486e-01,6.613996527106564827e-01,3.842399947357887265e-06,1.826702967442739127e-06
1.853261025863177167e+02,1.235507667362504094e+02,7.177711374906556568e-04,3.412354539724662896e-04,9.921186276961293515e-01,6.614020727940328470e-01,3.842431715870946174e-06,1.826746180717060859e-06
1.863182212140138461e+02,1.242121688090444422e+02,7.216135692065266029e-04,3.430622001531833504e-04,9.921109858271108806e-01,6.614121191779815945e-01,3.842510016497996048e-06,1.826742843721613097e-06
1.873103321998409569e+02,1.248735809282224238e+02,7.254560792230245990e-04,3.448889429969049635e-04,9.921186051762731495e-01,6.614145393990327193e-01,3.842541783585762781e-06,1.826786056680215157e-06
1.883024508050172301e+02,1.255349954676214566e+02,7.292986210066103618e-04,3.467157290535851787e-04,9.921414857939510057e-01,6.614245858870475558e-01,3.842527018736914025e-06,1.826782719760932597e-06
1.892945922908111811e+02,1.261964200535085041e+02,7.331411480253472758e-04,3.485425117733461113e-04,9.921491230526271465e-01,6.614346383133806739e-01,3.842651849115369909e-06,1.826825932181824590e-06
1.902867414138638082e+02,1.268578546918218848e+02,7.369837998744626457e-04,3.503693377055279359e-04,9.921567340002752644e-01,6.614446879002144897e-01,3.842637083198907275e-06,1.826845869849335474e-06
1.912788981478640835e+02,1.275192993797220993e+02,7.408264369576615530e-04,3.521961835753772713e-04,9.921796329358301136e-01,6.614394703950949861e-01,3.842715380459509403e-06,1.826842532489649992e-06
1.922710777807999136e+02,1.281807388501171943e+02,7.446691523381210624e-04,3.540230261078669213e-04,9.921872530833866222e-01,6.614647872746957091e-01,3.842747145296906107e-06,1.826885744658790240e-06
1.932632650338833002e+02,1.288422036373918900e+02,7.485118994834179685e-04,3.558499118525257116e-04,9.921948733251895192e-01,6.614672049821592736e-01,3.842778909711247123e-06,1.826905681980169581e-06
1.942554599072084898e+02,1.295036708423740492e+02,7.523546783931292156e-04,3.576768175345058812e-04,9.922024936612956481e-01,6.614696227291858577e-01,3.842810673702857713e-06,1.826925618964253626e-06
1.952476624008697854e+02,1.301651404651032351e+02,7.561974890668320733e-04,3.595037431534701348e-04,9.922101232160400741e-01,6.614720374718672247e-01,3.842888967976916537e-06,1.826922281535124995e-06
1.962398725240858255e+02,1.308266125025751023e+02,7.600403780348089899e-04,3.613306654350052598e-04,9.922330142779856033e-01,6.614897226567109101e-01,3.842920730986890479e-06,1.826965492850781293e-06
1.972321055383638111e+02,1.314881022252318132e+02,7.638832987657958803e-04,3.631576309278560411e-04,9.922406351064978480e-01,6.614921405780762598e-01,3.842952493351872549e-06,1.826985429932714584e-06
1.982243461734703089e+02,1.321495943658098895e+02,7.677262512591477529e-04,3.649846163577887556e-04,9.922482652918347412e-01,6.614945585388625204e-01,3.843030785685101064e-06,1.827005366233263369e-06
1.992165944387621437e+02,1.328110889243487520e+02,7.715692820448328540e-04,3.668116217240220190e-04,9.922711477134384950e-01,6.615122409533000791e-01,3.843016016634318369e-06,1.827025303084478438e-06
2.002088655864755822e+02,1.334726011653020521e+02,7.754122980614671723e-04,3.686386470271064975e-04,9.922635076173094149e-01,6.615146590488905076e-01,3.843094307764082472e-06,1.827045239376299396e-06
2.012011290940928916e+02,1.341341158243509426e+02,7.792553923692312548e-04,3.704656922664827969e-04,9.922864090539178505e-01,6.615323416538387846e-01,3.843172597712499888e-06,1.827065175552815453e-06
2.021934155031468094e+02,1.347956481660047814e+02,7.830985649669437547e-04,3.722927574420356123e-04,9.922940212089770284e-01,6.615194953866136984e-01,3.843157827793596513e-06,1.827085112057790558e-06
2.031857095243557865e+02,1.354571676613913951e+02,7.869417227947373512e-04,3.741198425540934029e-04,9.923016523054855043e-01,6.615371781262808781e-01,3.843236116760377283e-06,1.827105047781597998e-06
2.041780111766612720e+02,1.361187048395176760e+02,7.907849589114977285e-04,3.759469476018750009e-04,9.923245354710275024e-01,6.615548609892130116e-01,3.843221346131429905e-06,1.827124984055854880e-06
2.051703357121322995e+02,1.367802597005068890e+02,7.946281802576291584e-04,3.777740725859308557e-04,9.923321861354850171e-01,6.615572793939747953e-01,3.843392691951557846e-06,1.827144919770826072e-06
2.061626678982677845e+02,1.374418169799008638e+02,7.984715729495807162e-04,3.796012175057016818e-04,9.923397795229789153e-01,6.615596978382143334e-01,3.843284862641840535e-06,1.827164855370438153e-06
2.071550076777907634e+02,1.381033766777390781e+02,8.023148578122225568e-04,3.814283823610721200e-04,9.923474306523871746e-01,6.615621163220168910e-01,3.843456206321102867e-06,1.827184791298563492e-06
2.081473551084431506e+02,1.387649387940610950e+02,8.061583140185436596e-04,3.832555671523706835e-04,9.923703145469460196e-01,6.615798027540620296e-01,3.843441434000474839e-06,1.827228000634466623e-06
2.091397254229900966e+02,1.394265185968151570e+02,8.100017554525441345e-04,3.850827951530051501e-04,9.923779273663058120e-01,6.615822181441899374e-01,3.843426662237018308e-06,1.827224661878382953e-06
2.101321033503564024e+02,1.400881008149593470e+02,8.138451821147811528e-04,3.869100198148835330e-04,9.923855794025939758e-01,6.615846368023312607e-01,3.843598002680370836e-06,1.827244597238386354e-06
2.111244889297589964e+02,1.407496854517616782e+02,8.176887801174615236e-04,3.887372644121219194e-04,9.923931727801118541e-01,6.616023235385171120e-01,3.843490173580880326e-06,1.827287806544473925e-06
2.121168821025391082e+02,1.414112877753001953e+02,8.215322702910424039e-04,3.905645522186663933e-04,9.924008252812939190e-01,6.616047390568269293e-01,3.843661512105303428e-06,1.827284467347933122e-06
2.131092829278204022e+02,1.420728925143570223e+02,8.253759318031477074e-04,3.923918366860143264e-04,9.924237099197625867e-01,6.616224260143326319e-01,3.843646738428338483e-06,1.827327676116147995e-06
2.141017066377401648e+02,1.427345149403713549e+02,8.292195785415760459e-04,3.942191643621304744e-04,9.924313431885991577e-01,6.616095768044658598e-01,3.843725019480768654e-06,1.827324337217817000e-06
2.150941379809287639e+02,1.433961245171758208e+02,8.330633035610568145e-04,3.960464886993482914e-04,9.924389565989031325e-01,6.616272639275280198e-01,3.843710245537415235e-06,1.827367545448267596e-06
2.160865769375276670e+02,1.440577517811033488e+02,8.369070138065942297e-04,3.978738562447965590e-04,9.924618617663441000e-01,6.616449444862269047e-01,3.843788525386380994e-06,1.827364206404219829e-06
2.170790387992940111e+02,1.447193967255895757e+02,8.407508023319806107e-04,3.997012204512007789e-04,9.924542239890001838e-01,6.616473669704703298e-01,3.843866804275827831e-06,1.827407414540778516e-06
2.180714930232830113e+02,1.453810440925600460e+02,8.445946691362564386e-04,4.015286278657415574e-04,9.924771093713218306e-01,6.616497827451723879e-01,3.843852029020698204e-06,1.827404074907141608e-06
2.190639701326543332e+02,1.460426938753052184e+02,8.484385211652771368e-04,4.033560319406486990e-04,9.924847435513299843e-01,6.616522053392372982e-01,3.843930306928399973e-06,1.827447282949808387e-06
2.200564548762056631e+02,1.467043460806444557e+02,8.522824514722055367e-04,4.051834792235985074e-04,9.925076498162752614e-01,6.616698861618317551e-01,3.844008583654863476e-06,1.827443943392390892e-06
2.210489625260219384e+02,1.473660159668062875e+02,8.561264600558604002e-04,4.070109231669908983e-04,9.924999920235677564e-01,6.616723089214247011e-01,3.843993807309676984e-06,1.827487151119283788e-06
2.220414625180455062e+02,1.480276882757277122e+02,8.599704538631700772e-04,4.088384103181101820e-04,9.925228986865306524e-01,6.616747248484955435e-01,3.844072082832567655e-06,1.827483811194104916e-06
2.230339854167320368e+02,1.486893630005762077e+02,8.638145259460026449e-04,4.106658941293042870e-04,9.925305129014532213e-01,6.616924128011021367e-01,3.844057305999164925e-06,1.827527018383287745e-06
2.240265159296334900e+02,1.493510554133773098e+02,8.676585832520018098e-04,4.124934211476875747e-04,9.925534200797017093e-01,6.616948358119429940e-01,3.844135580540310529e-06,1.827570225551274422e-06
2.250190693497131917e+02,1.500127502491892528e+02,8.715027188325421203e-04,4.143209913732388491e-04,9.925457833747657332e-01,6.617125170369320131e-01,3.844213853900217866e-06,1.827566885322518941e-06
2.260116151330879575e+02,1.506744627662261848e+02,8.753469326864423382e-04,4.161485582585613681e-04,9.925686700309768185e-01,6.616996680052693591e-01,3.844199076198586036e-06,1.827563545549887314e-06
2.270041838031189343e+02,1.513361624342314542e+02,8.791911317626409242e-04,4.179761218041112554e-04,1.099744481558502684e+00,7.332413140272251439e-01,3.800700568295328719e-04,9.597779118857111295e-05
2.281039282846774370e+02,1.520694037482586793e+02,1.259261188592173796e-03,5.139539129926823683e-04,1.100966643032535330e+00,7.340375201088704671e-01,3.809129166552384371e-04,9.618944840498978507e-05
2.292048949277099723e+02,1.528034412683675498e+02,1.640174105247412233e-03,6.101433613976721534e-04,1.102039450773588669e+00,7.347860870098941177e-01,3.812931049715869748e-04,9.628550162348525291e-05
2.303069343784835610e+02,1.535382273553774439e+02,2.021467210218999208e-03,7.064288630211574063e-04,1.103099386152109673e+00,7.355199298443437783e-01,3.816777274064241283e-04,9.638264289770685864e-05
2.314100337646356707e+02,1.542737472852217877e+02,2.403144937625423336e-03,8.028115059188642650e-04,1.104191549645207715e+00,7.362694542559324873e-01,3.820633400895218426e-04,9.647998781391921297e-05
2.325142253142808784e+02,1.550100167394777202e+02,2.785208277714945179e-03,8.992914937327834779e-04,1.105270027259479093e+00,7.370194147768245330e-01,3.824497550296217067e-04,9.657767581907120407e-05
2.336194953415403575e+02,1.557470361542545447e+02,3.167658032744566886e-03,9.958691695518546820e-04,1.106350198724527445e+00,7.377544936333606529e-01,3.828373414027710919e-04,9.667542765490460405e-05
2.347258455402648849e+02,1.564847906478879054e+02,3.550495374147337978e-03,1.092544597206759286e-03,1.107432025090844263e+00,7.385052831395171324e-01,3.832259110712263328e-04,9.677352232672080563e-05
2.358332775653557292e+02,1.572232959310274225e+02,3.933721285218564311e-03,1.189318119533480092e-03,1.108530659943255614e+00,7.392412190101254055e-01,3.836147198662993862e-04,9.687186665565273441e-05
2.369418082252989848e+02,1.579625371500375479e+02,4.317336005084863697e-03,1.286189986189132826e-03,1.109615730411746881e+00,7.400081213224325438e-01,3.840048789489382275e-04,9.697036750629562003e-05
2.380514239557107317e+02,1.587025452713599805e+02,4.701340884033801924e-03,1.383160353695428446e-03,1.110702466556205081e+00,7.407601585794338916e-01,3.843960147855646561e-04,9.706902478324010500e-05
2.391621264222669367e+02,1.594433054299394144e+02,5.085736898819366580e-03,1.480229378478668551e-03,1.111790872285212117e+00,7.414973702637155384e-01,3.847881250501668932e-04,9.716811734795873130e-05
2.402739172945521489e+02,1.601848028002031299e+02,5.470525023869533474e-03,1.577397495826627282e-03,1.112896210759032556e+00,7.422655303612657463e-01,3.851808370605429993e-04,9.726718011323861636e-05
2.413868135053111814e+02,1.609270683305643956e+02,5.855705860930076473e-03,1.674664675939865899e-03,1.113987978425598158e+00,7.430188685451355468e-01,3.855748894792494427e-04,9.736667789304181975e-05
2.425008014837367796e+02,1.616700871991095312e+02,6.241280750409325916e-03,1.772031353832907719e-03,1.115096608150849988e+00,7.437726225671781322e-01,3.859691691990288151e-04,9.746633160752165258e-05
2.436158980918876296e+02,1.624138598216767093e+02,6.627249919608354731e-03,1.869497685440429371e-03,1.116176296936828294e+00,7.445421122959601234e-01,3.863647848050500919e-04,9.756632705845984417e-05
2.447320743888244579e+02,1.631584019339726694e+02,7.013614704413404823e-03,1.967064012498889215e-03,1.117303771137784452e+00,7.452967340235261418e-01,3.867613636080865711e-04,9.766647819731306968e-05
2.458493781599622423e+02,1.639036986679961956e+02,7.400376068021491394e-03,2.064730490696202285e-03,1.118402217369890650e+00,7.460670661587585073e-01,3.871589032711005712e-04,9.776678492673688756e-05
2.469677803773321330e+02,1.646497657341549541e+02,7.787534971292591965e-03,2.162497275622939173e-03,1.119502359297314342e+00,7.468378221909404147e-01,3.875574014549475893e-04,9.786724714991226065e-05
2.480872827366294473e+02,1.653966035563458945e+02,8.175092372747539554e-03,2.260364522772851433e-03,1.120619590199197546e+00,7.475937697533368009e-01,3.879568558183815047e-04,9.796823642171069435e-05
2.492079023268286448e+02,1.661441973260992313e+02,8.563049228565921059e-03,2.358332759194562128e-03,1.121722963635136239e+00,7.483654354011832766e-01,3.883565255998200350e-04,9.806938088409000026e-05
2.503296252904637811e+02,1.668925627615004146e+02,8.951405754165741094e-03,2.456402140078652128e-03,1.122843811283956938e+00,7.491374970888671214e-01,3.887586239977505048e-04,9.817049465027025135e-05
2.514524691017477380e+02,1.676417002585892817e+02,9.340164378163491599e-03,2.554572634728922379e-03,1.123966020616990136e+00,7.499100486913619079e-01,3.891601949909499758e-04,9.827213500872636343e-05
2.525764351223647282e+02,1.683916103072806436e+02,9.729324573154441574e-03,2.652844769737648743e-03,1.125074732571192726e+00,7.506983615169815494e-01,3.895634512003243871e-04,9.837411596305906461e-05
2.537015098549359209e+02,1.691423086687976252e+02,1.011888802435476596e-02,2.751218885700707807e-03,1.126200396310252927e+00,7.514564417054714340e-01,3.899669145870556658e-04,9.847588013858592226e-05
2.548277102512461738e+02,1.698937651105030966e+02,1.050885493894182163e-02,2.849694765839293729e-03,1.127312746321734949e+00,7.522456500757925824e-01,3.903727948949917842e-04,9.857835616439158954e-05
2.559550229975679088e+02,1.706460107605788892e+02,1.089922773383681341e-02,2.948273122003685319e-03,1.128441880978670042e+00,7.530199583002001873e-01,3.907781406931581242e-04,9.868080093111296011e-05
2.570834648785465788e+02,1.713990307188790894e+02,1.129000587452997154e-02,3.046953922934798279e-03,1.129573137273098382e+00,7.537946992922286427e-01,3.911858975514052178e-04,9.878340009306877528e-05
2.582130380158196772e+02,1.721528254181713180e+02,1.168119177208137675e-02,3.145737323027867054e-03,1.130705769868427524e+00,7.546005544568572532e-01,3.915931163371594997e-04,9.888652487398874244e-05
2.593437437856881047e+02,1.729074259726281753e+02,1.207278488841853625e-02,3.244623847901855797e-03,1.131824896049408835e+00,7.553609565835870399e-01,3.920020044844933077e-04,9.898998938483345722e-05
2.604755686817375135e+02,1.736627869292117623e+02,1.246478689290302956e-02,3.343613837286689254e-03,1.132976863243129628e+00,7.561676277575202221e-01,3.924125584780068648e-04,9.909305095615657949e-05
2.616085455449806432e+02,1.744189545569692825e+02,1.285719945138103643e-02,3.442706888242845834e-03,1.134099119307904857e+00,7.569442803651043050e-01,3.928218337939624882e-04,9.919719455661396221e-05
2.627426446642885480e+02,1.751758988373343868e+02,1.325002128517499891e-02,3.541904082799459796e-03,1.135223885162872648e+00,7.577519029287032026e-01,3.932349762694326012e-04,9.930093501855268359e-05
2.638778685494514207e+02,1.759336507402630900e+02,1.364325626144443152e-02,3.641205017818012479e-03,1.136380969204878966e+00,7.585294393283277259e-01,3.936475708746431379e-04,9.940538587774197868e-05
2.650142495186562996e+02,1.766921801795914178e+02,1.403690383231907465e-02,3.740610403695754458e-03,1.137508887218587006e+00,7.593380181963595987e-01,3.940610863210590453e-04,9.950980461030222574e-05
2.661517584058748866e+02,1.774515181977877774e+02,1.443096491864013370e-02,3.840120208306056684e-03,1.138669921516225259e+00,7.601164422254385045e-01,3.944769884246229069e-04,9.961456225479484519e-05
2.672904283273911119e+02,1.782116346400132159e+02,1.482544190706475661e-02,3.939734770560851529e-03,1.139831983133717586e+00,7.609259823217655594e-01,3.948908696712362387e-04,9.971965863659129625e-05
2.684302603105248295e+02,1.789725606223349814e+02,1.522033277673599284e-02,4.039454429197442825e-03,1.140934634324366925e+00,7.617359417233160457e-01,3.953086004355697847e-04,9.982472259109989587e-05
2.695711949448491964e+02,1.797342965640582975e+02,1.561564137717156263e-02,4.139279151788542721e-03,1.142132042499383715e+00,7.625310639324709427e-01,3.957272408051711737e-04,9.993012504479117236e-05
2.707133269873485801e+02,1.804968276279907684e+02,1.601136861797673380e-02,4.239209276833333893e-03,1.143268872717328577e+00,7.633266692213567239e-01,3.961453225336912520e-04,1.000358658231701586e-04
2.718565958600659087e+02,1.812601542972121251e+02,1.640751394051042505e-02,4.339245142656504052e-03,1.144407480762652085e+00,7.641381526983650474e-01,3.965643108489423641e-04,1.001423156292988517e-04
2.730010033408285608e+02,1.820242924499104902e+02,1.680407825135936742e-02,4.439387458285802904e-03,1.145579307499190236e+00,7.649499924314113741e-01,3.969856680724297149e-04,1.002483616139131228e-04
2.741465826483277510e+02,1.827892424423419016e+02,1.720106391943179713e-02,4.539635819899716027e-03,1.146721905007893838e+00,7.657623231475838566e-01,3.974079253717711924e-04,1.003547455082310844e-04
2.752933045533356449e+02,1.835550047654894854e+02,1.759847184480356833e-02,4.639990565407947111e-03,1.147897361936543348e+00,7.665751462287744289e-01,3.978310803586723732e-04,1.004614671351366020e-04
2.764412019152721882e+02,1.843215799117182598e+02,1.799630292516224070e-02,4.740452032543083713e-03,1.149074252757600334e+00,7.673731986888299161e-01,3.982536676877951320e-04,1.005688970490128606e-04
2.775902761680297886e+02,1.850889531104070898e+02,1.839455659285003583e-02,4.841020929592096574e-03,1.150222684961420327e+00,7.682022737553211300e-01,3.986800744200658109e-04,1.006759228459322073e-04
2.787404988529912089e+02,1.858571553841624109e+02,1.879323666727010164e-02,4.941696852438028781e-03,1.147461092695664320e+00,7.663339053467836948e-01,3.875810894185399702e-04,9.789884234874448449e-05
2.798879599456868732e+02,1.866234892895091946e+02,1.918081775668864161e-02,5.039595694786773265e-03,1.147953394817875505e+00,7.667252759314351351e-01,3.862677803213865335e-04,9.757089640825833410e-05
2.810359133405047487e+02,1.873902145654406297e+02,1.956708553701002815e-02,5.137166591195031599e-03,1.149102935556584271e+00,7.675185963154547153e-01,3.866693106596812146e-04,9.767292304597302577e-05
2.821850162760613330e+02,1.881577331617560844e+02,1.995375484766970936e-02,5.234839514241004625e-03,1.150222707102500408e+00,7.683121134724899548e-01,3.870703177107047421e-04,9.777380721757208265e-05
2.833352389831638334e+02,1.889260452752285744e+02,2.034082516538041410e-02,5.332613321458576708e-03,1.151344217534074232e+00,7.690907624173632939e-01,3.874722609663767969e-04,9.787503137883690058e-05
2.844865832006979076e+02,1.896951360376459377e+02,2.072829742634679090e-02,5.430488352837413608e-03,1.152498224415978711e+00,7.699006381479591710e-01,3.878736791287779040e-04,9.797696583562637285e-05
2.856390814251138863e+02,1.904650366757938968e+02,2.111617110547556880e-02,5.528465318673039981e-03,1.153654009112187850e+00,7.706955098078367428e-01,3.882760305584549709e-04,9.807849895579218852e-05
2.867927354342260742e+02,1.912357321856017336e+02,2.150444713603402377e-02,5.626543817628832170e-03,1.154780800463981905e+00,7.714909289048250685e-01,3.886807707838349502e-04,9.818074206755910555e-05
2.879475162346900561e+02,1.920072231145065587e+02,2.189312790681785872e-02,5.724724559696391275e-03,1.155909345502379892e+00,7.722867559157009509e-01,3.890864379352196312e-04,9.828295412213795129e-05
2.891034255801924360e+02,1.927795098704222596e+02,2.228221434475307836e-02,5.823007513818529227e-03,1.157070443893417178e+00,7.730984115249555089e-01,3.894915729756795453e-04,9.838550542478913946e-05
2.902604960240858532e+02,1.935526082819472151e+02,2.267170591772875790e-02,5.921393019243318366e-03,1.158202528396259368e+00,7.739104809404864227e-01,3.898990881394531760e-04,9.848802551102285585e-05
2.914186985524821125e+02,1.943265187628877015e+02,2.306160500586821108e-02,6.019881044754341222e-03,1.159367194720857697e+00,7.747077559048420881e-01,3.903060676747650837e-04,9.859125486886329698e-05
2.925780657472029702e+02,1.951012265187925436e+02,2.345191107354297616e-02,6.118472299623204519e-03,1.160502833356588326e+00,7.755208681007275118e-01,3.907154215408367715e-04,9.869482296072373817e-05
2.937385685805595585e+02,1.958767473868932711e+02,2.384262649508381293e-02,6.217167122583928257e-03,1.161671501061448453e+00,7.763189699238921548e-01,3.911256906940462075e-04,9.879798924713849295e-05
2.949002400816210070e+02,1.966530663568171633e+02,2.423375218577785914e-02,6.315965111831066750e-03,1.162810290975642147e+00,7.771484150157448312e-01,3.915354189298059229e-04,9.890223443733900388e-05
2.960630503725966491e+02,1.974302147718329081e+02,2.462528760470766506e-02,6.414867346268405754e-03,1.163982979959882869e+00,7.779474218573625421e-01,3.919489660918380747e-04,9.900570751358514499e-05
2.972270333525565320e+02,1.982081621936902707e+02,2.501723657079950314e-02,6.513873053781990899e-03,1.165125353089365490e+00,7.787777078892759164e-01,3.923605143644759430e-04,9.910988903823365892e-05
2.983921587056458975e+02,1.989869399015795466e+02,2.540959708516397908e-02,6.612982942820224558e-03,1.166300813610291698e+00,7.795932040592958856e-01,3.927729702885539298e-04,9.921477869140674088e-05
2.995584595192561892e+02,1.997665331056388425e+02,2.580237005545253301e-02,6.712197721511631299e-03,1.167448055240072335e+00,7.804091221160831537e-01,3.931906862906994760e-04,9.931963615337352502e-05
3.007259075744962615e+02,2.005469422277549256e+02,2.619556074174323249e-02,6.811517357665004824e-03,1.168627147198719740e+00,7.812254623600267678e-01,3.936049470719370225e-04,9.942446139697951740e-05
3.018945347216949813e+02,2.013281676901149524e+02,2.658916568881516951e-02,6.910941819061984341e-03,1.169808496343136994e+00,7.820577393428607138e-01,3.940215589248868833e-04,9.952999424905645959e-05
3.030643432180381183e+02,2.021102254294578131e+02,2.698318724774005639e-02,7.010471813311040801e-03,1.170959899788272196e+00,7.828749289938627953e-01,3.944376174696596904e-04,9.963475482960629237e-05
3.042353031178263905e+02,2.028931003584516759e+02,2.737762486520971608e-02,7.110106568140647093e-03,1.172145760575233453e+00,7.837237280905640091e-01,3.948589198530388922e-04,9.974170222947723735e-05
3.054074488784016239e+02,2.036768240865422399e+02,2.777248378506275497e-02,7.209848270370124330e-03,1.173333041152432088e+00,7.845419237279998015e-01,3.952796619393871003e-04,9.984713737677761852e-05
3.065807819195540560e+02,2.044613660102702397e+02,2.816776344700214207e-02,7.309695407746901949e-03,1.174490350549774575e+00,7.853606953854637140e-01,3.956998436649393491e-04,9.995327950980577303e-05
3.077552722701038306e+02,2.052467267056557034e+02,2.856346329066708142e-02,7.409648687256707722e-03,1.175680441416659505e+00,7.862107923077985561e-01,3.961194649677694801e-04,1.000601283045370396e-04
3.089309527115204901e+02,2.060329374979635020e+02,2.895958275563485090e-02,7.509708815561244762e-03,1.176873690644697490e+00,7.870459527254070053e-01,3.965443138197605188e-04,1.001669440291782370e-04
3.101078264021651876e+02,2.068199834506889090e+02,2.935612706945461142e-02,7.609875759590422999e-03,1.178036942996129710e+00,7.878815472785731799e-01,3.969685952397231099e-04,1.002737266551229078e-04
3.112858633451613173e+02,2.076078649979674822e+02,2.975309566469433453e-02,7.710149486245545906e-03,1.179233023626466093e+00,7.887177291468105977e-01,3.973923091624698145e-04,1.003812154169465148e-04
3.124650963687877834e+02,2.083965827271142928e+02,3.015048797385680435e-02,7.810530701662492421e-03,1.180431409188258840e+00,7.895697269251229500e-01,3.978183460935161286e-04,1.004886708025386557e-04
3.136455277779760422e+02,2.091861524540394157e+02,3.054830631995032048e-02,7.911019372465031077e-03,1.181632108435280770e+00,7.904069389585686167e-01,3.982467013672920386e-04,1.005968318974759246e-04
3.148271598864113230e+02,2.099765593929979843e+02,3.094655302131761251e-02,8.011616204362507002e-03,1.182802770962666727e+00,7.912599722567392746e-01,3.986744820496344877e-04,1.007049593370491075e-04
3.160099626573739897e+02,2.107678193652547236e+02,3.134522750336724700e-02,8.112321163699556109e-03,1.184006318969863969e+00,7.920982201281958623e-01,3.991016880742423445e-04,1.008137920577630714e-04
3.171939689763438537e+02,2.115599175853829195e+02,3.174432919144148935e-02,8.213134955757319181e-03,1.185213081288566173e+00,7.929521390193770003e-01,3.995340912957348611e-04,1.009218519540163589e-04
3.183791820576324199e+02,2.123528697244022965e+02,3.214386328273722421e-02,8.314056807711335539e-03,1.186421291413807921e+00,7.938068145061834002e-01,3.999659128101559769e-04,1.010313557398417883e-04
3.195656033490462278e+02,2.131466765389084799e+02,3.254382919554738018e-02,8.415088163451177328e-03,1.187599424605878085e+00,7.946617811823557531e-01,4.003971525487481919e-04,1.011400865699955270e-04
3.207532027736521059e+02,2.139413383200908356e+02,3.294422634809612838e-02,8.516228250021172855e-03,1.188811398577399814e+00,7.955173517006812745e-01,4.008306929391206030e-04,1.012495220442197891e-04
3.219420141722295057e+02,2.147368556717915169e+02,3.334505704103524898e-02,8.617477772065392644e-03,1.190056370219565451e+00,7.963735285941311304e-01,4.012636479534259504e-04,1.013596618356996104e-04
3.231320705424490711e+02,2.155332292003856480e+02,3.374632068898867493e-02,8.718837433901092254e-03,1.191241514220109821e+00,7.972453910418835221e-01,4.017017778868009481e-04,1.014690285841765571e-04
3.243233120566691809e+02,2.163304745914275315e+02,3.414802246687547588e-02,8.820306462485268811e-03,1.192458749803620321e+00,7.981026302700797714e-01,4.021364363413146292e-04,1.015798378816643033e-04
3.255157708064728013e+02,2.171285772216976113e+02,3.455015890321679051e-02,8.921886300366933115e-03,1.193679254963171843e+00,7.989603223664403231e-01,4.025762614732891764e-04,1.016906123687769808e-04
3.267094500614359731e+02,2.179275375440640516e+02,3.495273516469007968e-02,9.023576912735710095e-03,1.194868718922009521e+00,7.998338656944099512e-01,4.030126138260814450e-04,1.018013520150112122e-04
3.279043187803579826e+02,2.187273714097584616e+02,3.535574777851616113e-02,9.125378264750721308e-03,1.196124647798001206e+00,8.007078672206091596e-01,4.034541246033113149e-04,1.019120567914335446e-04
3.291004434281559838e+02,2.195280792769790708e+02,3.575920190311947244e-02,9.227290321542154852e-03,1.197350462963015616e+00,8.015670872744919961e-01,4.038950356828885369e-04,1.020234648077354006e-04
3.302977938911189995e+02,2.203296463642535628e+02,3.616309693880236098e-02,9.329313786349890253e-03,1.198547032150656833e+00,8.024423275831225055e-01,4.043382202145243132e-04,1.021355757328500091e-04
3.314963409232696563e+02,2.211320886918366853e+02,3.656743515901688529e-02,9.431449362082740262e-03,1.199808330653809207e+00,8.033334346987430763e-01,4.047808014175507951e-04,1.022476512464107201e-04
3.326961492539234655e+02,2.219354221265354283e+02,3.697221596043443609e-02,9.533697013329150982e-03,1.220047826216898557e+00,8.178721153848869108e-01,4.525741985190526173e-04,1.142193606213266766e-04
3.339161970801403641e+02,2.227532942419203152e+02,3.742479015895348871e-02,9.647916373950477659e-03,1.233066494793717993e+00,8.258850195433353747e-01,4.810607927766899494e-04,1.213461756477459547e-04
3.351492635749340820e+02,2.235791792614636506e+02,3.790585095173017866e-02,9.769262549598223613e-03,1.234622082634871276e+00,8.270219980625199696e-01,4.817013558534657958e-04,1.215070311494717559e-04
3.363838856575689533e+02,2.244062012595261706e+02,3.838755230758364445e-02,9.890769580747695369e-03,1.236015707012313669e+00,8.283442834168397439e-01,4.823236825471782785e-04,1.216663509622829820e-04
3.376199013645812670e+02,2.252345455429430103e+02,3.886987599013082273e-02,1.001243593170997835e-02,1.237576338546489296e+00,8.294366237784061013e-01,4.829650538842461538e-04,1.218278234702881851e-04
3.388574777031277563e+02,2.260639821667214164e+02,3.935284104401506888e-02,1.013426375518026654e-02,1.239075649857284134e+00,8.305298131447784726e-01,4.836053840422058214e-04,1.219899726212711477e-04
3.400965533529850404e+02,2.268945119798661949e+02,3.983644642805727470e-02,1.025625372780153768e-02,1.240611581410860254e+00,8.316391053610061590e-01,4.842532602247207052e-04,1.221520606263376552e-04
3.413371649343959007e+02,2.277261510852272011e+02,4.032069968828199541e-02,1.037840578842787534e-02,1.242116926731057447e+00,8.327340039992918719e-01,4.848972213368496487e-04,1.223155619724334425e-04
3.425792818611269581e+02,2.285588850892264929e+02,4.080559690961884506e-02,1.050072135040030878e-02,1.243690723201780202e+00,8.338451812065557078e-01,4.855487114799883486e-04,1.224797386888513973e-04
3.438229725843287383e+02,2.293927302704330486e+02,4.129114562109883341e-02,1.062320108908916018e-02,1.245233951786133275e+00,8.349723115755409708e-01,4.861962806443007046e-04,1.226431161597731773e-04
3.450682065361148716e+02,2.302277025820085896e+02,4.177734190174313411e-02,1.074584420524893336e-02,1.246782144268308912e+00,8.360696324682805880e-01,4.868513618131731224e-04,1.228079056939685582e-04
3.463149886803831805e+02,2.310637722144768702e+02,4.226419326355630723e-02,1.086865211094290191e-02,1.248332472174695340e+00,8.371985020458794224e-01,4.875053715877805671e-04,1.229726326753763366e-04
3.475633211525578758e+02,2.319009707165227496e+02,4.275169863514408780e-02,1.099162474361827825e-02,1.249885886466984175e+00,8.383129900133781121e-01,4.881611638994781677e-04,1.231387706834338042e-04
3.488132070390248600e+02,2.327392837065361277e+02,4.323985979904356597e-02,1.111476351430171206e-02,1.251442393844740764e+00,8.394436142554013713e-01,4.888187329919191360e-04,1.233048454621302886e-04
3.500646494328696008e+02,2.335787273207915291e+02,4.372867853203548510e-02,1.123806835976384234e-02,1.253002960282572076e+00,8.405751215466068516e-01,4.894809244265496684e-04,1.234715935848063051e-04
3.513176523931521729e+02,2.344193024423381360e+02,4.421815945646203477e-02,1.136153995334864865e-02,1.254566640632674535e+00,8.416920807950134531e-01,4.901448769210683953e-04,1.236390146214533942e-04
3.525722190337848474e+02,2.352609945231331494e+02,4.470830433338310317e-02,1.148517896797010204e-02,1.256132477196672426e+00,8.428406232933411957e-01,4.908077361680460160e-04,1.238063716801941772e-04
3.538283515109815198e+02,2.361038351464264906e+02,4.519911206955114918e-02,1.160898533965029622e-02,1.257735278911241039e+00,8.439746238246925714e-01,4.914780433623935907e-04,1.239744010611033842e-04
3.550860867898927609e+02,2.369478097702511832e+02,4.569059011291354278e-02,1.173295974071139960e-02,1.259307401266653414e+00,8.451251302407740695e-01,4.921443986053916642e-04,1.241438386064292604e-04
3.563453941911594143e+02,2.377929349004919573e+02,4.618273451151893444e-02,1.185710357931782886e-02,1.260851686164528473e+00,8.462607513507691692e-01,4.928153402828441831e-04,1.243124749622879360e-04
3.576062458773239428e+02,2.386391956518427264e+02,4.667554985180177862e-02,1.198141605428011680e-02,1.262494943809997494e+00,8.474283310107182388e-01,4.934880140638892021e-04,1.244825187039413222e-04
3.588687408211339402e+02,2.394866239828534447e+02,4.716903786586566782e-02,1.210589857298405812e-02,1.264046505424914812e+00,8.485657585479771114e-01,4.941652556560843790e-04,1.246524970266518761e-04
3.601327873265588551e+02,2.403351897414014218e+02,4.766320312152175220e-02,1.223055107001071000e-02,1.265664184144839055e+00,8.497351593470341413e-01,4.948413733993628494e-04,1.248238816782005350e-04
3.613984515107036941e+02,2.411849249007484559e+02,4.815804449492111505e-02,1.235537495168891053e-02,1.267254053663464219e+00,8.508898544672831576e-01,4.955220445018865272e-04,1.249952002190038436e-04
3.626657055643671583e+02,2.420358147552157391e+02,4.865356653942300158e-02,1.248037015190791438e-02,1.268847103138796228e+00,8.520456410613519438e-01,4.962044202092355527e-04,1.251679240271072469e-04
3.639345526675059546e+02,2.428878603962770910e+02,4.914977095963223713e-02,1.260553807593502162e-02,1.270474384898591325e+00,8.532172692756319066e-01,4.968856587947712011e-04,1.253391097629612261e-04
3.652050270524045459e+02,2.437410776655527229e+02,4.964665661842700833e-02,1.273087718569798285e-02,1.272074827891401583e+00,8.543903536541961330e-01,4.975742634842419965e-04,1.255131713354864370e-04
3.664771018802959475e+02,2.445954680192069191e+02,5.014423088191125033e-02,1.285639035703346929e-02,1.273709548713270578e+00,8.555792917941005271e-01,4.982617179474235769e-04,1.256856945061335384e-04
3.677508114290092180e+02,2.454510473110010196e+02,5.064249259985867391e-02,1.298207605153960283e-02,1.275314448058338712e+00,8.567387837584021781e-01,4.989480219735539790e-04,1.258610920754025392e-04
3.690261258770675568e+02,2.463077860947594218e+02,5.114144062183222789e-02,1.310793714361500537e-02,1.276925541289699595e+00,8.579295908786264135e-01,4.996444963032489750e-04,1.260349509108055210e-04
3.703030514183572564e+02,2.471657156856380482e+02,5.164108511813547686e-02,1.323397209452581089e-02,1.278570976842161144e+00,8.591215190882337538e-01,5.003398028066083358e-04,1.262102123603201648e-04
3.715816223951994175e+02,2.480248372047262819e+02,5.214142492094208520e-02,1.336018230688613105e-02,1.280220691098406860e+00,8.603145737490933698e-01,5.010395960708194374e-04,1.263868756074121302e-04
3.728618430862978244e+02,2.488851517784753753e+02,5.264246451701290463e-02,1.348656918249354318e-02,1.281838544880145037e+00,8.614925693448469701e-01,5.017325605955816337e-04,1.265619998966488469e-04
3.741436816311779694e+02,2.497466443478202223e+02,5.314419707760848627e-02,1.361313118239019203e-02,1.283464659747835412e+00,8.627029896177873525e-01,5.024413040420408483e-04,1.267399952437041344e-04
3.754271462909258048e+02,2.506093473374380096e+02,5.364663838165052712e-02,1.373987117763389616e-02,1.285121172196568295e+00,8.638987199067855727e-01,5.031375606643490039e-04,1.269179208907983414e-04
3.767122674631223731e+02,2.514732460573447952e+02,5.414977594231487612e-02,1.386678909852469450e-02,1.286786028565188644e+00,8.651106978543339210e-01,5.038495702054876513e-04,1.270957767609114802e-04
3.779990534916875617e+02,2.523383567551991291e+02,5.465362551252036377e-02,1.399388487528560598e-02,1.288451173763860425e+00,8.663079834514348931e-01,5.045547359119051389e-04,1.272735627769194799e-04
3.792875046654514222e+02,2.532046647386505640e+02,5.515818024843226891e-02,1.412115843806252546e-02,1.290090465613843662e+00,8.675377342909484923e-01,5.052699821908313016e-04,1.274542169316852241e-04
3.805775951310652658e+02,2.540722024729415125e+02,5.566345023062310021e-02,1.424861265499421069e-02,1.291762229190453581e+00,8.687369559143860442e-01,5.059783813200352531e-04,1.276333311069910437e-04
3.818693573602557194e+02,2.549409394288558985e+02,5.616942861194313547e-02,1.437624598610120173e-02,1.293440382465462335e+00,8.699682899130607439e-01,5.066968406083130483e-04,1.278138432933319246e-04
3.831627977427211817e+02,2.558109077187689593e+02,5.667612545255144851e-02,1.450405982939453366e-02,1.295088603841918484e+00,8.712004217173046072e-01,5.074140786124059499e-04,1.279942841892443839e-04
3.844578863465631002e+02,2.566821081404862639e+02,5.718353953116385446e-02,1.463205411358377804e-02,1.296771383892121321e+00,8.724182407626699387e-01,5.081300950935535576e-04,1.281761219993262507e-04
3.857546577304552216e+02,2.575545263812489338e+02,5.769166962625740802e-02,1.476023023558310429e-02,1.298460600841792711e+00,8.736527166155951818e-01,5.088561367492874798e-04,1.283593558900723852e-04
3.870531183312970143e+02,2.584281790978645290e+02,5.820052576300669550e-02,1.488858959147317668e-02,1.300152166363318429e+00,8.748876246393137990e-01,5.095809392389183401e-04,1.285410492144339889e-04
3.883532704976603327e+02,2.593030667225038428e+02,5.871010670224561384e-02,1.501713064068761067e-02,1.301848143205631914e+00,8.761395793573569790e-01,5.103101200477078159e-04,1.287256057983729440e-04
3.896551186408659646e+02,2.601792063018611998e+02,5.922041682229332166e-02,1.514585624648598361e-02,1.303544404044203020e+00,8.773764830414734206e-01,5.110324377328098744e-04,1.289086214637490124e-04
3.909586630449101676e+02,2.610565827849026732e+02,5.973144926002613153e-02,1.527476486794973262e-02,1.305216874736572663e+00,8.786304471536823257e-01,5.117703514943214294e-04,1.290944989011805211e-04
3.922638799196467403e+02,2.619352132320563555e+02,6.024321961152045296e-02,1.540385936685091314e-02,1.306956418663048680e+00,8.798538632772761048e-01,5.125069992642991568e-04,1.292788350656104424e-04
3.935708363383097890e+02,2.628150670953336316e+02,6.075572661078475212e-02,1.553313820191652359e-02,1.308631521629138206e+00,8.811404601486856336e-01,5.132367745449700758e-04,1.294645645501524278e-04
3.948794678599389272e+02,2.636962075554823173e+02,6.126896338532972219e-02,1.566260276646667601e-02,1.310380010438223053e+00,8.823968943034969925e-01,5.139821020232610005e-04,1.296502197432290726e-04
3.961898478703771502e+02,2.645786044497858143e+02,6.178294548735298319e-02,1.579225298620990509e-02,1.312064007059518644e+00,8.836859241465049308e-01,5.147205449839084568e-04,1.298387337168339928e-04
3.975019118774366689e+02,2.654622903739323192e+02,6.229766603233689165e-02,1.592209171992673908e-02,1.313817301338247034e+00,8.849137846481198721e-01,5.154633098713654049e-04,1.300271720875295633e-04
3.988157291787749159e+02,2.663472041585804391e+02,6.281312934220825706e-02,1.605211889201426864e-02,1.315544789029218009e+00,8.862041049980007301e-01,5.162159795815274288e-04,1.302140685713222557e-04
4.001312739678041339e+02,2.672334082635784398e+02,6.332934532178978448e-02,1.618233296058559090e-02,1.317272577361052299e+00,8.874960425696940547e-01,5.169617553148209144e-04,1.304038218632105894e-04
4.014485465451651862e+02,2.681209043061481339e+02,6.384630707710460540e-02,1.631273678244880149e-02,1.319004872829850683e+00,8.887574244639040444e-01,5.177118261927710074e-04,1.305920329049414796e-04
4.027675514179950369e+02,2.690096617306120379e+02,6.436401890329737641e-02,1.644332881535374297e-02,1.320741690588079109e+00,8.900514449760521529e-01,5.184661803750850728e-04,1.307830992427067018e-04
4.040882931085831160e+02,2.698997131755880901e+02,6.488248508367246148e-02,1.657411191459644967e-02,1.322515559212888547e+00,8.913463223996700435e-01,5.192248060034709845e-04,1.309740883934998323e-04
4.054108086677960046e+02,2.707910594979877601e+02,6.540170988967593246e-02,1.670508600298994950e-02,1.324226839874768302e+00,8.926424490949784740e-01,5.199821109894142701e-04,1.311664655071279051e-04
4.067350355076707729e+02,2.716837019470827386e+02,6.592169200066534673e-02,1.683625246849707741e-02,1.326009850553703018e+00,8.939390453228952538e-01,5.207492496712567975e-04,1.313572996335353460e-04
4.080610453582244759e+02,2.725776409924056338e+02,6.644244125033660353e-02,1.696760976813061275e-02,1.327793213602205924e+00,8.952372887985688976e-01,5.215094753234367220e-04,1.315509860121168162e-04
4.093888385718266818e+02,2.734728782812042027e+02,6.696395072566004025e-02,1.709916075414272957e-02,1.329516038927238242e+00,8.965674432152468398e-01,5.222739422745398263e-04,1.317445936911930404e-04
4.107183546107539200e+02,2.743694457244194496e+02,6.748622466793458008e-02,1.723090534783392261e-02,1.331310734498970305e+00,8.978674306570155750e-01,5.230482071807152078e-04,1.319381225782581546e-04
4.120496653452528903e+02,2.752673131550764651e+02,6.800927287511529529e-02,1.736284347041218076e-02,1.333107937502859386e+00,8.991690822504665448e-01,5.238211151237376351e-04,1.321345011299768224e-04
4.133827732827557497e+02,2.761664822373269317e+02,6.853309399023903292e-02,1.749497797154215759e-02,1.334875018726449980e+00,9.005018694372779464e-01,5.245926658070665383e-04,1.323278713856596012e-04
4.147176483014821997e+02,2.770669841067642096e+02,6.905768665604609946e-02,1.762730584292781719e-02,1.336646713657955843e+00,9.018367392483810363e-01,5.253684187614404699e-04,1.325255542322725799e-04
4.160542950151401556e+02,2.779688208460125907e+02,6.958305507480753993e-02,1.775983139716008977e-02,1.338457861578888242e+00,9.031721028857191413e-01,5.261539189038433317e-04,1.327216924817409271e-04
4.173927528767190438e+02,2.788719929488983098e+02,7.010920899371138326e-02,1.789255308964183069e-02,1.340238869594713833e+00,9.044776932316835882e-01,5.269380345985230640e-04,1.329192138107664067e-04
4.187329917463137576e+02,2.797764706421299934e+02,7.063614702830990633e-02,1.802547230345259710e-02,1.342052870741099468e+00,9.058463115455310799e-01,5.277152145003877193e-04,1.331166540442657586e-04
4.200750446170548571e+02,2.806823169536755245e+02,7.116386224281029405e-02,1.815858895749686286e-02,1.343845403605143929e+00,9.071855730457514255e-01,5.285132105549289472e-04,1.333169393015476434e-04
4.214188900206600010e+02,2.815895025267212759e+02,7.169237545336522299e-02,1.829190589679841050e-02,1.345701521447665527e+00,9.085253344785542140e-01,5.292987045137365065e-04,1.335156791895247830e-04
4.227645915421076666e+02,2.824980278611998301e+02,7.222167415787895950e-02,1.842542157598793529e-02,1.408716702997480752e+00,9.553727426284126523e-01,6.535504875187919671e-04,1.646546878945574777e-04
4.241733082451051473e+02,2.834534006038282428e+02,7.287522464539775147e-02,1.859007626388249276e-02,1.427015812956938134e+00,9.639352764349382596e-01,6.838586551996539420e-04,1.722219506592771732e-04
4.256003240580620854e+02,2.844173358802631810e+02,7.355908330059740541e-02,1.876229821454176994e-02,1.429044737192100456e+00,9.672006521153662106e-01,6.851732497175494485e-04,1.725607613738931734e-04
4.270293687952541859e+02,2.853845365323785472e+02,7.424425655031495486e-02,1.893485897591566311e-02,1.431518654945705293e+00,9.694113342567902691e-01,6.865235346601161748e-04,1.729008535141310365e-04
4.284608874501998912e+02,2.863539478666353375e+02,7.493078008497507103e-02,1.910775982942979415e-02,1.434077691011509614e+00,9.713467356878595638e-01,6.879094027586185600e-04,1.732509957487748942e-04
4.298949651412114008e+02,2.873252946023231971e+02,7.561868948773368959e-02,1.928101082517856904e-02,1.436643155921615289e+00,9.732833989929758900e-01,6.892976111111392967e-04,1.735994894375460229e-04
4.313316082971330161e+02,2.882985780013161730e+02,7.630798709884482889e-02,1.945461031461611506e-02,1.439250142247772146e+00,9.752229796737310608e-01,6.906936620796333415e-04,1.739521799060672613e-04
4.327708584393807882e+02,2.892738009809899040e+02,7.699868076092446223e-02,1.962856249452218232e-02,1.441830760613470375e+00,9.772269074139785516e-01,6.920920090776744305e-04,1.743061420037793352e-04
4.342126891999942586e+02,2.902510278884038826e+02,7.769077277000213666e-02,1.980286863652596166e-02,1.444490342319909360e+00,9.791703062493297693e-01,6.935091689718175800e-04,1.746599137625523546e-04
4.356571795423141680e+02,2.912301981946532123e+02,7.838428193897395424e-02,1.997752855028851401e-02,1.447055539413668157e+00,9.811785029367570132e-01,6.949230502935194176e-04,1.750164156478217770e-04
4.371042350817278361e+02,2.922113766975899694e+02,7.907920498926747366e-02,2.015254496593633579e-02,1.449728270165223876e+00,9.831581389624375333e-01,6.963446587051475012e-04,1.753756453034792384e-04
4.385539633518930600e+02,2.931945348365524069e+02,7.977554964797262116e-02,2.032792061123981503e-02,1.452343947297492832e+00,9.851399279788211061e-01,6.977739623259537893e-04,1.757361404906739033e-04
4.400063072991905528e+02,2.941796747645312280e+02,8.047332361029857495e-02,2.050365675173048893e-02,1.455001409368776422e+00,9.871857527760425910e-01,6.992109292122128394e-04,1.760964402458195521e-04
4.414613087085593293e+02,2.951668605173072706e+02,8.117253453951078779e-02,2.067975319197630849e-02,1.457700766185666907e+00,9.892034668514497753e-01,7.006555273591369426e-04,1.764609223289873019e-04
4.429190094747449962e+02,2.961560639841587204e+02,8.187319006686992473e-02,2.085621411430529579e-02,1.460343015107866904e+00,9.912233766394820123e-01,7.021077246987944553e-04,1.768266651209077223e-04
4.443793524898528631e+02,2.971472873607982024e+02,8.257529779156871919e-02,2.103304077942620351e-02,1.463024928882191489e+00,9.932766546599509638e-01,7.035620049104934770e-04,1.771936672609573937e-04
4.458423774187350546e+02,2.981405640154581533e+02,8.327885979647921266e-02,2.121023444668716090e-02,1.465751122890651459e+00,9.953321599744526793e-01,7.050293119148925980e-04,1.775619273838950629e-04
4.473081285416257060e+02,2.991358961754326060e+02,8.398388910839410526e-02,2.138779637407105597e-02,1.468417886706788522e+00,9.973903287830694353e-01,7.064986450978083532e-04,1.779329024449265162e-04
4.487765464283324945e+02,3.001332865042156754e+02,8.469038775349191361e-02,2.156572927651598248e-02,1.471162089361939707e+00,9.994511739467952793e-01,7.079809328052050210e-04,1.783065900299932172e-04
4.502477085176944342e+02,3.011327376781624707e+02,8.539836868629711863e-02,2.174403586654597570e-02,1.473913105016322334e+00,1.001513415344618352e+00,7.094651897705667176e-04,1.786786143045601682e-04
4.517216216227107566e+02,3.021342510935070891e+02,8.610783387606768535e-02,2.192271448085053587e-02,1.476642330594245323e+00,1.003641596106604084e+00,7.109623287241545464e-04,1.790562636835371646e-04
4.531982639533050019e+02,3.031378926896136932e+02,8.681879620479183990e-02,2.210177074453407303e-02,1.479376059430649093e+00,1.005740456309808906e+00,7.124559188695783751e-04,1.794337045170173173e-04
4.546776400127356510e+02,3.041436331459235021e+02,8.753125212366141827e-02,2.228120444905109035e-02,1.482158927875786958e+00,1.007842049578243859e+00,7.139732439340185088e-04,1.798138504915634817e-04
4.561597989406114380e+02,3.051514751955017459e+02,8.824522536759543678e-02,2.246101829954265383e-02,1.484910882667008991e+00,1.009946388958439911e+00,7.154815058079133649e-04,1.801966991571216092e-04
4.576447098232784469e+02,3.061614215844601858e+02,8.896070687340335015e-02,2.264121499869977544e-02,1.487709796477759028e+00,1.012115040786511599e+00,7.170079647260546585e-04,1.805793350651181683e-04
4.591324196197562060e+02,3.071735366252466974e+02,8.967771483812940481e-02,2.282179433376489361e-02,1.490517937131755843e+00,1.014224051186715769e+00,7.185416661008164896e-04,1.809646703147121949e-04
4.606229375568879618e+02,3.081877606764334132e+02,9.039625650423022130e-02,2.300275900407960580e-02,1.493333022771821561e+00,1.016398289543872124e+00,7.200771357463442435e-04,1.813527024335272186e-04
4.621162705796597834e+02,3.092041589659772853e+02,9.111633363997656554e-02,2.318411170651313302e-02,1.496159676537899941e+00,1.018574910796758104e+00,7.216252313944904184e-04,1.817419732367507590e-04
4.636124302561976833e+02,3.102227338767740434e+02,9.183795887137105596e-02,2.336585367974988378e-02,1.498959969388181435e+00,1.020722686886017527e+00,7.231750373819373356e-04,1.821324812927259396e-04
4.651113902255858648e+02,3.112434565636600610e+02,9.256113390875299329e-02,2.354798616104260972e-02,1.501840863395671022e+00,1.022936216753294048e+00,7.247428252133425453e-04,1.825271355080232416e-04
4.666132310889815358e+02,3.122663927804133550e+02,9.328587673396633584e-02,2.373051329655063296e-02,1.504693145486555750e+00,1.025120485958836980e+00,7.263068277628959013e-04,1.829215675975583155e-04
4.681179242344680915e+02,3.132915132663721920e+02,9.401218356172923174e-02,2.391343486414819128e-02,1.507559427133742247e+00,1.027308067550052328e+00,7.278887302400588455e-04,1.833201410923260277e-04
4.696254836616018338e+02,3.143188213339222443e+02,9.474007229196929059e-02,2.409675500524051731e-02,1.510468534893334436e+00,1.029560153965519476e+00,7.294776323927276707e-04,1.837184892887477883e-04
4.711359521964951682e+02,3.153483814878877638e+02,9.546954992436201826e-02,2.428047349452926509e-02,1.513315550808897569e+00,1.031784347846212313e+00,7.310626733872671590e-04,1.841209741046817561e-04
4.726492677473040658e+02,3.163801658357339761e+02,9.620061259774928542e-02,2.446459446863394685e-02,1.516245879289670029e+00,1.034010564193863502e+00,7.326709006927889511e-04,1.845232304242896970e-04
4.741655136265937358e+02,3.174141763999278396e+02,9.693328349844207437e-02,2.464911769905823655e-02,1.519185746646314783e+00,1.036271888279031828e+00,7.342860158000563686e-04,1.849310721125929646e-04
4.756846993732400506e+02,3.184504482882068714e+02,9.766756951424213073e-02,2.483404877117082951e-02,1.522096959754321688e+00,1.038534367779050172e+00,7.358971814838133341e-04,1.853357746791420291e-04
4.772067963329943723e+02,3.194889826559859216e+02,9.840346669572594407e-02,2.501938454584997154e-02,1.525055906613658863e+00,1.040800721187281397e+00,7.375259876009482296e-04,1.857460580343486822e-04
4.787318522396080311e+02,3.205297833771732030e+02,9.914099268332689230e-02,2.520513060388432022e-02,1.528024455417039462e+00,1.043101353945758092e+00,7.391615809103635470e-04,1.861590119337404314e-04
4.802598766950250706e+02,3.215728847311189611e+02,9.988015426423725585e-02,2.539128961581806065e-02,1.531002626879342188e+00,1.045404090601778080e+00,7.408039277449068871e-04,1.865717288227312920e-04
4.817908793219044128e+02,3.226182888217207392e+02,1.006209581919821627e-01,2.557786134464079195e-02,1.533956830599777277e+00,1.047710767398996268e+00,7.424529943765301176e-04,1.869900171355166896e-04
4.833248361525041901e+02,3.236659995891197354e+02,1.013634111863586929e-01,2.576485136177630864e-02,1.536958998849399904e+00,1.050050880140986465e+00,7.441195108120329804e-04,1.874080643306137717e-04
4.848617951513535900e+02,3.247160504692607219e+02,1.021075306971707258e-01,2.595225942610692241e-02,1.540004531995464276e+00,1.052362746228880042e+00,7.457926553375293643e-04,1.878287733132512349e-04
4.864017996833490542e+02,3.257684132154896020e+02,1.028533233525082552e-01,2.614008819942017364e-02,1.543026182759433595e+00,1.054708074435552589e+00,7.474723939765309799e-04,1.882492386745086843e-04
4.879448258661084878e+02,3.268231212899251545e+02,1.036007957464847862e-01,2.632833743809468233e-02,1.546019119502943795e+00,1.057088745187684253e+00,7.491479530086081473e-04,1.886752644647791965e-04
4.894908449856114316e+02,3.278802100351128388e+02,1.043499436994933943e-01,2.651701270255946152e-02,1.549103486126512053e+00,1.059441211383443715e+00,7.508622570734507784e-04,1.891039441619252193e-04
4.910399484717379437e+02,3.289396512464962825e+02,1.051008059565668451e-01,2.670611664672138674e-02,1.552183428040791568e+00,1.061827208494719343e+00,7.525508339154968196e-04,1.895323739727512724e-04
4.925921318997787353e+02,3.300014784549910019e+02,1.058533567904823419e-01,2.689564902069413801e-02,1.782021700200004943e+00,1.238932701537237335e+00,1.157023374206256339e-03,2.909657454572694979e-04
4.943741535999787402e+02,3.312404111565282392e+02,1.070103801646885983e-01,2.718661476615140751e-02,1.855128976664161655e+00,1.272864022831583952e+00,1.269824965966712127e-03,3.191069317867167854e-04
4.962292825766429019e+02,3.325132751793598231e+02,1.082802051306553104e-01,2.750572169793812430e-02,1.860200297123924429e+00,1.282983190587458466e+00,1.274924083906031624e-03,3.204050859544303742e-04
4.980894828737668263e+02,3.337962583699472816e+02,1.095551292145613420e-01,2.782612678389255467e-02,1.866300070790259724e+00,1.290339281345154632e+00,1.280236413546465002e-03,3.217541153049292835e-04
4.999557829445570860e+02,3.350865976512924362e+02,1.108353656281078070e-01,2.814788089919748396e-02,1.873287315250081519e+00,1.295933432127412743e+00,1.285814011781002963e-03,3.231539482374048977e-04
5.018290702598071675e+02,3.363825310834198490e+02,1.121211796398888100e-01,2.847103484743488885e-02,1.880327061273192157e+00,1.301542783265972503e+00,1.291453156853986095e-03,3.245726604829760054e-04
5.037093973210803597e+02,3.376840738666858215e+02,1.134126327967427961e-01,2.879560750791786486e-02,1.887453445929850204e+00,1.307229307467139279e+00,1.297153378387899680e-03,3.260073259676622703e-04
5.055968507670102099e+02,3.389913031741529608e+02,1.147097861751306958e-01,2.912161483388552713e-02,1.894598628170058419e+00,1.312991273366492351e+00,1.302914203819866001e-03,3.274521293613608108e-04
5.074914493951802683e+02,3.403042944475194531e+02,1.160127003789505618e-01,2.944906696324688794e-02,1.901864856106215029e+00,1.318800292108505801e+00,1.308735158398410814e-03,3.289157286142062320e-04
5.093933142512864833e+02,3.416230947396279589e+02,1.173214355373489726e-01,2.977798269186109417e-02,1.909150146513468371e+00,1.324655557366213543e+00,1.314615765182880480e-03,3.303951998498561027e-04
5.113024643977999517e+02,3.429477502969941725e+02,1.186360513025318530e-01,3.010837789171095027e-02,1.916566672953592843e+00,1.330588660712578530e+00,1.320576691790240065e-03,3.318905146140749274e-04
5.132190310707535446e+02,3.442783389577067510e+02,1.199566279943220931e-01,3.044026840632502520e-02,1.923997702008591659e+00,1.336600757778910520e+00,1.326585666690416332e-03,3.334045341532344831e-04
5.151430287727621362e+02,3.456149397154856615e+02,1.212832136610125094e-01,3.077367294047825969e-02,1.931555643954652624e+00,1.342657665857359461e+00,1.332663352668017609e-03,3.349285588594742846e-04
5.170745844167167888e+02,3.469575973813430210e+02,1.226158770136805271e-01,3.110860149933773397e-02,1.939108610692301227e+00,1.348764384498508662e+00,1.338819738499266720e-03,3.364770072561175385e-04
5.190136930274090901e+02,3.483063617658415296e+02,1.239546967521797938e-01,3.144507850659385151e-02,1.946818388923588827e+00,1.354980162215213113e+00,1.345033188446309591e-03,3.380382903183584697e-04
5.209605114163326789e+02,3.496613419280567427e+02,1.252997299406261034e-01,3.178311679691220998e-02,1.954552910656616405e+00,1.361275684882514270e+00,1.351313714153146162e-03,3.396181543982579321e-04
5.229150643269892953e+02,3.510226176129392570e+02,1.266510436547792495e-01,3.212273495131046791e-02,1.069476682183449157e+00,7.450951275542934127e-01,7.397765593257221717e-04,1.859232312269656906e-04
