Sigma_1,Sigma_2,Epsilon_1,Epsilon_2,dSigma_1,dSigma_2,dEpsilon_1,dEpsilon_2
-0.000000000000000000e+00,-0.000000000000000000e+00,0.000000000000000000e+00,0.000000000000000000e+00,1.979992626263854971e+00,6.600032787576026738e-01,8.548531900545313533e-06,5.028825499443090655e-07
1.979992626263854971e+00,6.600032787576026738e-01,8.548531900545313533e-06,5.028825499443090655e-07,1.980079170978881864e+00,6.600206318397812133e-01,8.548920111775921364e-06,5.028499189859404213e-07
3.960071797242736835e+00,1.320023910597383887e+00,1.709745201232123490e-05,1.005732468930249487e-06,1.980089659803731195e+00,6.600298787625957786e-01,8.548959802816357112e-06,5.028799067812397064e-07
5.940161457046468030e+00,1.980053789359979666e+00,2.564641181513759201e-05,1.508612375711489193e-06,1.980125183953588497e+00,6.600417483122760220e-01,8.549110810470102499e-06,5.028890214921155222e-07
7.920286641000056527e+00,2.640095537672255688e+00,3.419552262560769451e-05,2.011501397203604715e-06,1.980161901244668066e+00,6.600538563160904815e-01,8.549267634054596087e-06,5.028981366332019130e-07
9.900448542244724592e+00,3.300149393988346169e+00,4.274479025966229059e-05,2.514399533836806628e-06,1.980196235232526192e+00,6.600657259355586781e-01,8.549424453436173178e-06,5.029071605003516953e-07
1.188064477747725078e+01,3.960215119923904847e+00,5.129421471309846377e-05,3.017306694337158324e-06,1.980233908183578251e+00,6.600775955898039449e-01,8.549578357562229560e-06,5.029161843537592150e-07
1.386087868566082903e+01,4.620292715513708792e+00,5.984379307066069333e-05,3.520222878690917539e-06,1.980268720927977455e+00,6.600897037012440904e-01,8.549732257337999263e-06,5.029257539768687155e-07
1.584114740658880649e+01,5.280382419214952883e+00,6.839352532799869260e-05,4.023148632667786254e-06,1.980303534610918348e+00,6.601013350030999760e-01,8.549886152319399854e-06,5.029342320190747221e-07
1.782145094119972484e+01,5.940483754218052859e+00,7.694341148031809245e-05,4.526082864686860976e-06,1.980342164255784354e+00,6.601139200246093353e-01,8.550040042950567977e-06,5.029438016141503967e-07
1.980179310545550919e+01,6.600597674242662194e+00,8.549345152326866043e-05,5.029026666301011373e-06,1.980376026243718002e+00,6.601250745583868706e-01,8.550199749139312079e-06,5.029526435585152539e-07
2.178216913169922719e+01,7.260722748801049065e+00,9.404365127240797251e-05,5.531979309859526627e-06,1.980411796586235340e+00,6.601376596484902493e-01,8.550353630526369192e-06,5.029618494183225560e-07
2.376258092828546253e+01,7.920860408449539314e+00,1.025940049029343417e-04,6.034941159277849183e-06,1.980447567741812520e+00,6.601492910911401779e-01,8.550501687088767782e-06,5.029706913353833062e-07
2.574302849602727505e+01,8.581009699540679492e+00,1.111445065900231095e-04,6.537911850613232489e-06,1.980485247725262354e+00,6.601613994184472034e-01,8.550661379411447012e-06,5.029806243584822453e-07
2.772351374375253741e+01,9.241171098959126695e+00,1.196951679694345565e-04,7.040892474971714734e-06,1.980519113568519174e+00,6.601735077682899799e-01,8.550821066790570911e-06,5.029891027632306353e-07
2.970403285732105658e+01,9.901344606727416675e+00,1.282459890362251274e-04,7.543881577734945370e-06,1.980554887600995073e+00,6.601846624778850980e-01,8.550969109908008754e-06,5.029983083452890577e-07
3.168458774492205166e+01,1.056152926920530177e+01,1.367969581461331362e-04,8.046879886080234427e-06,1.980590662953435555e+00,6.601977245864851795e-01,8.551128788265215325e-06,5.030075139133299318e-07
3.366517840787548721e+01,1.122172699379178695e+01,1.453480869343983515e-04,8.549887399993564359e-06,1.980630254172638161e+00,6.602088793574765191e-01,8.551276822337764306e-06,5.030159920558089693e-07
3.564580866204812537e+01,1.188193587314926347e+01,1.538993637567361158e-04,9.052903392049373328e-06,1.980664123880245597e+00,6.602209878627700590e-01,8.551436491228991445e-06,5.030259252297602412e-07
3.762647278592837097e+01,1.254215686101203353e+01,1.624508002479651072e-04,9.555929317279133570e-06,1.980697994075185875e+00,6.602330963858005219e-01,8.551584516034728932e-06,5.030344031228931078e-07
3.960717078000355684e+01,1.320238995739783405e+01,1.710023847639998362e-04,1.005896372040202668e-05,1.980735681015417526e+00,6.602452049630613828e-01,8.551744176126110453e-06,5.030443364901135813e-07
4.158790646101897437e+01,1.386263516236089544e+01,1.795541289401259466e-04,1.056200805689214026e-05,1.980769553586853249e+00,6.602573135561389250e-01,8.551903831052000459e-06,5.030528143559397997e-07
4.356867601460582762e+01,1.452289247591703436e+01,1.881060327711779471e-04,1.106506087124808006e-05,1.980807242023885806e+00,6.602684685089741379e-01,8.552051842413034696e-06,5.030620200626374262e-07
4.554948325662971342e+01,1.518316094442600850e+01,1.966580846135909818e-04,1.156812289131071748e-05,1.980841117063860679e+00,6.602815308675324957e-01,8.552223127283002787e-06,5.030712255332720525e-07
4.753032437369357410e+01,1.584344247529354099e+01,2.052103077408739846e-04,1.207119411684398954e-05,1.980878806905366218e+00,6.602917322041097492e-01,8.552359490311944304e-06,5.030804312119278063e-07
4.951120318059894032e+01,1.650373420749765074e+01,2.137626672311859289e-04,1.257427454805591734e-05,1.980916498852877794e+00,6.603047946336815244e-01,8.552519126972280309e-06,5.030896366545239479e-07
5.149211967945181812e+01,1.716403900213133227e+01,2.223151863581582092e-04,1.307736418471044129e-05,1.980950376268339141e+00,6.603169033999662929e-01,8.552678758689223615e-06,5.030981146748489760e-07
5.347307005572015726e+01,1.782435590553129856e+01,2.308678651168474328e-04,1.358046229938529027e-05,1.980984253341262047e+00,6.603290122272049700e-01,8.552815108771327519e-06,5.031080474980151052e-07
5.545405430906141930e+01,1.848468491775850353e+01,2.394206802256187603e-04,1.408357034688330537e-05,1.981021949540277660e+00,6.603411210635456996e-01,8.552998008601997828e-06,5.031165257130713138e-07
5.743507625860169696e+01,1.914502603882204923e+01,2.479736782342207581e-04,1.458668687259637669e-05,1.981059644157987520e+00,6.603532299339427425e-01,8.553134349639551683e-06,5.031250034711227541e-07
5.941613590275968448e+01,1.980537926875599197e+01,2.565268125838603098e-04,1.508981187606749944e-05,1.981093525403480271e+00,6.603634314898272351e-01,8.553293962869140329e-06,5.031349364739005258e-07
6.139722942816316476e+01,2.046574270024581921e+01,2.650801065467294501e-04,1.559294681254139997e-05,1.981127407596822820e+00,6.603774478384352165e-01,8.553453571599398380e-06,5.031448694615553712e-07
6.337835683575998758e+01,2.112612014808425442e+01,2.736335601183288485e-04,1.609609168200295534e-05,1.981168920764503127e+00,6.603876494345968240e-01,8.553589899246377779e-06,5.031533473999452082e-07
6.535952575652449070e+01,2.178650779751885125e+01,2.821871500175752263e-04,1.659924502940290055e-05,1.981198990652373482e+00,6.604016658244553639e-01,8.553772775094956819e-06,5.031618253254127105e-07
6.734072474717686418e+01,2.244690946334330661e+01,2.907409227926701831e-04,1.710240685472831326e-05,1.981240505819158670e+00,6.604118675204553313e-01,8.553909093475531300e-06,5.031717582706362875e-07
6.932196525299602285e+01,2.310732133086376194e+01,2.992948318861457144e-04,1.760557861299894954e-05,1.981266760163904905e+00,6.604239765991160027e-01,8.554068683940669032e-06,5.031802359467508427e-07
7.130323201315992776e+01,2.376774530746287795e+01,3.078489005700863835e-04,1.810875884894570039e-05,1.981308278877449425e+00,6.604379931315378371e-01,8.554228269462495378e-06,5.031901690852334569e-07
7.328454029203737718e+01,2.442818330059441578e+01,3.164031288395488788e-04,1.861194901803093384e-05,1.981349796983138845e+00,6.604481948970892802e-01,8.554364574674729743e-06,5.031986467340295054e-07
7.526589008902051603e+01,2.508863149549150506e+01,3.249574934142236086e-04,1.911514766476496335e-05,1.981376055810613934e+00,6.604603040798977531e-01,8.554547426319525274e-06,5.032071245919444362e-07
7.724726614483112996e+01,2.574909179957140282e+01,3.335120408405431339e-04,1.961835478935690778e-05,1.981417575849846457e+00,6.604724133351922433e-01,8.554683722709335511e-06,5.032170574659494829e-07
7.922868372068097642e+01,2.640956421290659506e+01,3.420667245632524694e-04,2.012157184682285727e-05,1.981451466714091225e+00,6.604845226274633774e-01,8.554843289744376404e-06,5.032269903248366857e-07
8.121013518739506765e+01,2.707004873553405844e+01,3.506215678529968458e-04,2.062479883714769395e-05,1.981492990660612463e+00,6.604947244870444933e-01,8.555002852058096307e-06,5.032340128914435551e-07
8.319162817805568011e+01,2.773054346002110293e+01,3.591765707050549421e-04,2.112803285003913751e-05,1.981519251350221111e+00,6.605087412786545542e-01,8.555162409650657850e-06,5.032454009718771856e-07
8.517314742940590122e+01,2.839105220129975748e+01,3.677317331147055999e-04,2.163127825101101469e-05,1.981560775294440191e+00,6.605208506376030186e-01,8.555298688350191760e-06,5.032538787607623192e-07
8.715470820470034141e+01,2.905157305193736050e+01,3.762870318030557917e-04,2.213453212977177701e-05,1.981602302317369890e+00,6.605310526387953018e-01,8.555458236676619435e-06,5.032623563146872896e-07
8.913631050701771130e+01,2.971210410457615581e+01,3.848424900397324111e-04,2.263779448608646430e-05,1.981628565691664789e+00,6.605450694567487346e-01,8.555617780503716515e-06,5.032708340777209777e-07
9.111793907270937609e+01,3.037264917403290454e+01,3.933981078202361276e-04,2.314106532016418528e-05,1.981670094739826027e+00,6.605552715693363552e-01,8.555777319831645630e-06,5.032807668517219266e-07
9.309960916744920212e+01,3.103320444560224090e+01,4.019538851400677733e-04,2.364434608701590721e-05,1.981703992404547421e+00,6.605692885053926489e-01,8.555936853994435595e-06,5.032906996105982551e-07
9.508131315985374954e+01,3.169377373410763354e+01,4.105098219940622089e-04,2.414763678662650546e-05,1.981737891016564390e+00,6.605775832001832271e-01,8.556096383880047989e-06,5.032977220874535135e-07
9.706305105087031393e+01,3.235435131730781677e+01,4.190659183779422568e-04,2.465093450871395898e-05,1.981771785967495703e+00,6.605935076509652504e-01,8.556209362424590723e-06,5.033091100627466383e-07
9.904482283683780963e+01,3.301494482495878202e+01,4.276221277403668476e-04,2.515424361877670561e-05,1.981813323712188435e+00,6.606056172542196236e-01,8.556415429220108181e-06,5.033175877567471412e-07
1.010266361605499981e+02,3.367555044221300165e+01,4.361785431695869557e-04,2.565756120653345275e-05,1.981847220503695439e+00,6.606139120944831689e-01,8.556528399340887926e-06,5.033260652157840926e-07
1.030084833810536935e+02,3.433616435430748481e+01,4.447350715689278437e-04,2.616088727174923685e-05,1.981881127735121595e+00,6.606298365610427936e-01,8.556734456119569933e-06,5.033345428839297619e-07
1.049903645087888151e+02,3.499679419086852761e+01,4.532918060250474136e-04,2.666422181463316661e-05,1.981922659154648159e+00,6.606381315693852230e-01,8.556847417372660108e-06,5.033459305766798005e-07
1.069722871679434633e+02,3.565743232243791283e+01,4.618486534424200737e-04,2.716756774520984641e-05,1.981956563526082959e+00,6.606540561117881794e-01,8.557006919506112124e-06,5.033544084380743426e-07
1.089542437314695462e+02,3.631808637854970101e+01,4.704056603619261858e-04,2.767092215364792075e-05,1.981990468844486486e+00,6.606623510845395231e-01,8.557166416918351570e-06,5.033628856204296759e-07
1.109362342003140327e+02,3.697874872963424053e+01,4.789628267788445374e-04,2.817428503926835043e-05,1.982024375109816106e+00,6.606744608922952011e-01,8.557325909831585680e-06,5.033713634559659961e-07
1.129182585754238488e+02,3.763942319052653573e+01,4.875201526886761231e-04,2.867765640272431642e-05,1.982065915501351583e+00,6.606903856541492814e-01,8.557485397579734851e-06,5.033827510882107773e-07
1.149003244909252004e+02,3.830011357618068502e+01,4.960776380862558579e-04,2.918103915381252720e-05,1.982099823791017457e+00,6.606986806138692714e-01,8.557644880828824477e-06,5.033883184206741450e-07
1.168824243147162179e+02,3.896081225679455429e+01,5.046352829670846824e-04,2.968442747223320135e-05,1.982133733027481526e+00,6.607107906391505026e-01,8.557804359356972583e-06,5.033997060241265822e-07
1.188645580477436994e+02,3.962152304743370479e+01,5.131930873264416550e-04,3.018782717825732793e-05,1.982167637589313358e+00,6.607229005870820515e-01,8.557917291369130167e-06,5.034081835829745080e-07
1.208467256853330127e+02,4.028224594802078684e+01,5.217510046178107852e-04,3.069123536184030244e-05,1.982209187689178975e+00,6.607388255045023584e-01,8.558123302648238014e-06,5.034195713767518603e-07
1.228289348730221917e+02,4.094298477352528920e+01,5.303091279204590232e-04,3.119465493321705430e-05,1.982243094090804902e+00,6.607471205890220745e-01,8.558236226015075894e-06,5.034251384383815254e-07
1.248111779671129966e+02,4.160373189411431127e+01,5.388673641464740991e-04,3.169808007165543582e-05,1.982277007060631036e+00,6.607592307621956706e-01,8.558395686455587577e-06,5.034365262033597575e-07
1.267934549741736276e+02,4.226449112487650694e+01,5.474257598329296867e-04,3.220151659785879558e-05,1.982310926967002729e+00,6.607713408503173014e-01,8.558601682598690995e-06,5.034450037075605057e-07
1.287757659011406304e+02,4.292526246572682425e+01,5.559843615155283776e-04,3.270496160156635609e-05,1.982352469633894998e+00,6.607834509725023509e-01,8.558714592775558926e-06,5.034534809767875381e-07
1.307581183707745254e+02,4.358604591669932660e+01,5.645430761083039366e-04,3.320841508254314362e-05,1.982386385574102405e+00,6.607955612575651116e-01,8.558874039053246049e-06,5.034648686956465203e-07
1.327405047563486278e+02,4.424684147795689171e+01,5.731019501473571826e-04,3.371187995123879014e-05,1.982420302460894845e+00,6.608076713210948583e-01,8.559033480609991654e-06,5.034704356970148733e-07
1.347229250588095226e+02,4.490764914927798657e+01,5.816609836279671743e-04,3.421535038693580502e-05,1.982454220294158631e+00,6.608197816781711253e-01,8.559192917445687318e-06,5.034818233870882878e-07
1.367053792791036813e+02,4.556846893095615769e+01,5.902201765454128616e-04,3.471883221032289331e-05,1.982503406999597928e+00,6.608318919405817837e-01,8.559352349560549883e-06,5.034903008236890306e-07
1.386878826861032792e+02,4.622930082289673948e+01,5.987795288949734115e-04,3.522232251114658234e-05,1.982522052388134171e+00,6.608440023735369095e-01,8.559465238921061363e-06,5.035016884820292028e-07
1.406704047384914134e+02,4.689014482527027639e+01,6.073389941338944728e-04,3.572582419962861154e-05,1.982571247698075467e+00,6.608561125695757710e-01,8.559671200025786332e-06,5.035072554346084581e-07
1.426529759861894888e+02,4.755100093783985216e+01,6.158986653339202592e-04,3.622933145506322000e-05,1.982589894533930419e+00,6.608644082371597506e-01,8.559784080963022714e-06,5.035186430641427338e-07
1.446355658807234192e+02,4.821186534607701191e+01,6.244584494148832819e-04,3.673285009812736273e-05,1.982639092181926799e+00,6.608803334752479941e-01,8.559990031607473543e-06,5.035271202240550821e-07
1.466182049729053460e+02,4.887274567955225990e+01,6.330184394464907554e-04,3.723637721835141781e-05,1.982673009043793400e+00,6.608924440560954849e-01,8.560102903899607062e-06,5.035385078218764443e-07
1.486008779819491394e+02,4.953363812360835539e+01,6.415785423503903625e-04,3.773991572617329426e-05,1.982706933578612052e+00,6.609045543846931992e-01,8.560262308485709105e-06,5.035440749476773254e-07
1.505835849155277515e+02,5.019454267799304858e+01,6.501388046588760716e-04,3.824345980112097158e-05,1.982756127899648391e+00,6.609128501924814714e-01,8.560421708351086470e-06,5.035554622946617387e-07
1.525663410434273999e+02,5.085545552818553006e+01,6.586992263672271581e-04,3.874701526341563332e-05,1.982774792804576691e+00,6.609287755784833962e-01,8.560627638518536128e-06,5.035639396219410212e-07
1.545491158362319766e+02,5.151638430376401345e+01,6.672598540057456942e-04,3.925057920303757434e-05,1.982823974904874831e+00,6.609408861554086911e-01,8.560693958674283482e-06,5.035724169362844164e-07
1.565319398111368514e+02,5.217732518991942214e+01,6.758205479644199777e-04,3.975415161997385876e-05,1.982842641440868192e+00,6.609491819155977055e-01,8.560899879621894706e-06,5.035808940156608722e-07
1.585147824525777196e+02,5.283827437183501985e+01,6.843814478440418724e-04,4.025773251398951963e-05,1.982891840068901956e+00,6.609651075653175667e-01,8.561059260603939673e-06,5.035922815241507516e-07
1.604976742926466216e+02,5.349923947940033742e+01,6.929425071046458121e-04,4.076132479551367038e-05,1.982925770541669408e+00,6.609734033937186837e-01,8.561218636865151541e-06,5.036007587967591395e-07
1.624806000631882910e+02,5.416021288279405610e+01,7.015037257415109636e-04,4.126492555431042952e-05,1.982959694312938836e+00,6.609893289636303848e-01,8.561331475152476542e-06,5.036092358343938116e-07
1.644635597575012298e+02,5.482120221175768648e+01,7.100650572166634401e-04,4.176853479014482333e-05,1.982993634233167768e+00,6.609976248563711465e-01,8.561537375623520275e-06,5.036177130811372014e-07
1.664465533917343976e+02,5.548219983661405763e+01,7.186265945922869604e-04,4.227215250322596054e-05,1.983042829597252421e+00,6.610135506616998669e-01,8.561650205488003859e-06,5.036291003070568896e-07
1.684295962213316500e+02,5.614321338727575750e+01,7.271882447977749643e-04,4.277578160353301742e-05,1.983061501839017637e+00,6.610218464573378583e-01,8.561856095276837268e-06,5.036346673123080417e-07
1.704126577231706676e+02,5.680423523373309536e+01,7.357501008930518015e-04,4.327941627084532547e-05,1.983110699171959368e+00,6.610339574743022695e-01,8.561968916718587855e-06,5.036460547314596621e-07
1.723957684223426270e+02,5.746526919120739763e+01,7.443120698097703894e-04,4.378306232557678513e-05,1.983129365120305465e+00,6.610498832281450632e-01,8.562128265452014983e-06,5.036545317014875524e-07
1.743788977874629325e+02,5.812631907443554269e+01,7.528741980752224044e-04,4.428671685727827268e-05,1.983178572437850562e+00,6.610581794567167435e-01,8.562287609242672827e-06,5.036659193109302066e-07
1.763620763599007830e+02,5.878737725389225943e+01,7.614364856844650772e-04,4.479038277658920289e-05,1.983212510554807295e+00,6.610702904164185156e-01,8.562446948756586781e-06,5.036743960301279244e-07
1.783452888704555903e+02,5.944844754430867795e+01,7.699989326332216640e-04,4.529405717261933081e-05,1.983246449617382723e+00,6.610824012353120338e-01,8.562606283106012107e-06,5.036799631971352643e-07
1.803285353200729730e+02,6.010952994554398998e+01,7.785615389163276761e-04,4.579773713581646608e-05,1.983295660425312690e+00,6.610983273101211921e-01,8.562765613178368283e-06,5.036913503192968046e-07
1.823118309804982857e+02,6.077062827285411117e+01,7.871243045295060444e-04,4.630142848613576288e-05,1.983314322142064157e+00,6.611066236789113759e-01,8.562878409039344392e-06,5.037027374241449915e-07
1.842951453026403499e+02,6.143173489653302255e+01,7.956871829385453888e-04,4.680513122355990787e-05,1.983348272517787336e+00,6.611187345982258989e-01,8.563084259115912207e-06,5.037083045537947903e-07
1.862784935751581372e+02,6.209285363113124845e+01,8.042502671976613010e-04,4.730883952811370266e-05,1.983397495306888914e+00,6.611308459110603053e-01,8.563290103054594683e-06,5.037196916298235282e-07
1.882618910704650261e+02,6.275398447704230875e+01,8.128135573007158957e-04,4.781255921974352619e-05,1.983431413009611788e+00,6.611429570792211052e-01,8.563309829448615546e-06,5.037281684904960769e-07
1.902453224834746379e+02,6.341512743412152986e+01,8.213768671301645112e-04,4.831628738823402227e-05,1.983465366575330791e+00,6.611588831650010434e-01,8.563515664742845680e-06,5.037366455602637909e-07
1.922287878500499687e+02,6.407628631728653090e+01,8.299403827949073569e-04,4.882002403379428606e-05,1.983499321362756973e+00,6.611671795198219570e-01,8.563721494343171266e-06,5.037451226170956177e-07
1.942122871714127257e+02,6.473745349680635286e+01,8.385041042892505282e-04,4.932376915641138168e-05,1.983533259130382476e+00,6.611754760932910813e-01,8.563834264270790350e-06,5.037565098546027166e-07
1.961958204305431082e+02,6.539862897289964394e+01,8.470679385535213185e-04,4.982752566626598439e-05,1.983567215992735555e+00,6.611914024794032230e-01,8.564040083632994821e-06,5.037678968527518572e-07
1.981793876465358437e+02,6.605982037537904716e+01,8.556319786371543133e-04,5.033129356311873625e-05,1.983616427442655095e+00,6.611996987404609172e-01,8.564152844916378404e-06,5.037734636742036360e-07
2.001630040739784988e+02,6.672102007411950808e+01,8.641961314820706917e-04,5.083506702679293989e-05,1.983635095741220766e+00,6.612156248102820655e-01,8.564265603118459413e-06,5.037790302650794940e-07
2.021466391697197196e+02,6.738223569892979015e+01,8.727603970851891511e-04,5.133884605705801938e-05,1.983684327768457933e+00,6.612315517062938852e-01,8.564471407476498439e-06,5.037962380425323400e-07
2.041303234974881775e+02,6.804346725063608403e+01,8.813248684926656496e-04,5.184264229510055172e-05,1.983718289041490834e+00,6.612398480658185917e-01,8.564677206362569101e-06,5.038018043825644729e-07
2.061140417865296683e+02,6.870470709870190262e+01,8.898895456990282187e-04,5.234644409948311619e-05,1.983752232189999631e+00,6.612481444479385573e-01,8.564789950357590102e-06,5.038073713801584472e-07
2.080977940187196680e+02,6.936595524314984118e+01,8.984543356493858088e-04,5.285025147086327464e-05,1.983786176007583890e+00,6.612640710617654349e-01,8.564902691049372345e-06,5.038187582918695695e-07
2.100815801947272519e+02,7.002721931421160662e+01,9.070192383404351811e-04,5.335407022915514421e-05,1.983820140208194971e+00,6.612723679157994638e-01,8.565108475375149931e-06,5.038301451862470096e-07
2.120654003349354468e+02,7.068849168212740608e+01,9.155843468158103311e-04,5.385790037434139122e-05,1.983854085731849182e+00,6.612882941980160467e-01,8.565221207201085749e-06,5.038357121464766665e-07
2.140492544206672960e+02,7.134977997632542213e+01,9.241495680230114168e-04,5.436173608648786789e-05,1.983903325027796427e+00,6.613042209334167865e-01,8.565426981067131296e-06,5.038470990120346577e-07
2.160331577456950924e+02,7.201108419725883891e+01,9.327149950040785481e-04,5.486558318549990254e-05,1.983921999367083799e+00,6.613048880805081353e-01,8.565539704470767797e-06,5.038584858602589665e-07
2.180170797450621762e+02,7.267238908533934705e+01,9.412805347085493159e-04,5.536944167136016151e-05,1.983971220548198744e+00,6.613284442858571310e-01,8.565652424349446195e-06,5.038640527831378586e-07
2.200010509656103750e+02,7.333371752962520418e+01,9.498461871328987621e-04,5.587330572414329937e-05,1.984005210645847228e+00,6.613367413181805432e-01,8.565951226829709129e-06,5.038754396025359422e-07
2.219850561762562222e+02,7.399505427094338472e+01,9.584121383597284712e-04,5.637718116374583531e-05,1.984039140061298667e+00,6.613450383845957958e-01,8.565970894093295068e-06,5.038868264046003436e-07
2.239690953163175209e+02,7.465639930932798052e+01,9.669781092538217663e-04,5.688106799015043565e-05,1.984073111598377182e+00,6.613609648791936024e-01,8.566176643161576947e-06,5.038923932901284708e-07
2.259531684279158981e+02,7.531776027420717412e+01,9.755442858969833432e-04,5.738496038344056413e-05,2.062883363211284404e+00,6.876934039543414201e-01,4.410753878954671312e-04,-8.590955995453184617e-05
2.280160517911271825e+02,7.600545367816151554e+01,1.416619673792450474e-03,-2.852459957109128544e-05,2.154203387963008254e+00,7.181882050753927160e-01,9.306177394435113156e-04,-1.837158357773100836e-04
2.301702551790901907e+02,7.672364188323690826e+01,2.347237413235961790e-03,-2.122404353484013588e-04,2.157339232555244735e+00,7.192703800156152738e-01,9.320224050499014042e-04,-1.839933414676979471e-04
2.323275944116454355e+02,7.744291226325252353e+01,3.279259818285863194e-03,-3.962337768160993060e-04,2.160493667516732330e+00,7.204342525829616761e-01,9.334812304935147936e-04,-1.842811805789188492e-04
2.344880880791621678e+02,7.816334651583548521e+01,4.212741048779377988e-03,-5.805149573950181552e-04,2.163670721087783022e+00,7.215661158900559258e-01,9.349444294199588459e-04,-1.845699648345257380e-04
2.366517588002499508e+02,7.888491263172554113e+01,5.147685478199336834e-03,-7.650849222295438932e-04,2.166839854573424873e+00,7.226888424239064079e-01,9.364123409665988870e-04,-1.848598349554054880e-04
2.388185986548233757e+02,7.960760147414944754e+01,6.084097819165935721e-03,-9.499447571849493812e-04,2.170016664082055513e+00,7.238329300056136617e-01,9.378860423822823339e-04,-1.851506054621294625e-04
2.409886153189054312e+02,8.033143440415506120e+01,7.021983861548218055e-03,-1.135095362647078844e-03,2.173200821915315828e+00,7.249602371464050066e-01,9.393640186791023597e-04,-1.854425569825710312e-04
2.431618161408207470e+02,8.105639464130146621e+01,7.961347880227320414e-03,-1.320537919629649875e-03,2.176392885244268882e+00,7.261088738645185003e-01,9.408484540879592795e-04,-1.857355040436625172e-04
2.453382090260650159e+02,8.178250351516598471e+01,8.902196334315279694e-03,-1.506273423673312392e-03,2.179577207010510165e+00,7.272559604299715375e-01,9.423382024923727257e-04,-1.860295408731425966e-04
2.475177862330755261e+02,8.250975947559595625e+01,9.844534536807652420e-03,-1.692302964546454989e-03,2.182784237497315871e+00,7.284014987436222555e-01,9.438317544515906210e-04,-1.863245751737561441e-04
2.497005704705728419e+02,8.323816097433957850e+01,1.078836629125924304e-02,-1.878627539720211133e-03,2.185999527947018350e+00,7.295607104654067143e-01,9.453327620550285720e-04,-1.866206078896593713e-04
2.518865699985198603e+02,8.396772168480498522e+01,1.173369905331427161e-02,-2.065248147609870504e-03,2.189206742663714067e+00,7.307107181457013212e-01,9.468375032750438874e-04,-1.869179199949526013e-04
2.540757767411835744e+02,8.469843240295068654e+01,1.268053655658931550e-02,-2.252166067604823105e-03,2.192422233732372661e+00,7.318819800851485979e-01,9.483496232259268355e-04,-1.872163259307858645e-04
2.562681989749159470e+02,8.543031438303583514e+01,1.362888617981524234e-02,-2.439382393535608970e-03,2.195644730211824935e+00,7.330440679981080621e-01,9.498639382869711323e-04,-1.875154532127295756e-04
2.584638437051277720e+02,8.616335845103394320e+01,1.457875011810221347e-02,-2.626897846748338546e-03,2.198891614157503227e+00,7.342121334601046101e-01,9.513877600603008744e-04,-1.878160497463267874e-04
2.606627353192852752e+02,8.689757058449404781e+01,1.553013787816251434e-02,-2.814713896494665333e-03,2.202114949049985171e+00,7.353938192894702297e-01,9.529151734278019925e-04,-1.881175563699520777e-04
2.628648502683352604e+02,8.763296440378351804e+01,1.648305305159031633e-02,-3.002831452864617411e-03,2.205346062262776741e+00,7.365662602139764203e-01,9.544476129950373033e-04,-1.884203476978894842e-04
2.650701963305980371e+02,8.836953066399749446e+01,1.743750066458535364e-02,-3.191251800562506895e-03,2.208616438511910474e+00,7.377599198520670143e-01,9.559865063793263062e-04,-1.887238642247252192e-04
2.672788127691099476e+02,8.910729058384956147e+01,1.839348717096467994e-02,-3.379975664787232114e-03,2.211863623286092206e+00,7.389367145346739107e-01,9.575303510799756945e-04,-1.890286675018731585e-04
2.694906763923960398e+02,8.984622729838423538e+01,1.935101752204465564e-02,-3.569004332289105273e-03,2.215119435912697554e+00,7.401346186493213963e-01,9.590820320618011208e-04,-1.893351326485198834e-04
2.717057958283087373e+02,9.058636191703355678e+01,2.031009955410645676e-02,-3.758339464937625156e-03,2.218382742707774469e+00,7.413309462485955237e-01,9.606371264947767552e-04,-1.896417651293218209e-04
2.739241785710165118e+02,9.132769286328215230e+01,2.127073668060123351e-02,-3.947981230066946977e-03,2.221685143952981889e+00,7.425255210773968884e-01,9.621970619815151116e-04,-1.899504356570429209e-04
2.761458637149694937e+02,9.207021838435954919e+01,2.223293374258274863e-02,-4.137931665723989898e-03,2.224934289028681178e+00,7.437336661976843288e-01,9.637661710124104109e-04,-1.902596494207341171e-04
2.783707980039981749e+02,9.281395205055723352e+01,2.319669991359515904e-02,-4.328191315144724015e-03,2.223063104944060342e+00,7.434979092107454335e-01,9.410328682389994259e-04,-1.857124666791668682e-04
2.805938611089422352e+02,9.355744995976797895e+01,2.413773278183415846e-02,-4.513903781823890883e-03,2.224517163663392694e+00,7.435070711147488964e-01,9.355821558323963727e-04,-1.846233625495685704e-04
2.828183782726056279e+02,9.430095703088272785e+01,2.507331493766655484e-02,-4.698527144373459453e-03,2.227772523570138219e+00,7.448669648987049641e-01,9.370727383667953880e-04,-1.849176297252317497e-04
2.850461507961757661e+02,9.504582399578143281e+01,2.601038767603335022e-02,-4.883444774098691203e-03,2.231004507061982167e+00,7.461341474112259675e-01,9.385684682116680888e-04,-1.852120538670702296e-04
2.872771553032377483e+02,9.579195814319265878e+01,2.694895614424501831e-02,-5.068656827965761433e-03,2.234179613099797734e+00,7.473162724179331917e-01,9.400620650826148339e-04,-1.855066352916771161e-04
2.895113349163375460e+02,9.653927441561059197e+01,2.788901820932763315e-02,-5.254163463257438549e-03,2.237392599873885501e+00,7.484968291319944456e-01,9.415564171669603410e-04,-1.858017488780934132e-04
2.917487275162114315e+02,9.728777124474258642e+01,2.883057462649459349e-02,-5.439965212135531962e-03,2.240614627103468592e+00,7.496908383937608278e-01,9.430601846622706230e-04,-1.860988937459782597e-04
2.939893421433149001e+02,9.803746208313634725e+01,2.977363481115686411e-02,-5.626064105881510222e-03,2.243813459513432917e+00,7.508832957724109747e-01,9.445704265142115807e-04,-1.863961981084958849e-04
2.962331556028283330e+02,9.878834537890875822e+01,3.071820523767107569e-02,-5.812460303990006107e-03,2.247019660975183797e+00,7.520892151633518097e-01,9.460842153053844461e-04,-1.866951613711965302e-04
2.984801752638035168e+02,9.954043459407211003e+01,3.166428945297646014e-02,-5.999155465361202637e-03,2.250265595591201873e+00,7.532859062072390088e-01,9.476044064972155567e-04,-1.869950352981581895e-04
3.007304408593947187e+02,1.002937205002793490e+02,3.261189385947367569e-02,-6.186150500659360826e-03,2.253487480607191173e+00,7.544884923542696242e-01,9.491280781316613346e-04,-1.872961956891679852e-04
3.029839283400019099e+02,1.010482089926336187e+02,3.356102193760533703e-02,-6.373446696348528812e-03,2.256749201852755959e+00,7.557046556183593111e-01,9.506580801983341433e-04,-1.875975187743900499e-04
3.052406775418546658e+02,1.018039136482519780e+02,3.451168001780367117e-02,-6.561044215122918861e-03,2.259987704818399834e+00,7.569265709511512341e-01,9.521943726014045484e-04,-1.879012551958261432e-04
3.075006652466730657e+02,1.025608402192031292e+02,3.546387439040507572e-02,-6.748945470318745005e-03,2.263203760755914118e+00,7.581392252150180866e-01,9.537397888854520778e-04,-1.882059064916277377e-04
3.097638690074289798e+02,1.033189794444181473e+02,3.641761417929052780e-02,-6.937151376810372742e-03,2.266489683495024110e+00,7.593654221101360235e-01,9.552856652342914257e-04,-1.885107231791331370e-04
3.120303586909240039e+02,1.040783448665282833e+02,3.737289984452481922e-02,-7.125662099989505879e-03,2.269752371172501171e+00,7.605898410175910840e-01,9.568377198014427210e-04,-1.888172066536021945e-04
3.143001110620965051e+02,1.048389347075458744e+02,3.832973756432626194e-02,-7.314479306643108074e-03,2.273024323746142272e+00,7.618276179612735177e-01,9.583987778766581145e-04,-1.891253583912802516e-04
3.165731353858426473e+02,1.056007623255071479e+02,3.928813634220292006e-02,-7.503604665034388325e-03,2.276303831667007671e+00,7.630712428544370596e-01,9.599630629987462860e-04,-1.894344290616521362e-04
3.188494392175096550e+02,1.063638335683615850e+02,4.024809940520166635e-02,-7.693039094096040462e-03,2.279591784886804362e+00,7.643056465606434813e-01,9.615334059342381390e-04,-1.897436686279837387e-04
3.211290310023964594e+02,1.071281392149222285e+02,4.120963281113590448e-02,-7.882782762724024200e-03,2.282857291444372549e+00,7.655532896801418019e-01,9.631126236942164076e-04,-1.900553307315859530e-04
3.234118882938408319e+02,1.078936925046023703e+02,4.217274543483012089e-02,-8.072838093455610153e-03,2.286161271819423746e+00,7.668143143632732972e-01,9.646921018831647321e-04,-1.903679149579274449e-04
3.256980495656602557e+02,1.086605068189656436e+02,4.313743753671328562e-02,-8.263206008413537598e-03,2.289475551832197198e+00,7.680585262906305388e-01,9.662832289760031612e-04,-1.906806708526376931e-04
3.279875251174924529e+02,1.094285653452562741e+02,4.410372076568928879e-02,-8.453886679266175291e-03,2.292765598566916196e+00,7.693235000931935019e-01,9.678773960713898949e-04,-1.909958533537238490e-04
3.302802907160593691e+02,1.101978888453494676e+02,4.507159816176067868e-02,-8.644882532619899140e-03,2.296096049850120835e+00,7.705943357826896545e-01,9.694774201512018630e-04,-1.913112095329357054e-04
3.325763867659094899e+02,1.109684831811321573e+02,4.604107558191188054e-02,-8.836193742152834846e-03,2.334535257594723134e+00,7.845244807292459654e-01,1.111200278786202145e-03,-2.196081730931817577e-04
3.349109220235042130e+02,1.117530076618614032e+02,4.715227586069808269e-02,-9.055801915246016603e-03,2.347527449874405647e+00,7.883514623053855530e-01,1.147264320710709995e-03,-2.268109742039597226e-04
3.372584494733786187e+02,1.125413591241667888e+02,4.829954018140879268e-02,-9.282612889449976326e-03,2.351474510006426044e+00,7.908246541826429166e-01,1.149429940151366902e-03,-2.272340045828078609e-04
3.396099239833850447e+02,1.133321837783494317e+02,4.944897012156015959e-02,-9.509846894032784187e-03,2.355326758763794714e+00,7.920080672518423626e-01,1.151671584256420966e-03,-2.276776251133316720e-04
3.419652507421488394e+02,1.141241918456012741e+02,5.060064170581658055e-02,-9.737524519146115859e-03,2.359332505085376397e+00,7.935807890906687589e-01,1.153963400157456687e-03,-2.281320722309475996e-04
3.443245832472342158e+02,1.149177726346919428e+02,5.175460510597403724e-02,-9.965656591377063458e-03,2.363384092259707359e+00,7.951584268487863483e-01,1.156268374933600018e-03,-2.285875712921148911e-04
3.466879673394939232e+02,1.157129310615407292e+02,5.291087348090763726e-02,-1.019424416266917835e-02,2.367387081556046269e+00,7.967406984322025210e-01,1.158592058579918649e-03,-2.290463823349919020e-04
3.490553544210499695e+02,1.165096717599729317e+02,5.406946553948755591e-02,-1.042329054500417025e-02,2.371464452763291320e+00,7.983279369749993748e-01,1.160917407518884115e-03,-2.295054967330050627e-04
3.514268188738132608e+02,1.173079996969479311e+02,5.523038294700644002e-02,-1.065279604173717531e-02,2.375555769074424006e+00,7.999272254160558759e-01,1.163255644600312555e-03,-2.299686813078388042e-04
3.538023746428876848e+02,1.181079269223639869e+02,5.639363859160675257e-02,-1.088276472304501412e-02,2.379594637318973582e+00,8.015388922646593528e-01,1.165601045897891874e-03,-2.304329267648931590e-04
3.561819692802066584e+02,1.189094658146286463e+02,5.755923963750464445e-02,-1.111319764980990728e-02,2.383651118349007447e+00,8.031401029287366100e-01,1.167970402294757348e-03,-2.308997417000031860e-04
3.585656203985556658e+02,1.197126059175573829e+02,5.872721003979940180e-02,-1.134409739150991046e-02,2.387780458005238415e+00,8.047686469836463630e-01,1.170335494644174357e-03,-2.313683752597477800e-04
3.609534008565609042e+02,1.205173745645410293e+02,5.989754553444357615e-02,-1.157546576676965824e-02,2.391861044578774909e+00,8.063943266767097384e-01,1.172718734280743524e-03,-2.318388296385781588e-04
3.633452619011396791e+02,1.213237688912177390e+02,6.107026426872431968e-02,-1.180730459640823640e-02,2.395986065346505711e+00,8.080320183086797670e-01,1.175108796376680975e-03,-2.323126152044639042e-04
3.657412479664861849e+02,1.221318009095264188e+02,6.224537306510100065e-02,-1.203961721161270031e-02,2.400094642555131941e+00,8.096668062247402986e-01,1.177516798609223869e-03,-2.327882270585363012e-04
3.681413426090413168e+02,1.229414677157511591e+02,6.342288986371022452e-02,-1.227240543867123661e-02,2.404249742248168786e+00,8.113213744187959264e-01,1.179937029978608831e-03,-2.332649129940054383e-04
3.705455923512894856e+02,1.237527890901699550e+02,6.460282689368883335e-02,-1.250567035166524205e-02,2.408350069503853774e+00,8.129726189425809935e-01,1.182358231428357054e-03,-2.337464475939774605e-04
3.729539424207933394e+02,1.245657617091125360e+02,6.578518512511719041e-02,-1.273941679925921951e-02,2.412533401429129754e+00,8.146438747299953320e-01,1.184802656140668264e-03,-2.342267976332360752e-04
3.753664758222224691e+02,1.253804055838425313e+02,6.696998778125785867e-02,-1.297364359689245558e-02,2.416694463230783185e+00,8.163192886167962570e-01,1.187247883086842148e-03,-2.347120022550656937e-04
3.777831702854532523e+02,1.261967248724593276e+02,6.815723566434470082e-02,-1.320835559914752128e-02,2.420871650355820748e+00,8.179916919091994032e-01,1.189710551405195882e-03,-2.351990459964151819e-04
3.802040419358090730e+02,1.270147165643685270e+02,6.934694621574989670e-02,-1.344355464514393646e-02,2.425030377804944237e+00,8.196836467542567561e-01,1.192184982910307611e-03,-2.356879311401650218e-04
3.826290723136140173e+02,1.278344002111227837e+02,7.053913119866020431e-02,-1.367924257628410148e-02,2.429270650360024320e+00,8.213800720780000120e-01,1.194676628231125526e-03,-2.361786599789691271e-04
3.850583429639740416e+02,1.286557802832007837e+02,7.173380782689132984e-02,-1.391542123626307061e-02,2.433455851115638779e+00,8.230882704695545726e-01,1.197168739837592422e-03,-2.366727461699594248e-04
3.874917988150896804e+02,1.294788685536703383e+02,7.293097656672892226e-02,-1.415209398243303003e-02,2.437657246324818061e+00,8.247933694572964214e-01,1.199677877317062435e-03,-2.371686817468250663e-04
3.899294560614144984e+02,1.303036619231276347e+02,7.413065444404598470e-02,-1.438926266417985510e-02,2.441905700863230777e+00,8.265252257097301936e-01,1.202198388835437615e-03,-2.376679811097685141e-04
3.923713617622777292e+02,1.311301871488373649e+02,7.533285283288142231e-02,-1.462693064528962361e-02,2.446137712625045424e+00,8.282388980121027089e-01,1.204735698324382875e-03,-2.381691356044234043e-04
3.948174994749027746e+02,1.319584260468494676e+02,7.653758853120580519e-02,-1.486509978089404702e-02,2.450382022203541510e+00,8.299794723718036948e-01,1.207278652510315742e-03,-2.386721475843029544e-04
3.972678814971063161e+02,1.327884055192212713e+02,7.774486718371612093e-02,-1.510377192847834997e-02,2.454642709778454446e+00,8.317318813799943200e-01,1.209838196539886335e-03,-2.391770194127267740e-04
3.997225242068847706e+02,1.336201374006012657e+02,7.895470538025600726e-02,-1.534294894789107674e-02,2.458917787535597199e+00,8.334808689872659215e-01,1.212408705013420795e-03,-2.396852669807880698e-04
4.021814419944203678e+02,1.344536182695885316e+02,8.016711408526942806e-02,-1.558263421487186481e-02,2.463209339717707280e+00,8.352414332210287284e-01,1.214995575055596855e-03,-2.401968941273466274e-04
4.046446513341380751e+02,1.352888597028095603e+02,8.138210966032502491e-02,-1.582283110899921144e-02,2.467513296817628543e+00,8.370137494623008934e-01,1.217587706593387109e-03,-2.407103904633091374e-04
4.071121646309557036e+02,1.361258734522718612e+02,8.259969736691841202e-02,-1.606354149946252058e-02,2.471802792757785028e+00,8.387977889964588485e-01,1.220201472520263120e-03,-2.412257584042329372e-04
4.095839674237134886e+02,1.369646712412683200e+02,8.381989883943867514e-02,-1.630476725786675352e-02,2.476135674065233161e+00,8.405785166659427432e-01,1.222814823617968116e-03,-2.417430003757992107e-04
4.120601030977787218e+02,1.378052497579342628e+02,8.504271366305664326e-02,-1.654651025824255273e-02,2.480456185336549879e+00,8.423704935140392536e-01,1.225455055017130035e-03,-2.422651495033074920e-04
4.145405592831152717e+02,1.386476202514483020e+02,8.626816871807377329e-02,-1.678877540774586022e-02,2.484791195669856734e+00,8.441741094047472416e-01,1.228105605305826464e-03,-2.427891797527823026e-04
4.170253504787851284e+02,1.394917943608530493e+02,8.749627432337959976e-02,-1.703156458749864252e-02,2.489138624299073399e+00,8.460045467781753814e-01,1.230760922419263381e-03,-2.433135775110860377e-04
4.195144891030842018e+02,1.403377989076312247e+02,8.872703524579886314e-02,-1.727487816500972856e-02,2.493540160977318010e+00,8.478161388359239936e-01,1.233442726250047472e-03,-2.438428931319340520e-04
4.220080292640615198e+02,1.411856150464671487e+02,8.996047797204891061e-02,-1.751872105814166261e-02,2.580278070081931219e+00,8.801224032369532324e-01,1.509732827120816023e-03,-2.989948219206117752e-04
4.245883073341434510e+02,1.420657374497041019e+02,9.147021079916972663e-02,-1.781771588006227439e-02,2.605682339338841302e+00,8.892767112805870511e-01,1.574432997433317105e-03,-3.119075236091839454e-04
4.271939896734822923e+02,1.429550141609846889e+02,9.304464379660304374e-02,-1.812962340367145833e-02,2.611317339129982429e+00,8.933871940259905386e-01,1.578584160656162916e-03,-3.127167127525629087e-04
4.298053070126122748e+02,1.438484013550106795e+02,9.462322795725920666e-02,-1.844234011642402124e-02,2.616726200742959918e+00,8.948755511605668289e-01,1.582971647199990506e-03,-3.135934372446753937e-04
4.324220332133552347e+02,1.447432769061712463e+02,9.620619960445919716e-02,-1.875593355366869663e-02,2.622650724383959187e+00,8.974184750773588348e-01,1.587523570936499873e-03,-3.144937381659093645e-04
4.350446839377391939e+02,1.456406953812486051e+02,9.779372317539569703e-02,-1.907042729183460600e-02,2.628539292638720326e+00,8.999995059477043924e-01,1.592109238224739820e-03,-3.154009349256130246e-04
4.376732232303779142e+02,1.465406948871963095e+02,9.938583241362043685e-02,-1.938582822676021902e-02,2.634456622811285342e+00,9.025587068455251938e-01,1.596722908631678650e-03,-3.163150381566490199e-04
4.403076798531891995e+02,1.474432535940418347e+02,1.009825553222521155e-01,-1.970214326491686804e-02,2.640402747398240990e+00,9.051712770683764120e-01,1.601364263886587147e-03,-3.172330180653305798e-04
4.429480826005874405e+02,1.483484248711102111e+02,1.025839195861387027e-01,-2.001937628298219862e-02,2.646377695511944239e+00,9.077763836513383922e-01,1.606032985561153814e-03,-3.181609644803996828e-04
4.455944602960993848e+02,1.492562012547615495e+02,1.041899525716998565e-01,-2.033753724746259831e-02,2.652352093654428700e+00,9.104197301905117001e-01,1.610739479193989965e-03,-3.190928072400525672e-04
4.482468123897538135e+02,1.501666209849520612e+02,1.058006920508938464e-01,-2.065663005470265087e-02,2.658389048258982257e+00,9.130561716175975562e-01,1.615472650026053558e-03,-3.200300750662229965e-04
4.509052014380127957e+02,1.510796771565696588e+02,1.074161647009199000e-01,-2.097666012976887387e-02,2.664395982889971037e+00,9.157299943171324230e-01,1.620253558017953344e-03,-3.209758213558421003e-04
4.535695974209027668e+02,1.519954071508867912e+02,1.090364182589378533e-01,-2.129763595112471597e-02,2.670495040401249298e+00,9.184266312510089847e-01,1.625049728877669963e-03,-3.219270137323933245e-04
4.562400924613040161e+02,1.529138337821378002e+02,1.106614679878155233e-01,-2.161956296485710929e-02,2.676559593590411623e+00,9.211159124043035717e-01,1.629882222107276180e-03,-3.228851845140622012e-04
4.589166520548944277e+02,1.538349496945421038e+02,1.122913502099227995e-01,-2.194244814937117150e-02,2.682657287936820012e+00,9.238276259542601565e-01,1.634750648648389260e-03,-3.238503448753510261e-04
4.615993093428312477e+02,1.547587773204963639e+02,1.139261008585711887e-01,-2.226629849424652252e-02,2.688822217741062559e+00,9.265917529728540103e-01,1.639654619121147516e-03,-3.248209819013865574e-04
4.642881315605723103e+02,1.556853690734692179e+02,1.155657554776923363e-01,-2.259111947614790908e-02,2.694952345816318484e+00,9.293333797527623119e-01,1.644593743831718191e-03,-3.257986295877556004e-04
4.669830839063886287e+02,1.566147024532219802e+02,1.172103492215240544e-01,-2.291691810573566468e-02,2.701149746546207098e+00,9.321118453711676466e-01,1.649567632783469073e-03,-3.267848244797900981e-04
4.696842336529348358e+02,1.575468142985931479e+02,1.188599168543075235e-01,-2.324370293021545478e-02,2.707346267533580431e+00,9.349128755004585400e-01,1.654575895685600484e-03,-3.277750030680065541e-04
4.723915799204684163e+02,1.584817271740936064e+02,1.205144927499931240e-01,-2.357147793328346133e-02,2.713571518728542742e+00,9.377204997116166396e-01,1.659607592009837429e-03,-3.287752775264739247e-04
4.751051514391969590e+02,1.594194476738052231e+02,1.221741003420029614e-01,-2.390025321080993526e-02,2.719838916599201184e+00,9.405654138409715870e-01,1.664693998319061174e-03,-3.297795568378836251e-04
4.778249903557961602e+02,1.603600130876461947e+02,1.238387943403220226e-01,-2.423003276764781888e-02,2.726135108113794558e+00,9.434167391210621645e-01,1.669803038573225429e-03,-3.307939573375801023e-04
4.805511254639099548e+02,1.613034298267672568e+02,1.255085973788952480e-01,-2.456082672498539898e-02,2.732434669867643606e+00,9.463051630775112244e-01,1.674955386127885415e-03,-3.318123841440610844e-04
4.832835601337775984e+02,1.622497349898447681e+02,1.271835527650231334e-01,-2.489263910912946007e-02,2.738771907231750902e+00,9.491846829376697769e-01,1.680150578901057346e-03,-3.328424859670824076e-04
4.860223320410093493e+02,1.631989196727824378e+02,1.288637033439241908e-01,-2.522548159509654248e-02,2.745137828488623200e+00,9.521011178976550582e-01,1.685367230398665539e-03,-3.338766373840937329e-04
4.887674698694979725e+02,1.641510207906800929e+02,1.305490705743228563e-01,-2.555935823248063621e-02,2.751506909650288435e+00,9.550535872205045962e-01,1.690625907566967179e-03,-3.349194339477591653e-04
4.915189767791482609e+02,1.651060743779005975e+02,1.322396964818898235e-01,-2.589427766642839537e-02,3.089069037443323396e+00,1.083183201531539908e+00,2.691868650269935159e-03,-5.347654420479186488e-04
4.946080458165915843e+02,1.661892575794321374e+02,1.349315651321597587e-01,-2.642904310847631402e-02,3.115698384241738950e+00,1.102701439963482244e+00,2.723659605256695260e-03,-5.410310572673202034e-04
4.977237442008333232e+02,1.672919590193956196e+02,1.376552247374164539e-01,-2.697007416574363423e-02,8.507619953117000478e-01,3.016722196061039085e-01,7.444200449341631387e-04,-1.478666940541439878e-04
