Sigma_1,Sigma_2,Epsilon_1,Epsilon_2,dSigma_1,dSigma_2,dEpsilon_1,dEpsilon_2
-0.000000000000000000e+00,-0.000000000000000000e+00,0.000000000000000000e+00,0.000000000000000000e+00,9.899991356730798442e-01,4.950013526237547756e-01,4.054279782939229957e-06,1.037150476563972032e-06
9.899991356730798442e-01,4.950013526237547756e-01,4.054279782939229957e-06,1.037150476563972032e-06,9.900209916836412161e-01,4.950087571204655479e-01,4.054373939347059153e-06,1.037156312896145737e-06
1.980020127356721060e+00,9.900101097442203235e-01,8.108653722286289110e-06,2.074306789460117769e-06,9.900253239299534602e-01,4.950125257618486208e-01,4.054389515467413815e-06,1.037169425366063864e-06
2.970045451286674520e+00,1.485022635506068944e+00,1.216304323775370292e-05,3.111476214826181634e-06,9.900352592030103871e-01,4.950176653379889657e-01,4.054429828919917466e-06,1.037179627245459028e-06
3.960080710489684908e+00,1.980040300844057910e+00,1.621747306667362039e-05,4.148655842071640662e-06,9.900451946225987676e-01,4.950227453389239862e-01,4.054470869440852688e-06,1.037190556728393321e-06
4.950125905112283675e+00,2.475063046182981896e+00,2.027194393611447308e-05,5.185846398800033983e-06,9.900553686246187368e-01,4.950277061575896198e-01,4.054514092263356706e-06,1.037201122469404103e-06
5.940181273736902412e+00,2.970090752340571516e+00,2.432645802837782979e-05,6.223047521269438086e-06,9.900657811862858537e-01,4.950327862130809997e-01,4.054554404015394282e-06,1.037211324469999941e-06
6.930247054923188266e+00,3.465123538553652516e+00,2.838101243239322407e-05,7.260258845739438027e-06,9.900757170325267253e-01,4.950378662977747979e-01,4.054593260199337146e-06,1.037221889921737961e-06
7.920322771955714991e+00,3.960161404851427314e+00,3.243560569259256121e-05,8.297480735661175988e-06,9.900851762146709589e-01,4.950427079899686333e-01,4.054637936308865985e-06,1.037232455783568675e-06
8.910407948170385950e+00,4.455204112841395947e+00,3.649024362890142720e-05,9.334713191444744663e-06,9.900960660587507789e-01,4.950477881343733344e-01,4.054676791367034299e-06,1.037243748577903348e-06
9.900504014229136729e+00,4.950251900975769281e+00,4.054492042026846150e-05,1.037195694002264801e-05,9.901060023995658099e-01,4.950531067215404590e-01,4.054721466303581748e-06,1.037253586738368135e-06
1.089061001662870254e+01,5.445305007697309740e+00,4.459964188657204325e-05,1.140921052676101615e-05,9.901159388271150164e-01,4.950579485022235104e-01,4.054760320235955185e-06,1.037264879907291270e-06
1.188072595545581756e+01,5.940362956199533251e+00,4.865440220680799843e-05,1.244647540666830742e-05,9.901258754307065146e-01,4.950627903021800336e-01,4.054802083814288934e-06,1.037274717557196783e-06
1.287085183088652407e+01,6.435425746501713284e+00,5.270920429062228736e-05,1.348375012422550420e-05,9.901358121815420077e-01,4.950681089777466681e-01,4.054843846817920993e-06,1.037285283027018109e-06
1.386098764306806608e+01,6.930493855479459953e+00,5.676404813744020836e-05,1.452103540725252231e-05,9.901467027254877706e-01,4.950734276823576252e-01,4.054879788923583419e-06,1.037295848462846309e-06
1.485113434579355385e+01,7.425567283161817578e+00,6.081892792636379178e-05,1.555833125571536862e-05,9.901556861230051965e-01,4.950777927258718236e-01,4.054927371124708872e-06,1.037306413864676300e-06
1.584129003191655904e+01,7.920645075887689401e+00,6.487385529748850065e-05,1.659563766958004492e-05,9.901675307956363525e-01,4.950831114865970051e-01,4.054969132404262966e-06,1.037316979232518247e-06
1.683145756271219540e+01,8.415728187374286406e+00,6.892882442989276361e-05,1.763295464881256316e-05,9.901765143032150718e-01,4.950884302763647327e-01,4.055005072856659380e-06,1.037327544344319075e-06
1.782163407701541047e+01,8.910816617650651139e+00,7.298382950274942299e-05,1.867028219315688224e-05,9.901864518958838346e-01,4.950932722486296456e-01,4.055052653262894912e-06,1.037338109644164605e-06
1.881182052891129430e+01,9.405909889899280785e+00,7.703888215601231791e-05,1.970762030280104684e-05,9.901963894225787044e-01,4.950981142484529585e-01,4.055088592391073899e-06,1.037348674910020397e-06
1.980201691833387301e+01,9.901008004147733743e+00,8.109397074840339181e-05,2.074496897771106724e-05,9.902063273212178274e-01,4.951039099860601311e-01,4.055136171822760756e-06,1.037360695390517605e-06
2.079222324565509084e+01,1.039611191413379387e+01,8.514910692022615256e-05,2.178232967310158485e-05,9.902162651308330510e-01,4.951077983325014031e-01,4.055172110070757313e-06,1.037369805116186727e-06
2.178243951078592389e+01,1.089121971246629528e+01,8.920427903029690987e-05,2.281969947821777157e-05,9.902281107294115259e-01,4.951135941120874406e-01,4.055213867727348203e-06,1.037380370502094193e-06
2.277266762151533541e+01,1.138633330657838272e+01,9.325949289802425808e-05,2.385707984871986577e-05,9.902361414299356568e-01,4.951184362068499212e-01,4.055255625253265626e-06,1.037389480165804549e-06
2.376290376294527107e+01,1.188145174278523264e+01,9.731474852327752370e-05,2.489446932888567031e-05,9.902460797964423023e-01,4.951232783810510796e-01,4.055297381982470636e-06,1.037402955749907316e-06
2.475314984274171337e+01,1.237657502116628372e+01,1.013700459052599943e-04,2.593187228463557763e-05,9.902579258598755985e-01,4.951290742497107544e-01,4.055339137914949679e-06,1.037413520586720592e-06
2.574340776860158897e+01,1.287170409541599447e+01,1.054253850431749440e-04,2.696928580522229822e-05,9.902678645362819054e-01,4.951339164089798572e-01,4.055380893716782360e-06,1.037421175354446716e-06
2.673367563313787088e+01,1.336683801182497433e+01,1.094807659368917264e-04,2.800670698057674494e-05,9.902758957946993235e-01,4.951387586721676115e-01,4.055422648499885127e-06,1.037434650605458859e-06
2.772395152893257020e+01,1.386197677049714194e+01,1.135361885853916115e-04,2.904414163118220380e-05,9.902877423229838882e-01,4.951436008836882507e-01,4.055464403152327980e-06,1.037442305311229605e-06
2.871423927125555409e+01,1.435712037138083019e+01,1.175916529885439395e-04,3.008158393649343340e-05,9.902976814410102691e-01,4.951484432048864903e-01,4.055506157008044866e-06,1.037455780266163075e-06
2.970453695269656436e+01,1.485226881458571668e+01,1.216471591455519844e-04,3.111903971675959648e-05,9.903076203489860063e-01,4.951532854686497842e-01,4.055536269953764739e-06,1.037463435132016272e-06
3.069484457304555036e+01,1.534742210005436647e+01,1.257026954155057491e-04,3.215650315189161275e-05,9.903175601071509959e-01,4.951590815538366996e-01,4.055589663042610902e-06,1.037476910012915675e-06
3.168516213315270136e+01,1.584258118160820317e+01,1.297582850785483600e-04,3.319398006190452842e-05,9.903294072706501083e-01,4.951648776263333218e-01,4.055631415174229494e-06,1.037487474833791179e-06
3.267549154042335147e+01,1.633774605923453649e+01,1.338139164937225895e-04,3.423146753673831960e-05,9.903355313779442781e-01,4.951687662644701504e-01,4.055661526537474981e-06,1.037495129162622099e-06
3.366582707180129574e+01,1.683291482549900664e+01,1.378695780202600645e-04,3.526896266590094170e-05,9.903473792161321398e-01,4.951736087326885638e-01,4.055714917760639597e-06,1.037508604376540975e-06
3.465617445101742788e+01,1.732808843423169520e+01,1.419252929380207041e-04,3.630647127027748268e-05,9.903592268444327829e-01,4.951784511290462376e-01,4.055756668168159895e-06,1.037516258643423294e-06
3.564653367786186067e+01,1.782326688536074144e+01,1.459810496061888640e-04,3.734398752892090597e-05,9.903672589471312904e-01,4.951852010771098378e-01,4.055786777948930995e-06,1.037529733561266885e-06
3.663690093680899196e+01,1.831845208643785128e+01,1.500368363841377950e-04,3.838151726248217286e-05,9.903791073001571021e-01,4.951881361058667608e-01,4.055840167306346304e-06,1.037537387988218102e-06
3.762728004410914906e+01,1.881364022254371804e+01,1.540926765514441413e-04,3.941905465047039096e-05,9.903871396587220488e-01,4.951948861159003457e-01,4.055870276254151981e-06,1.037550862832024238e-06
3.861766718376787111e+01,1.930883510865961838e+01,1.581485468276982932e-04,4.045660551330241520e-05,9.903989883446442377e-01,4.951978212505814270e-01,4.055923663923708452e-06,1.037561427414890260e-06
3.960806617211251535e+01,1.980403292991019981e+01,1.622044704916220017e-04,4.149416694071730546e-05,9.904108362905645890e-01,4.952045712073243067e-01,4.055953772038575810e-06,1.037569081526867193e-06
4.059847700840307994e+01,2.029923750111752412e+01,1.662604242636605775e-04,4.253173602224417265e-05,9.904150541623906179e-01,4.952094138825451353e-01,4.055995519092306422e-06,1.037582556259610369e-06
4.158889206256547055e+01,2.079444691500006925e+01,1.703164197827528839e-04,4.356931857850378302e-05,9.904307186945899844e-01,4.952142564657435742e-01,4.056048905118185294e-06,1.037590210531649424e-06
4.257932278126006054e+01,2.128966117146581283e+01,1.743724686878710692e-04,4.460690878903543244e-05,9.904387517082682280e-01,4.952190991989802171e-01,4.056079011206543267e-06,1.037603685190361920e-06
4.356976153296832877e+01,2.178488027066479304e+01,1.784285476990776125e-04,4.564451247422579436e-05,9.904467853299223634e-01,4.952258493369363634e-01,4.056120756758193084e-06,1.037614249381180436e-06
4.456020831829825113e+01,2.228010612000172941e+01,1.824846684558358056e-04,4.668212672360697480e-05,9.904586350144768403e-01,4.952287845628298157e-01,4.056174140918322648e-06,1.037621903560283036e-06
4.555066695331272797e+01,2.277533490456455922e+01,1.865408425967541282e-04,4.771974862716725783e-05,9.904704838207720741e-01,4.952336273830901803e-01,4.056204245646196629e-06,1.037635378329943296e-06
4.654113743713350004e+01,2.327056853194764940e+01,1.905970468424003248e-04,4.875738400549720113e-05,9.904785178762125497e-01,4.952403776096829802e-01,4.056245989029767362e-06,1.037645942418772269e-06
4.753161595500971259e+01,2.376580890955733238e+01,1.946532928314300922e-04,4.979502994791597340e-05,9.904903669462470361e-01,4.952452202830066597e-01,4.056276093019082823e-06,1.037650686092182891e-06
4.852210632195595963e+01,2.426105412984033904e+01,1.987095689244491750e-04,5.083268063400815629e-05,9.904984029860273154e-01,4.952481558158474684e-01,4.056352753218619902e-06,1.037667070944506547e-06
4.951260472494198694e+01,2.475630228565618651e+01,2.027659216776677949e-04,5.187034770495266284e-05,9.905102512135286474e-01,4.952549061310840273e-01,4.056359577403906855e-06,1.037677634931312095e-06
5.050311497615551559e+01,2.525155719178727054e+01,2.068222812550717018e-04,5.290802533988397493e-05,9.905182864028816425e-01,4.952597490283068282e-01,4.056412957926971811e-06,1.037688199106152182e-06
5.149363326255839723e+01,2.574681694081557737e+01,2.108786942129986736e-04,5.394571353899012712e-05,9.905301372678962935e-01,4.952645919531057928e-01,4.056466337511713998e-06,1.037698763246988978e-06
5.248416339982629353e+01,2.624208153276868316e+01,2.149351605505103876e-04,5.498341230223711609e-05,9.905381715607290971e-01,4.952713422053349746e-01,4.056496438769165245e-06,1.037703507002616006e-06
5.347470157138702263e+01,2.673735287497401814e+01,2.189916569892795528e-04,5.602111580923973210e-05,9.905500214910460954e-01,4.952742778844942961e-01,4.056526539371541539e-06,1.037719891210645744e-06
5.446525159287806872e+01,2.723262715285851243e+01,2.230481835286510944e-04,5.705883570045037784e-05,9.905618728477918467e-01,4.952791208919933297e-01,4.056579917406958821e-06,1.037730455471503721e-06
5.545581346572586057e+01,2.772790627375050576e+01,2.271047634460580532e-04,5.809656615592188156e-05,9.905699075167291312e-01,4.952858713884857877e-01,4.056610016954352192e-06,1.037741019254282749e-06
5.644638337324258970e+01,2.822319214513899155e+01,2.311613734630124054e-04,5.913430717517616431e-05,9.905779436117541081e-01,4.952888069916774327e-01,4.056663393745945636e-06,1.037751583225096316e-06
5.743696131685434381e+01,2.871848095213066898e+01,2.352180368567583510e-04,6.017205875840126063e-05,9.905897954752873602e-01,4.952955575472763883e-01,4.056716769599162100e-06,1.037762147161899815e-06
5.842755111232963117e+01,2.921377650967794537e+01,2.392747536263575131e-04,6.120982090556316044e-05,9.906016447782306500e-01,4.953004004960988027e-01,4.056723590203302173e-06,1.037766890527708728e-06
5.941815275710786182e+01,2.970907691017404417e+01,2.433314772165608153e-04,6.224758779609086917e-05,9.906096827243047187e-01,4.953052438154301740e-01,4.056800242617508712e-06,1.037783274717489989e-06
6.040876243983216654e+01,3.020438215398947435e+01,2.473882774591783240e-04,6.328537107080835916e-05,9.906215336967534313e-01,4.953100869923119376e-01,4.056830339432956553e-06,1.037793838552290393e-06
6.139938397352891997e+01,3.069969224098178628e+01,2.514451077986112806e-04,6.432316490936064955e-05,9.906295691330555542e-01,4.953149301967663121e-01,4.056860435815536677e-06,1.037804402353060401e-06
6.239001354266197552e+01,3.119500717117855260e+01,2.555019682344268172e-04,6.536096931171370996e-05,9.906414218210883860e-01,4.953216809040625890e-01,4.056913808875523084e-06,1.037814966119827119e-06
6.338065496448306391e+01,3.169032885208261519e+01,2.595588820433023403e-04,6.639878427783353707e-05,9.906494575131645774e-01,4.953246166903539915e-01,4.056943904203011864e-06,1.037825529852590546e-06
6.437130442199622848e+01,3.218565346877296918e+01,2.636158259475053522e-04,6.743660980768612762e-05,9.906613105339943104e-01,4.953294597873068028e-01,4.056997275797265354e-06,1.037830273050612396e-06
6.536196573253022279e+01,3.268098292856027598e+01,2.676728232233026175e-04,6.847444008073674002e-05,9.906693464818516759e-01,4.953381182518015180e-01,4.057027370291761605e-06,1.037846657000107350e-06
6.635263507901207447e+01,3.317632104681207750e+01,2.717298505935943792e-04,6.951228673773684737e-05,9.906850155847877204e-01,4.953391466356293904e-01,4.057080740864100338e-06,1.037857220630847353e-06
6.734332009459686219e+01,3.367166019344770689e+01,2.757869313344584795e-04,7.055014395836769472e-05,9.906854202897648065e-01,4.953439900055016665e-01,4.057110834081623270e-06,1.037867784227584065e-06
6.833400551488662700e+01,3.416700418345320855e+01,2.798440421685401028e-04,7.158801174259527879e-05,9.907010897255048576e-01,4.953526483772705546e-01,4.057164203410165270e-06,1.037878347568272882e-06
6.932470660461213185e+01,3.466235683183047911e+01,2.839012063719502680e-04,7.262589009016355167e-05,9.907167577763402733e-01,4.953536768319324324e-01,4.057194295572705278e-06,1.037888911319020512e-06
7.031542336238847213e+01,3.515771050866241154e+01,2.879584006675229733e-04,7.366377900148257218e-05,9.907171644238133013e-01,4.953623350592621932e-01,4.057247663657396336e-06,1.037893654349221419e-06
7.130614052681228543e+01,3.565307284372167373e+01,2.920156483311803696e-04,7.470167265583179360e-05,9.907328327613384999e-01,4.953633637657617328e-01,4.057277754764953420e-06,1.037910038058443619e-06
7.229687335957362393e+01,3.614843620748743547e+01,2.960729260859453231e-04,7.573958269389023722e-05,9.907408695967490075e-01,4.953720222636448511e-01,4.057307845439480157e-06,1.037920601263078615e-06
7.328761422917037294e+01,3.664380822975108032e+01,3.001302339313848032e-04,7.677750329515331583e-05,9.907489099782935682e-01,4.953768658068895547e-01,4.057384487824626865e-06,1.037931164877799531e-06
7.427836313914866651e+01,3.713918509555796987e+01,3.041876184192094301e-04,7.781543446003111536e-05,9.907645770793891415e-01,4.953817093776748948e-01,4.057391301277911509e-06,1.037941728014427946e-06
7.526912771622805565e+01,3.763456680493564477e+01,3.082450097204873416e-04,7.885337618804554331e-05,9.907726160653140823e-01,4.953827379740403103e-01,4.057444666347382115e-06,1.037952291561115175e-06
7.625990033229336973e+01,3.812994954290968508e+01,3.123024543868347237e-04,7.989132847960665848e-05,9.907806552096900532e-01,4.953913965980447642e-01,4.057498030700466135e-06,1.037962854629737009e-06
7.725068098750305978e+01,3.862534093950772984e+01,3.163599524175351898e-04,8.092929133423639549e-05,9.907886926919928783e-01,4.953962400238935970e-01,4.057528118643074447e-06,1.037967597464158108e-06
7.824146968019505266e+01,3.912073717953162344e+01,3.204174805361782643e-04,8.196725893170055360e-05,9.908043621337014883e-01,4.954010839297851021e-01,4.057558206152706622e-06,1.037983981115023126e-06
7.923227404232875415e+01,3.961613826346140854e+01,3.244750387423309709e-04,8.300524291281557673e-05,9.908124017232182723e-01,4.954059276384512600e-01,4.057611568734475344e-06,1.037994544081607983e-06
8.022308644405197242e+01,4.011154419109985980e+01,3.285326503110654463e-04,8.404323745689718471e-05,9.908204414711718755e-01,4.954107713746864761e-01,4.057664930599749059e-06,1.038005107236220602e-06
8.121390688552314430e+01,4.060695496247454628e+01,3.325903152416651953e-04,8.508124256413340531e-05,9.908361114278676496e-01,4.954194301642971254e-01,4.057695016432499944e-06,1.038015670356802825e-06
8.220474299695101195e+01,4.110237439263884340e+01,3.366480102580976953e-04,8.611925823449020814e-05,9.908441495728368409e-01,4.954204589338644382e-01,4.057725101832166271e-06,1.038026233443368205e-06
8.319558714652384879e+01,4.159779485157270784e+01,3.407057353599298615e-04,8.715728446793357634e-05,9.908521897659170463e-01,4.954253027528281450e-01,4.057778461926178897e-06,1.038036796495930294e-06
8.418643933628976583e+01,4.209322015432553599e+01,3.447635138218560404e-04,8.819532126442950664e-05,9.908602301174340710e-01,4.954301465993751208e-01,4.057831821303750728e-06,1.038047359292458040e-06
8.517729956640719990e+01,4.258865030092491111e+01,3.488213456431597912e-04,8.923336862372196468e-05,9.908759007093550508e-01,4.954388052643707852e-01,4.057861905026481555e-06,1.038052102125144416e-06
8.616817546711655496e+01,4.308408910618928189e+01,3.528792075481862727e-04,9.027142072584710909e-05,9.908763072479445100e-01,4.954398343762562718e-01,4.057891988316236244e-06,1.038068485233555982e-06
8.715905177436449947e+01,4.357952894056553816e+01,3.569370995365025090e-04,9.130948921108066507e-05,9.908919801313800235e-01,4.954484933550702408e-01,4.057945345922492775e-06,1.038079048150064251e-06
8.814994375449587949e+01,4.407497743392060841e+01,3.609950448824250017e-04,9.234756825923072932e-05,9.909076511921171004e-01,4.954495222663126697e-01,4.057975428157210331e-06,1.038089610810538177e-06
8.914085140568799659e+01,4.457042695618692107e+01,3.650530203105822121e-04,9.338565787004126750e-05,9.909156923214510471e-01,4.954581813082228336e-01,4.058028784519561710e-06,1.038100173881043812e-06
9.013176709800944764e+01,4.506588513749514391e+01,3.691110490951017738e-04,9.442375804392231131e-05,9.909161013676310859e-01,4.954592102666808273e-01,4.058082140165580713e-06,1.038110736473484052e-06
9.112268319937707872e+01,4.556134434776182474e+01,3.731691312352673545e-04,9.546186878039579536e-05,9.909394051539379689e-01,4.954678693716516591e-01,4.058112220723416978e-06,1.038121299253938500e-06
9.211362260453101669e+01,4.605681221713347639e+01,3.772272434559907715e-04,9.649999007964973387e-05,9.909398123047736817e-01,4.954727134467162841e-01,4.058142300848168686e-06,1.038131862000362554e-06
9.310456241683579037e+01,4.655228493058019268e+01,3.812853857568389401e-04,9.753812194165009642e-05,9.909554863101561750e-01,4.954775575493499673e-01,4.058195654722818180e-06,1.038142424490779369e-06
9.409551790314594655e+01,4.704776248812954265e+01,3.853435814115617583e-04,9.857626436614087579e-05,9.909635259892013437e-01,4.954824014028957890e-01,4.058225733792586963e-06,1.038147167071700448e-06
9.508648142913514789e+01,4.754324488953243844e+01,3.894018071453543453e-04,9.961441153321257624e-05,9.909715657576043668e-01,4.954872461140524820e-01,4.058255812651370004e-06,1.038169370133057152e-06
9.607745299489275226e+01,4.803873213564649092e+01,3.934600629580057153e-04,1.006525809033456334e-04,9.909872403008677111e-01,4.954920897402885771e-01,4.058309164532605384e-06,1.038168292116529111e-06
9.706844023519361997e+01,4.853422422538677949e+01,3.975183721225383207e-04,1.016907491954621625e-04,9.909876524601202163e-01,4.954969345181510221e-01,4.058385789502646276e-06,1.038190495307719026e-06
9.805942788765374019e+01,4.902972115990493052e+01,4.015767579120409670e-04,1.027289396907698815e-04,9.910109530045616566e-01,4.955017781880002303e-01,4.058369319296262646e-06,1.038189417247294350e-06
9.905043884065830184e+01,4.952522293809293075e+01,4.056351272313372296e-04,1.037671291080171759e-04,9.910113654345735767e-01,4.955066230325400056e-01,4.058445943022344175e-06,1.038211620124282475e-06
1.000414502060928754e+02,5.002072956112547075e+01,4.096935731743595738e-04,1.048053407281414583e-04,9.910270384008299516e-01,4.955114667460165379e-01,4.058476018927218397e-06,1.038210542020001821e-06
1.010324772444937054e+02,5.051624102787148729e+01,4.137520491932867922e-04,1.058435512701614602e-04,9.910274511317851420e-01,4.955163116572478543e-01,4.058552641253540712e-06,1.038232745026782498e-06
1.020235046956254905e+02,5.101175733952873514e+01,4.178106018345403329e-04,1.068817840151882427e-04,9.910507522509135470e-01,4.955249705233057966e-01,4.058536169248953569e-06,1.038231666878645866e-06
1.030145554478764041e+02,5.150728231005204094e+01,4.218691380037892865e-04,1.079200156820668885e-04,9.910511652526281523e-01,4.955260003962251858e-01,4.058612790331479151e-06,1.038253869571211202e-06
1.040056066131290322e+02,5.200280831044826613e+01,4.259277507941207656e-04,1.089582695516380997e-04,9.910668388540244678e-01,4.955308441969563660e-01,4.058642864348269499e-06,1.038252791601222539e-06
1.049966734519830567e+02,5.249833915464522249e+01,4.299863936584690351e-04,1.099965223432393223e-04,9.910748848626695917e-01,4.955395043623980200e-01,4.058719483365173103e-06,1.038274994201576480e-06
1.059877483368457263e+02,5.299387865900762051e+01,4.340451131418342082e-04,1.110347973374408988e-04,9.910829211444251996e-01,4.955405330898727811e-01,4.058703010450127185e-06,1.038273915965700787e-06
1.069788312579901515e+02,5.348941919209749329e+01,4.381038161522843354e-04,1.120730712534065995e-04,9.910909674238297384e-01,4.955491933299285279e-01,4.058779628445007611e-06,1.038296118695874386e-06
1.079699222254139812e+02,5.398496838542742182e+01,4.421625957807293430e-04,1.131113673721024739e-04,9.911066416602807294e-01,4.955502220931080615e-01,4.058809700130058557e-06,1.038295040416129162e-06
1.089610288670742619e+02,5.448051860752052988e+01,4.462214054808594016e-04,1.141496624125186031e-04,9.911146832490516090e-01,4.955588824077707955e-01,4.058839771381916525e-06,1.038317242832060313e-06
1.099521435503233135e+02,5.497607748992830068e+01,4.502802452522413181e-04,1.151879796553506634e-04,9.911303629494767620e-01,4.955637263472922882e-01,4.058916387355139370e-06,1.038316164508472665e-06
1.109432739132727903e+02,5.547164121627559297e+01,4.543391616395964575e-04,1.162262958198591361e-04,9.911307719790301007e-01,4.955685709485067036e-01,4.058946457363200606e-06,1.038326726842669499e-06
1.119344046852518204e+02,5.596720978722409967e+01,4.583981080969596581e-04,1.172646225467018056e-04,9.911464468505641889e-01,4.955734162344427318e-01,4.058976526938177284e-06,1.038348928898266059e-06
1.129255511321023846e+02,5.646278320345854240e+01,4.624570846238978353e-04,1.183029714756000716e-04,9.911544889505421452e-01,4.955744450868948547e-01,4.059006596302114009e-06,1.038347850730884838e-06
1.139167056210529267e+02,5.695835764854543726e+01,4.665160912201999494e-04,1.193413193263309565e-04,9.911701641244690109e-01,4.955831055880892677e-01,4.059036664789148017e-06,1.038370052916273950e-06
1.149078757851773958e+02,5.745394075413352653e+01,4.705751278849890974e-04,1.203796893792472304e-04,9.911705788410785090e-01,4.955879503111617623e-01,4.059113277274709313e-06,1.038380614868221756e-06
1.158990463640184743e+02,5.794952870444468829e+01,4.746342411622638067e-04,1.214180699941154522e-04,9.911862543476672727e-01,4.955927943815439107e-01,4.059143344961764748e-06,1.038379536412998411e-06
1.168902326183661415e+02,5.844512149882623220e+01,4.786933845072255714e-04,1.224564495305284506e-04,9.911942969587812513e-01,4.956014550025997778e-01,4.059173411771809046e-06,1.038401738682115036e-06
1.178814269153249228e+02,5.894072295382883198e+01,4.827525579189973805e-04,1.234948512692105656e-04,9.912099782978600615e-01,4.956024839522257253e-01,4.059250022013722366e-06,1.038400660183035713e-06
1.188726368936227828e+02,5.943632543778105770e+01,4.868118079410111028e-04,1.245332519293936013e-04,9.912180212415933056e-01,4.956073294716105693e-01,4.059280087801797696e-06,1.038422862137882785e-06
1.198638549148643762e+02,5.993193276725266827e+01,4.908710880288129005e-04,1.255716747915314841e-04,9.912260642745565065e-01,4.956121736292757873e-01,4.059310153157005309e-06,1.038421783594920380e-06
1.208550809791389327e+02,6.042754494088194406e+01,4.949303981819699058e-04,1.266100965751264045e-04,9.912341073968207183e-01,4.956208343995527343e-01,4.059340218079019943e-06,1.038443985679600662e-06
1.218463150865357534e+02,6.092316577528149679e+01,4.989897384000489258e-04,1.276485405608060052e-04,9.912421506083859413e-01,4.956218634205953322e-01,4.059370282790048835e-06,1.038442907092782279e-06
1.228375572371441393e+02,6.141878763870209212e+01,5.030491086828389746e-04,1.286869834678987874e-04,9.912578329329875260e-01,4.956267090733774694e-01,4.059446889322364423e-06,1.038465108863206561e-06
1.238288150700771268e+02,6.191441434777546959e+01,5.071085555721613390e-04,1.297254485767619940e-04,9.912658764771151709e-01,4.956353685143852772e-01,4.059476952567443557e-06,1.038464030454522595e-06
1.248200809465542420e+02,6.241004971628985487e+01,5.111680325247287826e-04,1.307639126072165166e-04,9.912815534359253888e-01,4.956402142417744017e-01,4.059507015601536949e-06,1.038486232132735483e-06
1.258113624999901674e+02,6.290568993053162927e+01,5.152275395403303196e-04,1.318023988393492521e-04,9.912819697626531479e-01,4.956412433342478607e-01,4.059583619668268376e-06,1.038485153458150933e-06
1.268026444697528206e+02,6.340133117386587713e+01,5.192871231599985879e-04,1.328408839928074030e-04,9.912976411093836759e-01,4.956499043283884021e-01,4.059567139737892301e-06,1.038507355266169926e-06
1.277939421108622042e+02,6.389698107819426554e+01,5.233466902997364802e-04,1.338793913480735729e-04,9.913056910631752316e-01,4.956547486684925730e-01,4.059643742782437920e-06,1.038506276547729399e-06
1.287852478019253795e+02,6.439263582686275811e+01,5.274063340425189182e-04,1.349178976246213023e-04,9.913137352076546449e-01,4.956557793133811174e-01,4.059673803706673884e-06,1.038528478041465287e-06
1.297765615371330341e+02,6.488829160617613923e+01,5.314660078462255920e-04,1.359564261026627676e-04,9.913370524847380238e-01,4.956644389090456571e-01,4.059750405129469893e-06,1.038527399279168782e-06
1.307678985896177721e+02,6.538395604508518488e+01,5.355257582513550619e-04,1.369949535019419364e-04,9.913298238722916267e-01,4.956731000603866732e-01,4.059733923401052935e-06,1.038549600902683671e-06
1.317592284134900638e+02,6.587962914514557156e+01,5.395854921747561149e-04,1.380335031028446201e-04,9.913531415438967542e-01,4.956741292678827904e-01,4.059810524023924581e-06,1.038548522096531188e-06
1.327505815550339605e+02,6.637530327441345435e+01,5.436453026987800394e-04,1.390720516249411513e-04,9.913611862613436188e-01,4.956751600303306304e-01,4.059840582394213908e-06,1.038570723405817181e-06
1.337419427412953041e+02,6.687097843444378498e+01,5.477051432811742534e-04,1.401106223483469684e-04,9.913692373351636888e-01,4.956838205131361974e-01,4.059917181173182919e-06,1.038581284711282337e-06
1.347333119786304678e+02,6.736666225495692117e+01,5.517650604623474363e-04,1.411492036330582508e-04,9.913772760100414416e-01,4.956924802456654788e-01,4.059900698312642053e-06,1.038580206061336282e-06
1.357246892546405093e+02,6.786235473520258665e+01,5.558249611606600783e-04,1.421877838391195871e-04,9.913853273544646072e-01,4.956935111041786968e-01,4.059977295625769728e-06,1.038602407010260579e-06
1.367160745819949739e+02,6.835804824630676535e+01,5.598849384562858481e-04,1.432263862461298476e-04,9.913933725209744807e-01,4.956945403930603788e-01,4.060007352108137811e-06,1.038601328538421836e-06
1.377074679545159483e+02,6.885374278669982573e+01,5.639449458083939859e-04,1.442649875746682695e-04,9.914166916842646060e-01,4.957032017976388261e-01,4.060083948021452060e-06,1.038623529395107633e-06
1.386988846462002130e+02,6.934944598849746455e+01,5.680050297564154379e-04,1.453036111040633771e-04,9.914094632297576482e-01,4.957118616332394367e-01,4.060067463806634261e-06,1.038622450657422517e-06
1.396902941094299706e+02,6.984515785013070399e+01,5.720650972202220722e-04,1.463422335547207996e-04,9.914327827874842569e-01,4.957128926093190557e-01,4.060144058253998753e-06,1.038644651421842709e-06
1.406817268922174549e+02,7.034087074274002305e+01,5.761252412784760709e-04,1.473808782061426423e-04,9.914408285269757926e-01,4.957215533209193836e-01,4.060174112626400988e-06,1.038655212711180357e-06
1.416731677207444307e+02,7.083659229606094243e+01,5.801854153911024719e-04,1.484195334188538227e-04,9.914488809912995748e-01,4.957225827069748902e-01,4.060250705673952056e-06,1.038654133685612459e-06
1.426646166017357302e+02,7.133231487876791732e+01,5.842456660967764240e-04,1.494581875525394352e-04,9.914569203197061142e-01,4.957312443060430951e-01,4.060234220105074163e-06,1.038676334533733059e-06
1.436560735220554363e+02,7.182804612307396042e+01,5.883059003168814981e-04,1.504968638870731682e-04,9.914649730545193052e-01,4.957322737278389013e-01,4.060310811686675472e-06,1.038675255686326683e-06
1.446475384951099556e+02,7.232377839680179932e+01,5.923662111285681736e-04,1.515355391427594949e-04,9.914730192431022715e-01,4.957409354015425151e-01,4.060340864171048045e-06,1.038697456442208783e-06
1.456390115143530579e+02,7.281951933220334183e+01,5.964265519927392217e-04,1.525742365992017037e-04,9.914963334725541699e-01,4.957495954255222159e-01,4.060370915778517900e-06,1.038696377328928930e-06
1.466305078478256121e+02,7.331526892762886405e+01,6.004869229085177396e-04,1.536129329765306326e-04,9.915043868292627849e-01,4.957429960408603620e-01,4.060447505338190578e-06,1.038718577992545425e-06
1.476220122346548749e+02,7.381101192366972441e+01,6.045473704138559301e-04,1.546516515545231780e-04,9.914971654257556111e-01,4.957592875476990457e-01,4.060477555923799886e-06,1.038729138821639251e-06
1.486135094000806305e+02,7.430677121121742346e+01,6.086078479697797300e-04,1.556903806933448173e-04,9.915204802009327523e-01,4.957603170666828873e-01,4.060507606297989770e-06,1.038728059864538721e-06
1.496050298802815632e+02,7.480253152828410634e+01,6.126683555760777198e-04,1.567291087532093560e-04,9.915285270514857530e-01,4.957613483366998253e-01,4.060537655795602198e-06,1.038750260389811018e-06
1.505965584073330490e+02,7.529829287662080617e+01,6.167288932318733220e-04,1.577678590135991670e-04,9.915365810414300540e-01,4.957700084816849539e-01,4.060614242489620114e-06,1.038749181388827405e-06
1.515880949883744790e+02,7.579406288510249112e+01,6.207895074743629421e-04,1.588066081949879944e-04,9.915598893899471022e-01,4.957786704245137344e-01,4.060597753968459706e-06,1.038771381599870808e-06
1.525796548777644261e+02,7.628984155552700486e+01,6.248501052283314018e-04,1.598453795765878652e-04,9.915526753888741496e-01,4.957797009085425088e-01,4.060674339418464049e-06,1.038781942258799103e-06
1.535712075531533003e+02,7.678562125643554737e+01,6.289107795677498659e-04,1.608841615188466643e-04,9.915759983240945985e-01,4.957807305088834937e-01,4.060750923646572544e-06,1.038780863191977313e-06
1.545627835514773949e+02,7.728140198694443086e+01,6.329715304913964384e-04,1.619229423820386417e-04,9.915840386945546925e-01,4.957970231935888705e-01,4.060734433793578187e-06,1.038803063264676519e-06
1.555543675901719496e+02,7.777719901013801973e+01,6.370322649251900166e-04,1.629617454453033182e-04,9.915768250054952659e-01,4.957904231106766701e-01,4.060811017221653899e-06,1.038813624043490470e-06
1.565459444151774449e+02,7.827298943324869640e+01,6.410930759424116705e-04,1.640005590693468086e-04,9.916001412980790519e-01,4.957990834103327416e-01,4.060841062932256558e-06,1.038812544688867212e-06
1.575375445564755239e+02,7.876878851665902914e+01,6.451539170053439270e-04,1.650393716140356759e-04,9.916234578657849852e-01,4.958077455770961706e-01,4.060871108653701239e-06,1.038834744845158406e-06
1.585291680143413089e+02,7.926459626223612531e+01,6.492147881139976283e-04,1.660782063588808343e-04,9.916162446125724728e-01,4.958087752746678234e-01,4.060947689394148186e-06,1.038833665668669566e-06
1.595207842589538814e+02,7.976040503751079314e+01,6.532757358033917765e-04,1.671170400245495038e-04,9.916242852908681016e-01,4.958174375160524505e-01,4.060931198164867591e-06,1.038855865732695154e-06
1.605124085442447495e+02,8.025622247502684559e+01,6.573366670015566441e-04,1.681558958902821990e-04,9.916476098226780778e-01,4.958184681890713819e-01,4.061007777661300965e-06,1.038866425897389889e-06
1.615040561540674275e+02,8.075204094321591697e+01,6.613976747792179450e-04,1.691947623161795889e-04,9.916403968815075132e-01,4.958271286255921950e-01,4.061084356379602439e-06,1.038865346877053267e-06
1.624956965509489351e+02,8.124786807184150916e+01,6.654587591355975475e-04,1.702336276630566421e-04,9.916637067863689481e-01,4.958281602856402515e-01,4.061067864040532500e-06,1.038887546580717159e-06
1.634873602577353040e+02,8.174369623212714941e+01,6.695198269996380800e-04,1.712725152096373593e-04,9.916717630588038901e-01,4.958368217307764780e-01,4.061144441292992638e-06,1.038898106643307154e-06
1.644790320207941079e+02,8.223953305385792589e+01,6.735809714409310726e-04,1.723114133162806664e-04,9.916798118636904746e-01,4.958454822525766303e-01,4.061174483005599786e-06,1.038897027557132355e-06
1.654707118326577984e+02,8.273537853611050252e+01,6.776421459239366724e-04,1.733503103438377988e-04,9.917031299487462093e-01,4.958465140087326972e-01,4.061204524507221192e-06,1.038919227344442444e-06
1.664624149626065446e+02,8.323122505011923522e+01,6.817033504484438936e-04,1.743892295711822412e-04,9.916959098029565212e-01,4.958475448235191152e-01,4.061234565353876065e-06,1.038929787304900595e-06
1.674541108724095011e+02,8.372707259494275434e+01,6.857645850137977696e-04,1.754281593584871418e-04,9.917039667084281973e-01,4.958562054147392928e-01,4.061311139740573020e-06,1.038928707930924329e-06
1.684458148391179293e+02,8.422292880035749363e+01,6.898258961535383427e-04,1.764670880664180662e-04,9.917272853390386445e-01,4.958648679999413389e-01,4.061341179343214321e-06,1.038950907579808906e-06
1.694375421244569679e+02,8.471879366835743497e+01,6.938872373328815570e-04,1.775060389739978751e-04,9.917353348058952633e-01,4.958658988935411571e-01,4.061371218734869878e-06,1.038961467438189422e-06
1.704292774592628632e+02,8.521465956725097612e+01,6.979486085516164269e-04,1.785450004414360645e-04,9.917433923330634116e-01,4.958669288053982882e-01,4.061447790877593597e-06,1.038960388220392479e-06
1.714210208515959266e+02,8.571052649605637441e+01,7.020100563424940205e-04,1.795839608296564570e-04,9.917514340530999561e-01,4.958755914946380017e-01,4.061431295586457983e-06,1.038982587508915359e-06
1.724127722856490266e+02,8.620640208755101241e+01,7.060714876380804784e-04,1.806229434171653723e-04,9.917594918507290913e-01,4.958842532317078167e-01,4.061507866485168129e-06,1.038993147487154425e-06
1.734045317774997557e+02,8.670228634078272023e+01,7.101329955045656466e-04,1.816619365646525268e-04,9.917675417663645021e-01,4.958852832050553161e-01,4.061537903766749419e-06,1.038992067981528910e-06
1.743962993192661202e+02,8.719817162398777555e+01,7.141945334083323960e-04,1.827009286326340557e-04,9.917908696753272579e-01,4.958939460141920108e-01,4.061614473043601535e-06,1.039014267353670883e-06
1.753880901889414474e+02,8.769406557000196756e+01,7.182561478813759975e-04,1.837399428999877266e-04,9.917836501745682654e-01,4.958949770495593157e-01,4.061644508859449908e-06,1.039024827007787709e-06
1.763798738391160157e+02,8.818996054705152687e+01,7.223177923902354474e-04,1.847789677269955143e-04,9.918069620749747628e-01,4.959036378808008294e-01,4.061628011970308712e-06,1.039023747658341518e-06
1.773716808011909905e+02,8.868586418493232770e+01,7.263794204022057562e-04,1.858179914746538558e-04,9.918150290583298556e-01,4.959046699896845212e-01,4.061751111685951016e-06,1.039045946670067583e-06
1.783634958302493203e+02,8.918176885492201222e+01,7.304411715138917072e-04,1.868570374213239234e-04,9.918230713883247063e-01,4.959133319160429210e-01,4.061734613930965965e-06,1.039056506222106775e-06
1.793553189016376450e+02,8.967768218683805515e+01,7.345029061278226731e-04,1.878960939275460301e-04,9.918311304405733608e-01,4.959143630459692531e-01,4.061811179719722852e-06,1.039067066184109914e-06
1.803471500320782184e+02,9.017359654988402440e+01,7.385647173075423960e-04,1.889351609937301401e-04,9.918391812884976844e-01,4.959230239803105178e-01,4.061841212992575029e-06,1.039065986524852951e-06
1.813389892133667161e+02,9.066951957386433492e+01,7.426265585205349710e-04,1.899742269802549930e-04,9.918472322255524887e-01,4.959240562068174540e-01,4.061871246054441463e-06,1.039088185352074912e-06
1.823308364455922685e+02,9.116544363007115237e+01,7.466884297665894125e-04,1.910133151656070679e-04,9.918705534963407899e-01,4.959327182593966654e-01,4.061901278461341365e-06,1.039098744989928706e-06
1.833227069990886093e+02,9.166137634833054904e+01,7.507503310450507538e-04,1.920524139105969966e-04,9.918633429989256456e-01,4.959337484113603978e-01,4.061977841384335070e-06,1.039097665264887777e-06
1.843145703420875350e+02,9.215731009674190943e+01,7.548123088864350889e-04,1.930915115758618844e-04,9.918866646640367435e-01,4.959424115937736133e-01,4.062007872547112979e-06,1.039119863953657120e-06
1.853064570067515717e+02,9.265325250833568305e+01,7.588743167589822019e-04,1.941306314398155415e-04,9.918947161737889928e-01,4.959510737489694066e-01,4.062037903499121985e-06,1.039130423711450779e-06
1.862983517229253607e+02,9.314920358208465245e+01,7.629363546624813239e-04,1.951697618635269923e-04,9.919027677726433012e-01,4.959521050521544794e-01,4.062067933796056039e-06,1.039140982991165491e-06
1.872902544906980040e+02,9.364515568713680693e+01,7.669984225962773799e-04,1.962089028465181578e-04,9.919108282146567035e-01,4.959531363710993901e-01,4.062144493852961301e-06,1.039151542458826650e-06
1.882821653189126607e+02,9.414110882350790632e+01,7.710605670901303412e-04,1.972480543889769844e-04,9.919341419002876137e-01,4.959617975117396327e-01,4.062127992902181926e-06,1.039150462624037355e-06
1.892740994608129483e+02,9.463707062101964596e+01,7.751226950830325231e-04,1.982872048516010218e-04,9.919269409043636188e-01,4.959704608887136601e-01,4.062251081751733217e-06,1.039172661304160186e-06
1.902660264017173120e+02,9.513304108190835962e+01,7.791849461647842564e-04,1.993263775129051820e-04,9.919502548922309870e-01,4.959714911736057275e-01,4.062234579935001567e-06,1.039171581203470309e-06
1.912579766566095429e+02,9.562901257308196534e+01,7.832471807447192579e-04,2.003655490941086523e-04,9.919430452885933391e-01,4.959801546252151638e-01,4.062311137125818386e-06,1.039193779791327535e-06
1.922499197018981363e+02,9.612499272770718051e+01,7.873094918818450763e-04,2.014047428738999798e-04,9.919663594866392486e-01,4.959811871945589701e-01,4.062294634821195759e-06,1.039215978308874249e-06
1.932418860613847755e+02,9.662097391490173948e+01,7.913717865166662721e-04,2.024439588522088541e-04,9.919744209558700732e-01,4.959898462233809369e-01,4.062371190989935189e-06,1.039191619924207310e-06
1.942338604823406456e+02,9.711696376112512041e+01,7.954341577076562073e-04,2.034831504721330614e-04,9.919824826523324646e-01,4.959908811002691209e-01,4.062447745936778772e-06,1.039237096789617700e-06
1.952258429649929781e+02,9.761295464222538953e+01,7.994966054535929860e-04,2.045223875689226791e-04,9.920057973816085450e-01,4.959995424409129328e-01,4.062431242522258380e-06,1.039236016554974645e-06
1.962178487623745866e+02,9.810895418466630247e+01,8.035590366961152444e-04,2.055616235854776537e-04,9.919985883600190846e-01,4.960005728329974772e-01,4.062507796225088390e-06,1.039234936766589203e-06
1.972098473507346057e+02,9.860495475749929994e+01,8.076215444923403328e-04,2.066008585222442429e-04,9.920219217285080049e-01,4.960092365085699839e-01,4.062584349149786500e-06,1.039257134855659220e-06
1.982018692724631137e+02,9.910096399400786993e+01,8.116841288414901193e-04,2.076401156570999022e-04,9.920146945163423879e-01,4.960102669363806172e-01,4.062567844625368345e-06,1.039256054801373196e-06
1.991938839669794561e+02,9.959697426094425055e+01,8.157466966861154876e-04,2.086793717119012753e-04,9.920380282791256832e-01,4.960189306865885328e-01,4.062644396084116698e-06,1.039278252798123397e-06
2.001859219952585818e+02,1.000929931916308391e+02,8.198093410821996043e-04,2.097186499646993987e-04,9.920460723894279909e-01,4.960199634911361954e-01,4.062627891071807565e-06,1.039300450946553482e-06
2.011779680676480098e+02,1.005890131551219753e+02,8.238719689732714119e-04,2.107579504156459522e-04,9.920541352482246111e-01,4.960286249865646369e-01,4.062704441508370110e-06,1.039299371024241967e-06
2.021700222028962344e+02,1.010850417801085399e+02,8.279346734147797820e-04,2.117972497866701942e-04,9.920621983341675332e-01,4.960372865041620116e-01,4.062780990723362066e-06,1.039298290660199383e-06
2.031620844012304019e+02,1.015810790666127019e+02,8.319974544055031441e-04,2.128365480773303936e-04,9.920855142121354220e-01,4.960383193932784707e-01,4.062764484600938329e-06,1.039320488694381664e-06
2.041541699154425373e+02,1.020771173860059804e+02,8.360602188901040824e-04,2.138758685660247752e-04,9.920783060840960843e-01,4.960393499282389485e-01,4.062841032571808293e-06,1.039319408286455996e-06
2.051462482215266334e+02,1.025731567359342193e+02,8.401230599226758907e-04,2.149151879743112312e-04,9.921016221722140926e-01,4.960480139025094104e-01,4.062824526183538183e-06,1.039341606450335962e-06
2.061383498436988475e+02,1.030692047498367288e+02,8.441858844488594289e-04,2.159545295807615672e-04,9.921096859227702680e-01,4.960566779335096044e-01,4.062901072688349970e-06,1.039363804099951733e-06
2.071304595296216178e+02,1.035652614277702384e+02,8.482487855215477789e-04,2.169938933848615189e-04,9.921024781063749742e-01,4.960577085415138754e-01,4.062977618859010646e-06,1.039362723823919260e-06
2.081225620077279928e+02,1.040613191363117522e+02,8.523117631404067895e-04,2.180332561086854382e-04,9.921258140436464146e-01,4.960663702138816689e-01,4.063054163363686265e-06,1.039361643550190716e-06
2.091146878217716392e+02,1.045573855065256339e+02,8.563748173037704758e-04,2.190726177522356289e-04,9.921491308601844139e-01,4.960674032793974675e-01,4.063037655243511605e-06,1.039383841085531578e-06
2.101068369526318236e+02,1.050534529098050314e+02,8.604378549590139874e-04,2.201120015933211605e-04,9.921419038530245871e-01,4.960760650033790853e-01,4.063021146813797224e-06,1.039382760989883241e-06
2.110989788564848482e+02,1.055495289748084105e+02,8.645008761058277846e-04,2.211513843543110437e-04,9.921499683714500861e-01,4.960770981276994007e-01,4.063097690274386151e-06,1.039404958432931392e-06
2.120911288248562983e+02,1.060456060729361099e+02,8.685639737961021708e-04,2.221907893127439751e-04,9.921733052213426163e-01,4.960781312851025859e-01,4.063174232734906993e-06,1.039427156027659428e-06
2.130833021300776409e+02,1.065416842042212124e+02,8.726271480288370777e-04,2.232302164687716345e-04,9.921813703182351674e-01,4.960944241955616008e-01,4.063250773973531987e-06,1.039426075619977706e-06
2.140754835003958760e+02,1.070377786284167740e+02,8.766903988028106097e-04,2.242696425443916123e-04,9.921741434194188969e-01,4.960954549250544687e-01,4.063234263811804636e-06,1.039424995214518598e-06
2.150676576438152949e+02,1.075338740833418285e+02,8.807536330666224144e-04,2.253090675396061309e-04,9.921974809529103823e-01,4.960964881669838178e-01,4.063310804250180007e-06,1.039447192473008435e-06
2.160598551247682053e+02,1.080299705715088123e+02,8.848169438708725944e-04,2.263485147320791393e-04,9.922055263685365389e-01,4.961051500456932217e-01,4.063294293600670098e-06,1.039446112023666245e-06
2.170520606511367419e+02,1.085260757215545055e+02,8.888802381644732645e-04,2.273879608441028055e-04,9.922288644201273655e-01,4.961061833464839310e-01,4.063370832351267947e-06,1.039468309411853766e-06
2.180442895155568692e+02,1.090221819049009895e+02,8.929436089968245324e-04,2.284274291535146593e-04,9.922216579324754093e-01,4.961148478255239525e-01,4.063447370323517056e-06,1.039490506729676567e-06
2.190365111734893446e+02,1.095182967527265134e+02,8.970070563671480495e-04,2.294669196602443359e-04,9.922449761076279628e-01,4.961158786478847560e-01,4.063430858786153989e-06,1.039489426190291386e-06
2.200287561495969726e+02,1.100144126313743982e+02,9.010704872259342035e-04,2.305064090864346273e-04,9.922377697662341234e-01,4.961245406297223326e-01,4.063507395514389525e-06,1.039488345431165530e-06
2.210209939193632067e+02,1.105105371720041205e+02,9.051339946214485930e-04,2.315458974318657928e-04,9.922610881513946879e-01,4.961332052171769647e-01,4.063490883267307716e-06,1.039510542634740527e-06
2.220132550075146014e+02,1.110066703772212975e+02,9.091974855047159007e-04,2.325854079745005333e-04,9.922691546805140206e-01,4.961342386844336261e-01,4.063567418751529679e-06,1.039532739768005013e-06
2.230055241621951154e+02,1.115028046159057311e+02,9.132610529234674304e-04,2.336249407142685383e-04,9.922772214367796551e-01,4.961429007631892318e-01,4.063643953013964215e-06,1.039531659140826561e-06
2.239978013836318951e+02,1.119989475166689203e+02,9.173246968764813946e-04,2.346644723734093649e-04,9.922852884201915913e-01,4.961439316712557002e-01,4.063720486497833170e-06,1.039530578515843618e-06
2.249900866720520867e+02,1.124950914483401760e+02,9.213884173629792278e-04,2.357040029519252085e-04,9.922933136161873335e-01,4.961449652072786876e-01,4.063610926499931948e-06,1.039552775312869905e-06
2.259823799856682740e+02,1.129912364135474547e+02,9.254520282894791597e-04,2.367435557272380784e-04,9.923166747574043711e-01,4.961536273439151046e-01,4.063780505137088751e-06,1.039551694866021380e-06
2.269746966604256784e+02,1.134873900408913698e+02,9.295158087946162485e-04,2.377831074221040998e-04,9.923094481364955755e-01,4.961622921553612287e-01,4.063763990892256019e-06,1.039573891570700747e-06
2.279670061085621739e+02,1.139835523330467311e+02,9.335795727855085045e-04,2.388226813136748005e-04,9.923327887566699701e-01,4.961633257990456514e-01,4.063840521666378484e-06,1.039596088205096708e-06
2.289593388973188439e+02,1.144797156588457767e+02,9.376434133071748830e-04,2.398622774018798972e-04,9.923408566317561963e-01,4.961719880325716758e-01,4.063917051662260631e-06,1.039595007668150982e-06
2.299516797539506001e+02,1.149758876468783484e+02,9.417073303588371436e-04,2.409018724095480482e-04,9.923489032663042053e-01,4.961730190478306213e-01,4.063900536307530134e-06,1.039593926689528396e-06
2.309440286572169043e+02,1.154720606659261790e+02,9.457712308951446737e-04,2.419414663362375766e-04,1.067396975577082685e+00,5.337518239315954816e-01,3.278423564912266849e-04,1.118386868147826273e-06
2.320114256327939870e+02,1.160058124898577745e+02,1.273613587386371359e-03,2.430598532043854029e-04,1.090341201623573397e+00,5.479904034418154879e-01,4.241084176978538161e-04,1.162077258324168555e-06
2.331017668344175604e+02,1.165538028932995900e+02,1.697722005084225175e-03,2.442219304627095714e-04,1.091540931980830464e+00,5.431192466172376498e-01,4.246005449010750200e-04,1.130628205071361209e-06
2.341933077663983909e+02,1.170969221399168276e+02,2.122322549985300195e-03,2.453525586677809327e-04,1.092335797337284475e+00,5.462814645164684180e-01,4.249243859718583420e-04,1.144593322368301930e-06
2.352856435637356753e+02,1.176432036044332961e+02,2.547246935957158537e-03,2.464971519901492346e-04,1.093282615773546240e+00,5.467788715105541542e-01,4.253051227096197630e-04,1.145639490740340237e-06
2.363789261795092216e+02,1.181899824759438502e+02,2.972552058666778300e-03,2.476427914808895748e-04,1.094200182156100709e+00,5.472610138122036005e-01,4.256867821482630300e-04,1.146639101014669364e-06
2.374731263616653223e+02,1.187372434897560538e+02,3.398238840815041330e-03,2.487894305819042442e-04,1.095149539761791857e+00,5.477584275618454512e-01,4.260686196209690496e-04,1.147685262296025462e-06
2.385682759014271141e+02,1.192850019173178993e+02,3.824307460436010379e-03,2.499371158442002696e-04,1.096085124190750548e+00,5.482558447367438248e-01,4.264521177352155815e-04,1.148731419973981430e-06
2.396643610256178647e+02,1.198332577620546431e+02,4.250759578171225961e-03,2.510858472641742511e-04,1.097021889851845344e+00,5.487379999007231390e-01,4.268357896080338804e-04,1.149754296985968163e-06
2.407613829154697100e+02,1.203819957619553662e+02,4.677595367779259841e-03,2.522356015611602192e-04,1.097960015518594901e+00,5.492430523883768956e-01,4.272203753146750285e-04,1.150777170246344329e-06
2.418593429309883049e+02,1.209312388143437431e+02,5.104815743093934870e-03,2.533863787314065636e-04,1.098899504218053380e+00,5.497328484524643955e-01,4.276058723981139911e-04,1.151823316979441996e-06
2.429582424352063583e+02,1.214809716627962075e+02,5.532421615492048861e-03,2.545382020483860056e-04,1.099855618859862716e+00,5.502302792731939007e-01,4.279919080859449429e-04,1.152869460539947266e-06
2.440580980540662210e+02,1.220312019420694014e+02,5.960413523577993804e-03,2.556910715089259528e-04,1.100782408627679843e+00,5.507277135345560737e-01,4.283788507096443141e-04,1.153915600258853189e-06
2.451588804626939009e+02,1.225819296556039575e+02,6.388792374287638118e-03,2.568449871091848060e-04,1.101741365975385634e+00,5.512251483742716118e-01,4.287670678082017989e-04,1.154938459207814887e-06
2.462606218286692865e+02,1.231331548039782291e+02,6.817559442095839917e-03,2.579999255683926209e-04,1.102686257795284064e+00,5.517302237507237805e-01,4.291558166067757640e-04,1.156007868851173861e-06
2.473633080864645706e+02,1.236848850277289529e+02,7.246715258702615681e-03,2.591559334372437948e-04,1.103632344327678538e+00,5.522276654793216721e-01,4.295447255977472706e-04,1.157030720598214209e-06
2.484669404307922491e+02,1.242371126932082745e+02,7.676259984300362951e-03,2.603129641578420090e-04,1.104595374314072842e+00,5.527251164304658460e-01,4.299352716757073173e-04,1.158100122925431134e-06
2.495715358051063220e+02,1.247898378096387404e+02,8.106195255976070269e-03,2.614710642807674401e-04,1.105528845211125599e+00,5.532302022746193870e-01,4.303259736544873953e-04,1.159169521313741565e-06
2.506770646503174476e+02,1.253430680119133598e+02,8.536521229630557664e-03,2.626302338020811817e-04,1.106494655802606530e+00,5.537352857839152875e-01,4.307183071551937137e-04,1.160192362401394044e-06
2.517835593061200541e+02,1.258968032976972751e+02,8.967239536785751378e-03,2.637904261644825757e-04,1.107446102862780890e+00,5.542403786288332412e-01,4.311100541734749075e-04,1.161261753675549291e-06
2.528910054089828350e+02,1.264510436763261083e+02,9.398349590959226285e-03,2.649516879181581250e-04,1.108399308843473818e+00,5.547454750046654226e-01,4.315041658689375975e-04,1.162331141000660754e-06
2.539994047178263088e+02,1.270057891513307737e+02,9.829853756828163883e-03,2.661140190591587858e-04,1.109353723189514085e+00,5.552582063482986996e-01,4.318984248713082785e-04,1.163400524595303593e-06
2.551087584410158229e+02,1.275610473576790724e+02,1.026175218169947216e-02,2.672774195837540894e-04,1.110309533050667596e+00,5.557633068320484426e-01,4.322935671183334577e-04,1.164446627996147243e-06
2.562190679740664905e+02,1.281168106645111209e+02,1.069404574881780562e-02,2.684418662117502366e-04,1.111282169867308767e+00,5.562684138118356714e-01,4.326895901396402705e-04,1.165516004173654599e-06
2.573303501439337992e+02,1.286730790783229565e+02,1.112673533895744589e-02,2.696073822159238912e-04,1.112225169231010113e+00,5.567735243354263730e-01,4.330857549684069552e-04,1.166585376832546435e-06
2.584425753131648094e+02,1.292298526026583829e+02,1.155982109392585284e-02,2.707739675927564376e-04,1.113200812129718997e+00,5.572939013446216450e-01,4.334842689362114476e-04,1.167654745525318304e-06
2.595557761252945284e+02,1.297871465040030046e+02,1.199330536286206429e-02,2.719416223382817559e-04,1.114161866960273528e+00,5.577990190011234972e-01,4.338814477335625752e-04,1.168724110692535758e-06
2.606699379922548019e+02,1.303449455230041281e+02,1.242718681059562687e-02,2.731103464489742917e-04,1.115124897997645803e+00,5.583194062315328665e-01,4.342817059398360047e-04,1.169816748654685726e-06
2.617850628902524477e+02,1.309032649292356609e+02,1.286146851653546287e-02,2.742801631976289774e-04,1.116088962040748811e+00,5.588245310600257199e-01,4.346813611588971893e-04,1.170886106262032482e-06
2.629011518522931965e+02,1.314620894602956866e+02,1.329614987769436006e-02,2.754510493038910099e-04,1.117085758935672857e+00,5.593449224585071988e-01,4.350833530606234428e-04,1.171955460111480298e-06
2.640182376112288694e+02,1.320214343827541938e+02,1.373123323075498350e-02,2.766230047640024902e-04,1.118021347793046516e+00,5.598653205591119786e-01,4.354832691439783354e-04,1.173048086441767258e-06
2.651362589590219159e+02,1.325812997033133058e+02,1.416671649989896184e-02,2.777960528504442575e-04,1.118990045868940797e+00,5.603857223191539561e-01,4.358869861079868457e-04,1.174140709369285700e-06
2.662552490048908567e+02,1.331416854256324598e+02,1.460260348600694869e-02,2.789701935598135432e-04,1.119990759430663729e+00,5.608908615668894981e-01,4.362900927296058801e-04,1.175210051593104672e-06
2.673752397643215204e+02,1.337025762871993493e+02,1.503889357873655457e-02,2.801454036114066478e-04,1.120931345707560922e+00,5.614265336755011049e-01,4.366955235551948228e-04,1.176302666871251526e-06
2.684961711100290813e+02,1.342640028208748504e+02,1.547558910229174939e-02,2.813217062782778994e-04,1.121934551030904004e+00,5.619316833081597906e-01,4.370988737624550979e-04,1.177395278070087706e-06
2.696181056610599853e+02,1.348259345041830102e+02,1.591268797605420449e-02,2.824991015563479871e-04,1.122908986993024882e+00,5.624673659454515473e-01,4.375060098013201781e-04,1.178511161735126302e-06
2.707410146480530102e+02,1.353884018701284617e+02,1.635019398585552466e-02,2.836776127180831134e-04,1.123884467721666169e+00,5.629877828895928360e-01,4.379125281287234162e-04,1.179580489075831001e-06
2.718648991157746764e+02,1.359513896530180546e+02,1.678810651398424808e-02,2.848571932071589444e-04,1.124861383858387853e+00,5.635082066507379750e-01,4.383198934923768220e-04,1.180673088459086115e-06
2.729897604996330642e+02,1.365148978596687925e+02,1.722642640747662490e-02,2.860378662956180305e-04,1.125840132436167096e+00,5.640286372847640450e-01,4.387295674315588867e-04,1.181788960659445678e-06
2.741156006320692313e+02,1.370789264969535566e+02,1.766515597490818379e-02,2.872196552562774762e-04,1.126819929990062974e+00,5.645643348343867274e-01,4.391386181240089503e-04,1.182904828902033630e-06
2.752424205620592943e+02,1.376434908317879433e+02,1.810429459303219274e-02,2.884025600851795098e-04,1.127801170970712974e+00,5.650847697436915951e-01,4.395485083914657531e-04,1.183997416771332724e-06
2.763702217330300073e+02,1.382085756015316349e+02,1.854384310142365849e-02,2.895865575019508425e-04,1.128784256197548075e+00,5.656204715722878973e-01,4.399606978385713074e-04,1.185090000980202653e-06
2.774990059892275553e+02,1.387741960731039228e+02,1.898380379926222980e-02,2.907716475029310452e-04,1.129799504866639381e+00,5.661409203926552891e-01,4.403722584982415478e-04,1.186229133571842405e-06
2.786288054940941947e+02,1.393403369934965781e+02,1.942417605776047135e-02,2.919578766365028876e-04,1.130753997604756478e+00,5.666766297432843658e-01,4.407846512608122602e-04,1.187321709672452177e-06
2.797595594916989512e+02,1.399070136232398625e+02,1.986496070902128361e-02,2.931451983461753398e-04,1.131772580459767141e+00,5.672123461207263517e-01,4.411993337958657058e-04,1.188437557958727051e-06
2.808913320721587183e+02,1.404742259693605888e+02,2.030616004281714931e-02,2.943336359041340668e-04,1.132730362591303219e+00,5.677480662994582872e-01,4.416148415139174721e-04,1.189553402709039170e-06
2.820240624347500216e+02,1.410419740356600471e+02,2.074777488433106679e-02,2.955231893068431060e-04,1.133751086654740448e+00,5.682685269662215433e-01,4.420282541717848734e-04,1.190669243031578037e-06
2.831578135214047620e+02,1.416102425626262686e+02,2.118980313850285166e-02,2.967138585498746840e-04,1.133672479435119840e+00,5.682698792033988866e-01,4.385985952490324691e-04,1.190667825562029183e-06
2.842914860008398819e+02,1.421785124418296675e+02,2.162840173375188413e-02,2.979045263754367132e-04,1.131673789537160246e+00,5.672940978408860246e-01,4.283299116548573704e-04,1.188711215208257312e-06
2.854231597903770421e+02,1.427458065396705535e+02,2.205673164540674150e-02,2.990932375906449705e-04,1.132629866960314757e+00,5.677687300842535478e-01,4.287132906593965620e-04,1.189547740703506776e-06
2.865557896573373569e+02,1.433135752697548071e+02,2.248544493606613806e-02,3.002827853313484773e-04,1.133590609352268075e+00,5.683044692159455735e-01,4.291092053883283075e-04,1.190733404348841978e-06
2.876893802666896249e+02,1.438818797389707527e+02,2.291455414145446637e-02,3.014735187356973193e-04,1.134551540600227781e+00,5.688249354226684318e-01,4.295016203429667667e-04,1.191825959106064623e-06
2.888239318072898527e+02,1.444507046743934211e+02,2.334405576179743314e-02,3.026653446948033839e-04,1.135513884647309624e+00,5.693454053471214138e-01,4.298949059230242065e-04,1.192918510399261327e-06
2.899594456919371623e+02,1.450200500797405425e+02,2.377395066772045734e-02,3.038582632052026452e-04,1.136477644253375274e+00,5.698811424364009781e-01,4.302890597001271522e-04,1.194011057336675802e-06
2.910959233361905376e+02,1.455899312221769435e+02,2.420423972742058449e-02,3.050522742625393210e-04,1.137473676891659125e+00,5.703863597818497055e-01,4.306826253896132994e-04,1.195126876826866236e-06
2.922333970130821967e+02,1.461603175819587932e+02,2.463492235281019779e-02,3.062474011393661872e-04,1.138409433013805483e+00,5.709221009722682538e-01,4.310799627540579104e-04,1.196196140100492470e-06
2.933718064460960022e+02,1.467312396829310615e+02,2.506600231556425570e-02,3.074435972794666797e-04,1.139407499931962775e+00,5.714273257669049144e-01,4.314723487363128496e-04,1.197311951471743355e-06
2.945112139460279650e+02,1.473026670086979664e+02,2.549747466430056855e-02,3.086409092309384231e-04,1.140346495926394255e+00,5.719783413908885450e-01,4.318728587116085760e-04,1.198404482893032121e-06
2.956515604419543592e+02,1.478746453500888549e+02,2.592934752301217713e-02,3.098393137138314552e-04,1.141348274191329892e+00,5.724835702574182505e-01,4.322698669214017353e-04,1.199497010606728926e-06
2.967929087161456891e+02,1.484471289203462732e+02,2.636161738993357886e-02,3.110388107244381841e-04,1.142320605830434488e+00,5.730193368524112429e-01,4.326691813401686848e-04,1.200636085712072140e-06
2.979352293219761236e+02,1.490201482571986844e+02,2.679428657127374755e-02,3.122394468101502563e-04,1.143294794241057843e+00,5.735551003656098601e-01,4.330707970210817548e-04,1.201728605221936367e-06
2.990785241162171815e+02,1.495937033575642943e+02,2.722735736829482930e-02,3.134411754153721926e-04,1.144269153300513153e+00,5.740908676824005852e-01,4.334689111605560807e-04,1.202821120791430429e-06
3.002227932695176946e+02,1.501677942252466949e+02,2.766082627945538538e-02,3.146439965361636231e-04,1.145245369432018379e+00,5.746113822125664683e-01,4.338693242012942042e-04,1.203960183795667934e-06
3.013680386389497130e+02,1.507424056074592613e+02,2.809469560365667959e-02,3.158479567199592910e-04,1.146224302190546496e+00,5.751471606843665541e-01,4.342749276024515659e-04,1.205075967355615212e-06
3.025142629411402595e+02,1.513175527681436279e+02,2.852897053125913115e-02,3.170530326873149062e-04,1.147233953075328827e+00,5.756676758306298325e-01,4.346741307647006280e-04,1.206168470691730901e-06
3.036614968942155883e+02,1.518932204439742577e+02,2.896364466202383178e-02,3.182592011580066371e-04,1.148184393045823981e+00,5.762187291620364249e-01,4.350814133002867123e-04,1.207307521727297994e-06
3.048096812872614123e+02,1.524694391731362941e+02,2.939872607532411850e-02,3.194665086797339351e-04,1.149165530605955610e+00,5.767545227679988784e-01,4.354822970087657286e-04,1.208446568635470047e-06
3.059588468178673679e+02,1.530461936959042930e+02,2.983420837233288422e-02,3.206749552483694051e-04,1.150181705948909894e+00,5.772903167044205475e-01,4.358912489089844522e-04,1.209562335530633623e-06
3.071090285238162778e+02,1.536234840126087136e+02,3.027009962124186868e-02,3.218845175839000388e-04,1.151135178356980759e+00,5.778261145094063522e-01,4.362966935068691987e-04,1.210678098597262487e-06
3.082601637021732586e+02,1.542013101271181199e+02,3.070639631474873787e-02,3.230951956824973013e-04,1.152153434584533898e+00,5.783619197876532780e-01,4.367044136217648753e-04,1.211817132991085174e-06
3.094123171367577925e+02,1.547796720469057732e+02,3.114310072837050275e-02,3.243070128154883864e-04,1.153142144805372027e+00,5.789129891232107639e-01,4.371144042836366816e-04,1.212932888111000005e-06
3.105654592815631645e+02,1.553585850360289840e+02,3.158021513265413943e-02,3.255199457035993864e-04,1.154131014242977926e+00,5.794488058755007387e-01,4.375208878720920902e-04,1.214095189597177039e-06
3.117195902958061424e+02,1.559380338419044847e+02,3.201773602052623152e-02,3.267340408931965635e-04,1.155121779127796344e+00,5.799846193078224132e-01,4.379296396376658462e-04,1.215210936254622863e-06
3.128747120749339388e+02,1.565180184612123071e+02,3.245566566016389737e-02,3.279492518294511863e-04,1.156115323696155883e+00,5.805357077489077255e-01,4.383435384012340785e-04,1.216373229601639978e-06
3.140308273986300946e+02,1.570985541689612148e+02,3.289400919856513145e-02,3.291656250590528263e-04,1.157109027587466699e+00,5.810867928791765280e-01,4.387539265322260018e-04,1.217488968003211519e-06
3.151879364262175613e+02,1.576796409618403914e+02,3.333276312509735745e-02,3.303831140270560378e-04,1.158104641862507833e+00,5.816226254746652558e-01,4.391665716986167811e-04,1.218651252751312784e-06
3.163460410680800692e+02,1.582612635873150566e+02,3.377192969679597423e-02,3.316017652798073506e-04,1.159133735565603729e+00,5.821737259161636757e-01,4.395814689167679146e-04,1.219813533692346540e-06
3.175051748036456729e+02,1.588434373132312203e+02,3.421151116571274214e-02,3.328215788134996972e-04,1.160100757992211129e+00,5.827248229769850241e-01,4.399957344666943770e-04,1.220929259624454685e-06
3.186652755616378840e+02,1.594261621362082053e+02,3.465150690017943652e-02,3.340425080731241518e-04,1.161131953210826850e+00,5.832759351673075798e-01,4.404093684269722031e-04,1.222114807069500479e-06
3.198264075148487109e+02,1.600094380713755129e+02,3.509191626860640872e-02,3.352646228801936523e-04,1.162101910032447449e+00,5.838270439708423964e-01,4.408252470740614548e-04,1.223253799970038663e-06
3.209885094248811583e+02,1.605932651153463553e+02,3.553274151568047018e-02,3.364878766801636910e-04,1.163136989818440270e+00,5.843781567832024848e-01,4.412433654143385620e-04,1.224392788466981304e-06
3.221516464146995986e+02,1.611776432721295578e+02,3.597398488109480874e-02,3.377122694686306723e-04,1.164141524496528746e+00,5.849292811356292532e-01,4.416608447937314663e-04,1.225578323082391740e-06
3.233157879391961274e+02,1.617625725532651870e+02,3.641564572588854021e-02,3.389378477917130640e-04,1.165147998961003850e+00,5.854804058085392171e-01,4.420805576788658375e-04,1.226740578546571796e-06
3.244809359381571312e+02,1.623480529590737262e+02,3.685772628356740604e-02,3.401645883702596358e-04,1.166156420493109636e+00,5.860467985407353808e-01,4.425024990683604220e-04,1.227902829287587719e-06
3.256470923586502408e+02,1.629340997576144616e+02,3.730022878263576647e-02,3.413924911995472235e-04,1.167164988758827349e+00,5.865979313770139925e-01,4.429209242654066903e-04,1.229065076189335328e-06
3.268142573474090682e+02,1.635206976889914756e+02,3.774314970690117316e-02,3.426215562757365589e-04,1.168175503927557202e+00,5.871643323176556351e-01,4.433415755835529160e-04,1.230227318581831892e-06
3.279824328513366254e+02,1.641078620213091313e+02,3.818649128248472607e-02,3.438517835943183908e-04,1.169187973234443234e+00,5.877154771645223263e-01,4.437644480155197857e-04,1.231412831581015725e-06
3.291516208245710686e+02,1.646955774984736536e+02,3.863025573050024586e-02,3.450831964258994065e-04,1.170234113924152552e+00,5.882666222830437164e-01,4.441895365513148786e-04,1.232575065329439418e-06
3.303218549384952212e+02,1.652838441207566973e+02,3.907444526705156074e-02,3.463157714912288459e-04,1.171216989555034615e+00,5.888483035257650045e-01,4.446111066695734859e-04,1.233760569840892333e-06
3.314930719280502558e+02,1.658726924242824623e+02,3.951905637372113422e-02,3.475495320610697382e-04,1.172267091903620440e+00,5.893994607843637823e-01,4.450406174622209554e-04,1.234946069740691307e-06
3.326653390199538762e+02,1.664620918850668261e+02,3.996409699118335518e-02,3.487844781308104295e-04,1.173252961104935821e+00,5.899658863020817989e-01,4.454637426957730462e-04,1.236131565468426112e-06
3.338385919810588121e+02,1.670520577713689079e+02,4.040956073387912822e-02,3.500206096962788557e-04,1.174305207238489857e+00,5.905323121090191307e-01,4.458919363625676868e-04,1.237293781821855940e-06
3.350128971882973019e+02,1.676425900834779270e+02,4.085545267024169591e-02,3.512579034781007116e-04,1.175326775484734299e+00,5.911140140645159136e-01,4.463194690357830119e-04,1.238502543532155747e-06
3.361882239637820362e+02,1.682337040975424429e+02,4.130177213927747892e-02,3.524964060216328673e-04,1.176350326104568467e+00,5.916651880145309406e-01,4.467491991691288633e-04,1.239688026052844418e-06
3.373645742898866047e+02,1.688253692855569739e+02,4.174852133844660779e-02,3.537360940476857118e-04,1.177374938087723422e+00,5.922316342566489311e-01,4.471782646390046190e-04,1.240896778830456737e-06
3.385419492279743281e+02,1.694176009198136228e+02,4.219569960308561241e-02,3.549769908265161685e-04,1.190475293235124354e+00,5.993947811698490113e-01,4.847630086069198985e-04,1.257117754914439858e-06
3.397324245212094525e+02,1.700169957009834718e+02,4.268046261169253230e-02,3.562341085814306084e-04,1.206246068825123530e+00,6.074892102902822444e-01,5.299822585595401203e-04,1.273967088032579471e-06
3.409386705900345760e+02,1.706244849112737541e+02,4.321044487025207242e-02,3.575080756694631878e-04,1.207572763628888879e+00,6.077346981241191770e-01,5.306315014169810107e-04,1.272289685576603532e-06
3.421462433536634649e+02,1.712322196093978732e+02,4.374107637166905344e-02,3.587803653550397914e-04,1.208783929234016341e+00,6.088053107117161744e-01,5.312139854045730414e-04,1.275593071979564883e-06
3.433550272828974812e+02,1.718410249201095894e+02,4.427229035707362648e-02,3.600559584270193562e-04,1.210040524354894842e+00,6.094940088789542187e-01,5.318324375628638578e-04,1.277057747802953520e-06
3.445650678072523760e+02,1.724505189289885436e+02,4.480412279463649033e-02,3.613330161748223098e-04,1.211266680740891388e+00,6.102132409962166548e-01,5.324497534633793050e-04,1.278522418456866198e-06
3.457763344879932674e+02,1.730607321699847603e+02,4.533657254809986964e-02,3.626115385932791760e-04,1.212559969939661642e+00,6.109172222822394360e-01,5.330716264873303079e-04,1.280033632189306412e-06
3.469888944579329291e+02,1.736716493922669997e+02,4.586964417458719995e-02,3.638915722254684824e-04,1.213853828591879846e+00,6.116364693366449501e-01,5.336895093395396805e-04,1.281521565686043022e-06
3.482027482865248089e+02,1.742832858616036447e+02,4.640333368392673963e-02,3.651730937911545254e-04,1.215088139276872425e+00,6.123557259445817635e-01,5.343147825623770220e-04,1.283032768304652026e-06
3.494178364258016813e+02,1.748956415875482264e+02,4.693764846648911665e-02,3.664561265594591774e-04,1.216355839643483705e+00,6.130597196023472861e-01,5.349389018901862247e-04,1.284520690289872070e-06
3.506341922654451650e+02,1.755087013071505737e+02,4.747258736837930287e-02,3.677406472497490495e-04,1.217626915088260375e+00,6.137789831184079503e-01,5.355675485428298965e-04,1.286008606539228941e-06
3.518518191805334254e+02,1.761224802902689817e+02,4.800815491692213277e-02,3.690266558562882784e-04,1.218930510639040676e+00,6.145135248015947127e-01,5.361921934497124176e-04,1.287543066111329886e-06
3.530707496911724661e+02,1.767369938150705764e+02,4.854434711037184519e-02,3.703141989223996083e-04,1.220207438563363667e+00,6.152175349684512184e-01,5.368270303053798709e-04,1.289030970970926095e-06
3.542909571297358298e+02,1.773522113500390276e+02,4.908117414067722506e-02,3.716032298933705344e-04,1.221450941637783671e+00,6.159520878318289761e-01,5.374521831137471506e-04,1.290565418575874510e-06
3.555124080713736134e+02,1.779681634378708566e+02,4.961862632379097221e-02,3.728937953119464089e-04,1.222763806741170356e+00,6.166713777095367277e-01,5.380875114061947628e-04,1.292076586017218767e-06
3.567351718781147838e+02,1.785848348155803933e+02,5.015671383519716697e-02,3.741858718979636277e-04,1.224048073025471695e+00,6.174059418473802907e-01,5.387273250964316751e-04,1.293611021789184672e-06
3.579592199511402555e+02,1.792022407574277736e+02,5.069544116029359865e-02,3.754794829197528124e-04,1.225331899861828333e+00,6.181252429447852137e-01,5.393602865671615065e-04,1.295122177665778036e-06
3.591845518510020838e+02,1.798203660003725588e+02,5.123480144686076015e-02,3.767746050974185904e-04,1.226619143156597147e+00,6.188598225816406284e-01,5.399977276212067356e-04,1.296679875929177949e-06
3.604111709941586810e+02,1.804392258229541994e+02,5.177479917448196689e-02,3.780712849733477684e-04,1.227907872545131340e+00,6.196096641093902235e-01,5.406339795269859971e-04,1.298191019709002414e-06
3.616390788667038123e+02,1.810588354870635897e+02,5.231543315400895289e-02,3.793694759930567708e-04,1.229234111041591859e+00,6.203289906131317366e-01,5.412803496308293827e-04,1.299748705962749072e-06
3.628683129777454042e+02,1.816791644776767214e+02,5.285671350363978227e-02,3.806692246990195198e-04,1.230497608838504675e+00,6.210635831850481736e-01,5.419255125265406980e-04,1.301283111879202384e-06
3.640988105865839088e+02,1.823002280608617696e+02,5.339863901616632297e-02,3.819705078108987222e-04,1.231826883789267413e+00,6.218134503649253020e-01,5.425694683594411982e-04,1.302840786256381604e-06
3.653306374703731763e+02,1.829220415112266949e+02,5.394120848452576417e-02,3.832733485971551038e-04,1.233095304548783133e+00,6.225480587122831366e-01,5.432178616804339555e-04,1.304398454321173146e-06
3.665637327749219594e+02,1.835445895699389780e+02,5.448442634620619812e-02,3.845777470514762770e-04,1.234429572802469011e+00,6.232979375087097651e-01,5.438650390410804114e-04,1.305956116288249039e-06
3.677981623477244284e+02,1.841678875074476878e+02,5.502829138524727853e-02,3.858837031677645260e-04,1.235735147192599470e+00,6.240325574466965008e-01,5.445166388537078794e-04,1.307513772372498155e-06
3.690338974949170279e+02,1.847919200648943843e+02,5.557280802410098641e-02,3.871912169401370242e-04,1.237042229051553477e+00,6.247977126044474971e-01,5.451670137986003306e-04,1.309071421900468313e-06
3.702709397239685813e+02,1.854167177774988318e+02,5.611797503789958674e-02,3.885002883620374925e-04,1.238354773934190689e+00,6.255323528570215785e-01,5.458274282545347300e-04,1.310675613688935467e-06
3.715092944979027720e+02,1.860422501303558533e+02,5.666380246615412147e-02,3.898109639757264279e-04,1.239664874314655663e+00,6.262975154822356672e-01,5.464753416237963513e-04,1.312209977244146227e-06
3.727489593722174277e+02,1.866685476458380890e+02,5.721027780777791782e-02,3.911231739529705742e-04,1.240982435217858892e+00,6.270321675081902413e-01,5.471389084645283951e-04,1.313814156366475711e-06
3.739899418074352866e+02,1.872955798133462793e+02,5.775741671624244622e-02,3.924369881093370499e-04,1.242299531059586570e+00,6.278126154547294391e-01,5.477956004761447284e-04,1.315395055398438894e-06
3.752322413384948732e+02,1.879233924288010087e+02,5.830521231671859095e-02,3.937523831647354888e-04,1.243652448917146103e+00,6.285472749941618531e-01,5.484566697203860364e-04,1.316975947967743976e-06
3.764758937874120193e+02,1.885519397037951705e+02,5.885366898643897698e-02,3.950693591127032328e-04,1.244944277607203276e+00,6.293277349173251878e-01,5.491221040207633353e-04,1.318556834732664308e-06
3.777208380650192225e+02,1.891812674387124957e+02,5.940279109045974032e-02,3.963879159474358971e-04,1.246304284710447519e+00,6.300776800162850577e-01,5.497918911870416925e-04,1.320184262366237097e-06
3.789671423497296701e+02,1.898113451187287808e+02,5.995258298164678201e-02,3.977081002098021342e-04,1.247629490904330396e+00,6.308428871658122716e-01,5.504491874224748393e-04,1.321765136267207073e-06
3.802147718406340005e+02,1.904421880058945931e+02,6.050303216906925685e-02,3.990298653460693412e-04,1.248964264990149786e+00,6.316081092193144286e-01,5.511276622435709593e-04,1.323392551342357677e-06
3.814637361056241502e+02,1.910737961151139075e+02,6.105415983131282781e-02,4.003532578974116989e-04,1.250296550769064652e+00,6.323885933801705050e-01,5.517936402582510058e-04,1.324973412570630560e-06
3.827140326563932149e+02,1.917061847084940780e+02,6.160595347157107882e-02,4.016782313099823295e-04,1.251632382195282389e+00,6.331538365899405107e-01,5.524639501201106251e-04,1.326647362378228796e-06
3.839656650385884973e+02,1.923393385450840185e+02,6.215841742169118944e-02,4.030048786723605583e-04,1.252973801263976839e+00,6.339190590756231813e-01,5.531441777625184519e-04,1.328181663075625983e-06
3.852186388398524741e+02,1.929732576041596417e+02,6.271156159945370789e-02,4.043330603354361842e-04,1.254314737303502625e+00,6.346995795194345646e-01,5.538175133914385873e-04,1.329855599917250438e-06
3.864729535771559767e+02,1.936079571836790763e+02,6.326537911284514648e-02,4.056629159353534347e-04,1.255659243751154008e+00,6.354800972135876691e-01,5.544951534643544067e-04,1.331482982720147597e-06
3.877286128209071308e+02,1.942434372808926639e+02,6.381987426630950089e-02,4.069943989180735823e-04,1.257039815340419864e+00,6.362606211148715829e-01,5.551770857334520359e-04,1.333110359020216965e-06
3.889856526362475506e+02,1.948796979020075355e+02,6.437505135204295292e-02,4.083275092770937992e-04,1.258389487323597677e+00,6.370411603280672352e-01,5.558577121939356491e-04,1.334784276043330439e-06
3.902440421235711483e+02,1.955167390623356027e+02,6.493090906423688857e-02,4.096622935531371297e-04,1.259710238058914911e+00,6.378216875990574408e-01,5.565426156368402655e-04,1.336365092017980424e-06
3.915037523616300632e+02,1.961545607499346602e+02,6.548745167987372884e-02,4.109986586451551101e-04,1.261099611260476649e+00,6.386022393238590666e-01,5.572317837867768464e-04,1.338038995649245503e-06
3.927648519728905399e+02,1.967931629892585192e+02,6.604468346366050568e-02,4.123366976408043556e-04,1.262455984883331439e+00,6.393980624765731591e-01,5.579140515270253342e-04,1.339712892558890794e-06
3.940273079577738713e+02,1.974325610517350924e+02,6.660259751518753102e-02,4.136764105333632464e-04,1.263818028639036584e+00,6.401938828093705069e-01,5.586061513653817201e-04,1.341340236197911817e-06
3.952911259864129079e+02,1.980727549345444629e+02,6.716120366655291274e-02,4.150177507695611582e-04,1.265183703512548163e+00,6.409897187021726950e-01,5.593024883634445388e-04,1.343014119542182156e-06
3.965563096899254560e+02,1.987137446532466356e+02,6.772050615491635728e-02,4.163607648891033404e-04,1.266548875411331210e+00,6.417702958440258953e-01,5.599919160736710477e-04,1.344687996583931056e-06
3.978228585653367873e+02,1.993555149490906615e+02,6.828049807099002833e-02,4.177054528856872714e-04,1.267952372614729484e+00,6.425814097103454969e-01,5.606911389623575603e-04,1.346361866648622136e-06
3.990908109379515167e+02,1.999980963588010070e+02,6.884118920995238589e-02,4.190518147523358936e-04,1.269290140921782495e+00,6.433772555268149063e-01,5.613834497558284342e-04,1.347989183438026879e-06
4.003601010788732992e+02,2.006414736143278219e+02,6.940257265970821432e-02,4.203998039357739205e-04,1.270698890053495234e+00,6.441731264193606421e-01,5.620855341971070507e-04,1.349709586542671789e-06
4.016307999689267945e+02,2.012856467407471825e+02,6.996465819390532137e-02,4.217495135223165922e-04,1.272046016538581625e+00,6.449842596951214091e-01,5.627918128758846450e-04,1.351383436514277687e-06
4.029028459854653761e+02,2.019306310004423040e+02,7.052745000678120602e-02,4.231008969588308699e-04,1.273457953627541883e+00,6.457801436437478060e-01,5.634911705519746183e-04,1.353103825798814344e-06
4.041763039390929180e+02,2.025764111440860518e+02,7.109094117733318063e-02,4.244540007846296843e-04,1.274843000799535275e+00,6.466065552594670862e-01,5.642002648306859713e-04,1.354777661837012863e-06
4.054511469398924532e+02,2.032230176993455188e+02,7.165514144216386661e-02,4.258087784464666971e-04,1.276229633010018460e+00,6.474024523381274321e-01,5.649079804661422122e-04,1.356498037488845614e-06
4.067273765729024717e+02,2.038704201516836463e+02,7.222004942263000882e-02,4.271652764839555427e-04,1.277617844853239149e+00,6.482288771228752466e-01,5.656143176139549755e-04,1.358171859781203729e-06
4.080049944177557109e+02,2.045186490288065215e+02,7.278566374024396379e-02,4.285234483437367465e-04,1.279011855048509005e+00,6.490400527129907005e-01,5.663303542432357451e-04,1.359892221321711524e-06
4.092840062728042199e+02,2.051676890815195122e+02,7.335199409448719954e-02,4.298833405650584580e-04,1.280440233215699664e+00,6.498512349477039152e-01,5.670449938813409974e-04,1.361612575841197100e-06
4.105644465060199195e+02,2.058175403164672161e+02,7.391903908836854054e-02,4.312449531408996551e-04,1.281804670978146987e+00,6.506776892257164491e-01,5.677582366819255988e-04,1.363332923552814605e-06
4.118462511769980665e+02,2.064682180056929326e+02,7.448679732505046613e-02,4.326082860644524697e-04,1.283238381442799891e+00,6.515041502276233132e-01,5.684756122848882987e-04,1.365053264225574766e-06
4.131294895584408664e+02,2.071197221559205559e+02,7.505527293733535443e-02,4.339733393286780445e-04,1.284612342396485474e+00,6.523306179618373335e-01,5.692026346044015694e-04,1.366773597628867781e-06
4.144141019008373519e+02,2.077720527738823932e+02,7.562447557193975600e-02,4.353401129263069123e-04,1.286049281061821148e+00,6.531418269841537949e-01,5.699171858929985568e-04,1.368493923975739376e-06
4.157001511818991730e+02,2.084251946008665470e+02,7.619439275783275456e-02,4.367086068502826516e-04,1.287461404650343866e+00,6.539988488415247048e-01,5.706468916581164397e-04,1.370260789168304804e-06
4.169876125865495169e+02,2.090791934497080717e+02,7.676503964949087100e-02,4.380788676394509564e-04,1.288875140904451655e+00,6.548100811897370477e-01,5.713751636142599954e-04,1.372027646873261609e-06
4.182764877274539685e+02,2.097340035308978088e+02,7.733641481310513099e-02,4.394508952863242180e-04,1.290290484199658749e+00,6.556518415757750518e-01,5.721020019137518231e-04,1.373747951963644881e-06
4.195667782116536273e+02,2.103896553724735838e+02,7.790851681501888282e-02,4.408246432382878629e-04,1.291707428916367917e+00,6.564936186185548195e-01,5.728274067180322282e-04,1.375514795237057619e-06
4.208584856405699952e+02,2.110461489910921387e+02,7.848134422173691505e-02,4.422001580335249205e-04,1.293165363459536366e+00,6.573353927502694205e-01,5.735679004115479263e-04,1.377235086005672293e-06
4.221516510040295316e+02,2.117034843838424081e+02,7.905491212214846297e-02,4.435773931195305928e-04,1.294556924552125565e+00,6.581771934974369742e-01,5.743014282580810592e-04,1.379048460402006789e-06
4.234462079285816571e+02,2.123616615773398451e+02,7.962921355040654403e-02,4.449564415799325996e-04,1.296018136340080673e+00,6.590189913817710021e-01,5.750390052191439727e-04,1.380815281766837807e-06
4.247422260649217378e+02,2.130206805687216161e+02,8.020425255562568800e-02,4.463372568616994374e-04,1.297417219227668284e+00,6.598760618516337217e-01,5.757806187990793800e-04,1.382582096032041949e-06
4.260396432841494061e+02,2.136805566305732498e+02,8.078003317442476738e-02,4.477198389577314794e-04,1.298883873734666849e+00,6.607178737169192573e-01,5.765207617454970457e-04,1.384348902744368497e-06
4.273385271578840729e+02,2.143412745042901690e+02,8.135655393617026443e-02,4.491041878604758479e-04,1.300321356535846462e+00,6.615597025677004694e-01,5.772649257911044440e-04,1.386162247449880709e-06
4.286388485144199194e+02,2.150028342068578695e+02,8.193381886196136887e-02,4.504903501079257286e-04,1.301760463990888184e+00,6.624320598372719360e-01,5.780076100155850938e-04,1.387929039565051308e-06
4.299406089784108076e+02,2.156652662666951414e+02,8.251182647197695397e-02,4.518782791474907799e-04,1.341857080998352103e+00,6.853592151002487753e-01,6.761671233467686504e-04,1.441081532166138719e-06
4.312824660594091597e+02,2.163506254817953902e+02,8.318799359532372262e-02,4.533193606796569186e-04,1.369647048418130453e+00,6.989374089047259986e-01,7.418525617024496199e-04,1.464072664046503838e-06
4.326521131078272902e+02,2.170495628907001162e+02,8.392984615702617224e-02,4.547834333437034224e-04,1.371671274422510578e+00,7.001916094395710388e-01,7.431537001689608735e-04,1.465746136459394108e-06
4.340237843822498007e+02,2.177497545001396873e+02,8.467299985719513311e-02,4.562491794801628166e-04,1.373563614404417876e+00,7.018586757951936761e-01,7.443639714600769342e-04,1.470538104546433543e-06
4.353973479966542186e+02,2.184516131759348809e+02,8.541736382865521005e-02,4.577197175847092501e-04,1.375522097922157627e+00,7.030520304944332111e-01,7.456476886981283636e-04,1.473095903365047050e-06
4.367728700945763762e+02,2.191546652064293141e+02,8.616301151735333841e-02,4.591928134880742971e-04,1.377549346263492680e+00,7.042759172489638786e-01,7.469281234359914645e-04,1.475607146239014261e-06
4.381504194408398689e+02,2.198589411236782780e+02,8.690993964078932987e-02,4.606684206343133114e-04,1.379552570431656022e+00,7.054845591262051130e-01,7.482216566435245797e-04,1.478164922340014387e-06
4.395299720112715249e+02,2.205644256828044831e+02,8.765816129743285445e-02,4.621465855566533258e-04,1.381560506370476560e+00,7.067237434819446662e-01,7.495173272852734270e-04,1.480722687539253249e-06
4.409115325176420015e+02,2.212711494262864278e+02,8.840767862471812788e-02,4.636273082441925790e-04,1.383575370032076535e+00,7.079324172982524033e-01,7.508205713123855540e-04,1.483326985582259557e-06
4.422951078876740780e+02,2.219790818435846802e+02,8.915849919603051343e-02,4.651106352297748386e-04,1.385594960466391967e+00,7.091716234594400703e-01,7.521259082947789887e-04,1.485884727449250826e-06
4.436807028481404700e+02,2.226882534670441203e+02,8.991062510432529242e-02,4.665965199572240894e-04,1.387619279391913096e+00,7.103955746327983434e-01,7.534333221120292912e-04,1.488442458355229182e-06
4.450683221275323831e+02,2.233986490416769186e+02,9.066405842643732171e-02,4.680849624155793186e-04,1.389686086279596111e+00,7.116500894609600891e-01,7.547536761019491003e-04,1.491093266061272599e-06
4.464580082138119792e+02,2.241102991311378787e+02,9.141881210253927081e-02,4.695760556816405912e-04,1.391691055239959951e+00,7.129046050784211275e-01,7.560760500091856517e-04,1.493697517974512234e-06
4.478496992690519392e+02,2.248232037362162998e+02,9.217488815254845647e-02,4.710697531996151034e-04,1.393769650134743188e+00,7.141438658646279691e-01,7.574058591587329303e-04,1.496301757770708389e-06
4.492434689191866823e+02,2.255373476020809278e+02,9.293229401170718940e-02,4.725660549573858118e-04,1.395819705299402358e+00,7.153984143189688893e-01,7.587376435075066095e-04,1.498952530331416812e-06
4.506392886244860847e+02,2.262527460163998967e+02,9.369103165521469601e-02,4.740650074877172286e-04,1.397874529328930748e+00,7.166682401264949931e-01,7.600713868471525858e-04,1.501603290968611844e-06
4.520371631538150154e+02,2.269694142565263917e+02,9.445110304206184859e-02,4.755666107786858405e-04,1.399940854125475198e+00,7.179380667377870395e-01,7.614233303675360665e-04,1.504207495343218293e-06
4.534371040079404906e+02,2.276873523232641787e+02,9.521252637242938466e-02,4.770708182740290588e-04,1.402043181959982121e+00,7.191926598254383407e-01,7.627717482677487393e-04,1.506904776236701968e-06
4.548391471899004728e+02,2.284065449830896171e+02,9.597529812069713340e-02,4.785777230502657608e-04,1.404083433663686264e+00,7.204930627244152674e-01,7.641220516695634846e-04,1.509602044267373700e-06
4.562432306235641590e+02,2.291270380458140323e+02,9.673942017236669688e-02,4.800873250945331345e-04,1.406199905167966335e+00,7.217629450436504612e-01,7.654850377572242071e-04,1.512299300745003922e-06
4.576494305287321254e+02,2.298488009908576828e+02,9.750490521012392109e-02,4.815996243952781384e-04,1.408251972145365016e+00,7.230480943750023926e-01,7.668444493677817331e-04,1.514950000945246202e-06
4.590576825008774904e+02,2.305718490852326852e+02,9.827174965949170282e-02,4.831145743962233846e-04,1.410382640579598501e+00,7.243485429773102169e-01,7.682218805053903088e-04,1.517693776139652194e-06
4.604680651414570889e+02,2.312961976282099954e+02,9.903997153999709313e-02,4.846322681723630368e-04,1.412486920394655954e+00,7.256489926447216021e-01,7.696064764842192041e-04,1.520390995608312309e-06
4.618805520618517448e+02,2.320218466208547170e+02,9.980957801648131233e-02,4.861526591679713491e-04,1.414593781296446195e+00,7.269494757465508883e-01,7.709874240636183096e-04,1.523181289754386471e-06
4.632951458431481910e+02,2.327487960966012679e+02,1.005805654405449306e-01,4.876758404577257356e-04,1.416707754099491012e+00,7.282652153818673924e-01,7.723754954144790297e-04,1.525878483861389367e-06
4.647118535972476820e+02,2.334770613119831353e+02,1.013529409359594097e-01,4.892017189415871249e-04,1.418862487312765097e+00,7.295809778040052151e-01,7.737706575041136681e-04,1.528622209522392805e-06
4.661307160845604471e+02,2.342066422897871405e+02,1.021267115934635233e-01,4.907303411511095177e-04,1.420952556511736020e+00,7.308967631696816625e-01,7.751621220107585142e-04,1.531412465542877042e-06
4.675516686410721832e+02,2.349375390529568222e+02,1.029018737154742819e-01,4.922617536166523948e-04,1.423126183900194519e+00,7.322278269970468045e-01,7.765821299067360295e-04,1.534202708518782841e-06
4.689747948249723777e+02,2.356697668799538690e+02,1.036784558453810179e-01,4.937959563251711776e-04,1.425264219090138340e+00,7.335589030548419487e-01,7.779876270621460810e-04,1.536992939092499989e-06
4.704000590440625160e+02,2.364033257830087109e+02,1.044564434724431640e-01,4.953329492642636776e-04,1.427413995366862309e+00,7.348899913648381244e-01,7.794108376755620737e-04,1.539783156353081821e-06
4.718274730394293783e+02,2.371382157743735490e+02,1.052358543101187260e-01,4.968727324206167594e-04,1.429566378850893216e+00,7.362363583439446302e-01,7.808302514583365106e-04,1.542573361165071148e-06
4.732570394182802715e+02,2.378744521327174937e+02,1.060166845615770626e-01,4.984153057817818306e-04,1.431730544227775681e+00,7.375980263084898070e-01,7.822672954888032493e-04,1.545456638456796719e-06
4.746887699625080472e+02,2.386120501590259835e+02,1.067989518570658658e-01,4.999607624202386273e-04,1.433901930832746530e+00,7.389444182295221708e-01,7.837111978993976935e-04,1.548246816903374456e-06
4.761226718933407938e+02,2.393509945772555056e+02,1.075826630549652635e-01,5.015090092371420017e-04,1.436105158545672111e+00,7.403061113664080040e-01,7.851405320811744026e-04,1.551130067715955629e-06
4.775587770518864659e+02,2.400913006886219137e+02,1.083678035870464379e-01,5.030601393048579574e-04,1.438257197287043709e+00,7.416678060132539940e-01,7.865980847448494906e-04,1.553966762737413534e-06
4.789970342491735096e+02,2.408329684946351676e+02,1.091544016717912874e-01,5.046141060675953709e-04,1.440479546027518154e+00,7.430447910435873382e-01,7.880517158189159765e-04,1.556849986828856384e-06
4.804375137952010277e+02,2.415760132856787550e+02,1.099424533876102034e-01,5.061709560544242273e-04,1.442675320917203408e+00,7.444218001779177030e-01,7.895120968852142873e-04,1.559779740119521078e-06
4.818801891161182311e+02,2.423204350858566727e+02,1.107319654844954177e-01,5.077307357945437484e-04,1.444878358860023582e+00,7.458140662170649193e-01,7.909791944623600912e-04,1.562616394503997357e-06
4.833250674749782547e+02,2.430662491520737376e+02,1.115229446789577777e-01,5.092933521890477457e-04,1.447093315336928754e+00,7.471911125443000401e-01,7.924636295055798030e-04,1.565592663157837870e-06
4.847721607903151835e+02,2.438134402646180376e+02,1.123154083084633575e-01,5.108589448522055836e-04,1.449340248067017001e+00,7.485986824457313560e-01,7.939333965650552383e-04,1.568475832927824533e-06
4.862215010383822005e+02,2.445620389470637690e+02,1.131093417050284128e-01,5.124274206851334081e-04,1.451535858577415183e+00,7.499910101971352105e-01,7.954310799278829780e-04,1.571405531504877114e-06
4.876730368969596157e+02,2.453120299572609042e+02,1.139047727849562958e-01,5.139988262166382852e-04,1.453797434758371310e+00,7.514138958345881747e-01,7.969140618829806400e-04,1.574381758127235166e-06
4.891268343317179870e+02,2.460634438530954924e+02,1.147016868468392764e-01,5.155732079747655204e-04,1.456041684119043111e+00,7.528215281932091330e-01,7.984248589547604524e-04,1.577357970910511428e-06
4.905828760158370301e+02,2.468162653812887015e+02,1.155001117057940369e-01,5.171505659456760318e-04,1.458288608788279817e+00,7.542444406102788435e-01,7.999315332144207868e-04,1.580334169606098342e-06
4.920411646246253099e+02,2.475705098218989804e+02,1.163000432390084576e-01,5.187309001152821302e-04,1.460542876855015493e+00,7.556673664789741451e-01,8.014446884547499206e-04,1.583310354187758215e-06
4.935017075014803254e+02,2.483261771883779545e+02,1.171014879274632076e-01,5.203142104694698884e-04,1.462804499048615980e+00,7.571055841640088602e-01,8.029642908723017003e-04,1.586333066416604522e-06
4.949645120005289414e+02,2.490832827725419634e+02,1.179044522183355093e-01,5.219005435358864929e-04,1.465073485913535478e+00,7.585438039077416761e-01,8.044903066247444112e-04,1.589309222320574831e-06
4.964295854864424768e+02,2.498418265764497050e+02,1.187089425249602537e-01,5.234898527582070677e-04,1.467384012693969453e+00,7.599820605669833640e-01,8.060227018299864765e-04,1.592378447753733592e-06
4.978969694991364463e+02,2.506018086370166884e+02,1.195149652267902401e-01,5.250822312059608013e-04,1.469633619552780601e+00,7.614508530231773875e-01,8.075614425673560692e-04,1.595401116733538398e-06
4.993666031186892269e+02,2.513632594900398658e+02,1.203225266693575962e-01,5.266776323226943397e-04,1.471963693967495601e+00,7.629044042625423572e-01,8.091170558344601416e-04,1.598470312733101840e-06
5.008385668126567225e+02,2.521261638943024082e+02,1.211316437251920564e-01,5.282761026354274416e-04,1.651847632858334691e+00,8.717513657874178534e-01,1.208615135679450003e-03,1.867570449177818025e-06
5.024904144455150572e+02,2.529979152600898260e+02,1.223402588608715064e-01,5.301436730846052596e-04,1.711536185905970342e+00,8.928817845810499421e-01,1.333626533283699400e-03,1.858770644158386394e-06
5.042019506314210275e+02,2.538907970446708759e+02,1.236738853941552058e-01,5.320024437287636460e-04,1.715886375322270396e+00,9.006166161770750023e-01,1.337951994523148280e-03,1.884085642518966604e-06
5.059178370067432979e+02,2.547914136608479510e+02,1.250118373886783540e-01,5.338865293712826126e-04,9.377856922754972402e-01,4.930955567495800551e-01,7.316337901035196989e-04,1.033169215336839954e-06
