Sigma_1,Sigma_2,Epsilon_1,Epsilon_2,dSigma_1,dSigma_2,dEpsilon_1,dEpsilon_2
-0.000000000000000000e+00,-0.000000000000000000e+00,0.000000000000000000e+00,0.000000000000000000e+00,1.979988609798541965e+00,3.300002565356445761e-01,8.988516841015985203e-06,-1.068555073008626609e-06
1.979988609798541965e+00,3.300002565356445761e-01,8.988516841015985203e-06,-1.068555073008626609e-06,1.980074035737969584e+00,3.300102204526343952e-01,8.988910432304286600e-06,-1.068621698578266178e-06
3.960062645536511550e+00,6.600104769882789713e-01,1.797742727332027180e-05,-2.137176771586892787e-06,1.980078517834284124e+00,3.300130616109870907e-01,8.988927855298875958e-06,-1.068613836594227100e-06
5.940141163370795674e+00,9.900235385992660619e-01,2.696635512861914776e-05,-3.205790608181119887e-06,1.980109823234947442e+00,3.300183167112537008e-01,8.989069691321454405e-06,-1.068630439895974734e-06
7.920250986605743115e+00,1.320041855310519763e+00,3.595542481994060217e-05,-4.274421048077094622e-06,1.980141129376744580e+00,3.300234525664200724e-01,8.989212978229803969e-06,-1.068647589149309005e-06
9.900392115982487695e+00,1.650065307876939835e+00,4.494463779817040614e-05,-5.343068637226403627e-06,1.980172436219296728e+00,3.300288268029309968e-01,8.989353350366041304e-06,-1.068664738345379613e-06
1.188056455220178442e+01,1.980094134679870832e+00,5.393399114853644744e-05,-6.411733375571783240e-06,1.980204220687346250e+00,3.300339625878565553e-01,8.989496627701810646e-06,-1.068681159949596336e-06
1.386076877288913067e+01,2.310128097267727387e+00,6.292348777623825808e-05,-7.480414535521379576e-06,1.980235052206703372e+00,3.300392175441442255e-01,8.989642811020631024e-06,-1.068698309362653915e-06
1.584100382509583405e+01,2.640167314811871613e+00,7.191313058725888911e-05,-8.549112844884033491e-06,1.980265884258260556e+00,3.300444724643423200e-01,8.989777349035826728e-06,-1.068715458607430612e-06
1.782126970935409460e+01,2.970211787276213933e+00,8.090290793629471584e-05,-9.617828303491464102e-06,1.980297670970799118e+00,3.300494889324174785e-01,8.989923523226308558e-06,-1.068732608128012247e-06
1.980156738032489372e+01,3.300261276208631411e+00,8.989283145952102439e-05,-1.068656091161947635e-05,1.980329458321850922e+00,3.300549821993610244e-01,8.990063872424256712e-06,-1.068749030053638163e-06
2.178189683864674464e+01,3.630316258407992436e+00,9.888289533194528111e-05,-1.175530994167311451e-05,1.980361246541843201e+00,3.300602370146461517e-01,8.990210037159845078e-06,-1.068765451919668534e-06
2.376225808518858784e+01,3.960376495422638587e+00,1.078731053691051262e-04,-1.282407539359278305e-05,1.980393035377225885e+00,3.300654917851937320e-01,8.990350377451641591e-06,-1.068784056787972319e-06
2.574265112056581373e+01,4.290441987207832319e+00,1.168634557465567678e-04,-1.389285945038075537e-05,1.980422917677177708e+00,3.300705081166430688e-01,8.990502352899248928e-06,-1.068799751110480504e-06
2.772307403824299143e+01,4.620512495324475388e+00,1.258539580994560167e-04,-1.496165920149123587e-05,1.980454707639783152e+00,3.300755244069986105e-01,8.990631043951421292e-06,-1.068816900896784846e-06
2.970352874588277459e+01,4.950588019731473999e+00,1.348445891434074380e-04,-1.603047610238802072e-05,1.980486499001266054e+00,3.300810174910298045e-01,8.990783010388387004e-06,-1.068834050625829760e-06
3.168401524488404064e+01,5.280669037222503803e+00,1.438353721537958250e-04,-1.709931015301385048e-05,1.980518290770543643e+00,3.300865105463648419e-01,8.990923332424170496e-06,-1.068849745212891746e-06
3.366453353565458428e+01,5.610755547768868645e+00,1.528262954862199955e-04,-1.816815989822674222e-05,1.980546267955709538e+00,3.300915267210040582e-01,8.991063649504364014e-06,-1.068868350354705858e-06
3.564507980361029382e+01,5.940847074489872703e+00,1.618173591357243595e-04,-1.923702824858144808e-05,1.980581876466068536e+00,3.300965428771220900e-01,8.991203962516929136e-06,-1.068884044935171151e-06
3.762566168007636236e+01,6.270943617366994793e+00,1.708085630982412886e-04,-2.030591229351661923e-05,1.980613670426507156e+00,3.301020358071014016e-01,8.991344270574012703e-06,-1.068902650187645036e-06
3.960627535050286951e+01,6.601045653174096195e+00,1.797999073688153013e-04,-2.137481494370426427e-05,1.980641650183798674e+00,3.301070518924946740e-01,8.991496213942490106e-06,-1.068918344983568405e-06
4.158691700068666819e+01,6.931152705066590869e+00,1.887914035827577915e-04,-2.244373328868783267e-05,1.980673445582304737e+00,3.301125447593715734e-01,8.991636512989230204e-06,-1.068935495032141252e-06
4.356759044626897293e+01,7.261265249825962442e+00,1.977830400957470217e-04,-2.351266878371997392e-05,1.980705241711056885e+00,3.301175607639512677e-01,8.991776807524496642e-06,-1.068952645134483751e-06
4.554829568798002981e+01,7.591382810589913710e+00,2.067748169032715183e-04,-2.458162142885445767e-05,1.980737038016940232e+00,3.301230535581192171e-01,8.991905458705350953e-06,-1.068969795290609454e-06
4.752903272599697004e+01,7.921505864148032927e+00,2.157667223619768693e-04,-2.565059122414506713e-05,1.980768837288280793e+00,3.301285463274314935e-01,8.992080661086084697e-06,-1.068985490403333310e-06
4.950980156328525084e+01,8.251634410475464421e+00,2.247588030230629540e-04,-2.671957671454840044e-05,1.980800633902205732e+00,3.301326085646199004e-01,8.992186025323466300e-06,-1.069004095762628214e-06
5.149060219718745657e+01,8.581767019040084321e+00,2.337509890483864203e-04,-2.778858081031102865e-05,1.980832434771983230e+00,3.301385780876131548e-01,8.992361218275544271e-06,-1.069019790979801397e-06
5.347143463195943980e+01,8.911905597127697476e+00,2.427433502666619645e-04,-2.885760060129083005e-05,1.980860418340661511e+00,3.301445475736546342e-01,8.992489851188920124e-06,-1.069035486135063248e-06
5.545229505030010131e+01,9.242050144701352110e+00,2.517358401178508846e-04,-2.992663608742589330e-05,1.980896033851045956e+00,3.301486097053665247e-01,8.992618479904969896e-06,-1.069054091768281830e-06
5.743319108415114727e+01,9.572198754406718635e+00,2.607284585977558545e-04,-3.099569017919417513e-05,1.980924020055461199e+00,3.301545790908271272e-01,8.992770381519845854e-06,-1.069072697570978153e-06
5.941411510420660846e+01,9.902353333497545762e+00,2.697212289792757004e-04,-3.206476287676515328e-05,1.980959638476925022e+00,3.301595948235149791e-01,8.992922277865445044e-06,-1.069088392774998608e-06
6.139507474268353349e+01,1.023251292832106074e+01,2.787141512571411454e-04,-3.313385126954015189e-05,1.980987624735995212e+00,3.301646105223010608e-01,8.993050893374475788e-06,-1.069104088250198356e-06
6.337606236741952870e+01,1.056267753884336180e+01,2.877072021505156212e-04,-3.420295535779035024e-05,1.981015613073687121e+00,3.301696261554845080e-01,8.993202780710409135e-06,-1.069122694104780529e-06
6.535707798049321582e+01,1.089284716499884631e+01,2.967004049312260304e-04,-3.527207805189513077e-05,1.981051233834151049e+00,3.301755954242064917e-01,8.993354662999164528e-06,-1.069138389573407301e-06
6.733812921432736687e+01,1.122302276042305280e+01,3.056937595942251949e-04,-3.634121644146853807e-05,1.981086853883468279e+00,3.301806110173313158e-01,8.993483265301365978e-06,-1.069154085091155208e-06
6.931921606821083515e+01,1.155320337144038412e+01,3.146872428595265609e-04,-3.741037052655969328e-05,1.981114844491287386e+00,3.301856265419633729e-01,8.993635138358573554e-06,-1.069172691108652309e-06
7.130033091270212253e+01,1.188338899798234749e+01,3.236808779978851344e-04,-3.847954321766834559e-05,1.981142834089922644e+00,3.301906420298106326e-01,8.993763731404019485e-06,-1.069191297295637316e-06
7.328147374679204518e+01,1.221357964001215812e+01,3.326746417292891539e-04,-3.954873451496398291e-05,1.981178457998552744e+00,3.301956575173825570e-01,8.993915595673768453e-06,-1.069206992973196623e-06
7.526265220479059792e+01,1.254377529752954068e+01,3.416685573249629224e-04,-4.061794150793717953e-05,1.981206450738923763e+00,3.302016266056089222e-01,8.994067454896502098e-06,-1.069222688699877064e-06
7.724385865552952168e+01,1.287397692413514960e+01,3.506626247798594245e-04,-4.168716419663705660e-05,1.981242074470287662e+00,3.302066419849012391e-01,8.994196034513562022e-06,-1.069241294938768250e-06
7.922510072999980935e+01,1.320418356612005084e+01,3.596568208143729865e-04,-4.275640549157582484e-05,1.981270066757844006e+00,3.302116573667941424e-01,8.994324609933621126e-06,-1.069256990769925123e-06
8.120637079675765335e+01,1.353439522348684498e+01,3.686511454243066076e-04,-4.382566248234574997e-05,1.981298063473673210e+00,3.302176263462879291e-01,8.994499729880918708e-06,-1.069272686650203131e-06
8.318766886023132656e+01,1.386461284983313291e+01,3.776456451541875263e-04,-4.489493516899595310e-05,1.981333689404749521e+00,3.302216879865316201e-01,8.994628296069863676e-06,-1.069291293163065430e-06
8.516900254963607608e+01,1.419483453781966453e+01,3.866402734502573900e-04,-4.596422646215901853e-05,1.981369318126596113e+00,3.302276568519690869e-01,8.994780132227226093e-06,-1.069309899623343922e-06
8.715037186776267220e+01,1.452506219467163362e+01,3.956350535824846161e-04,-4.703353636178236245e-05,1.981389678639430940e+00,3.302336257207958425e-01,8.994885415869761577e-06,-1.069325595663467212e-06
8.913176154640210314e+01,1.485529582039242946e+01,4.046299389983543777e-04,-4.810286195744582966e-05,1.981432945494773890e+00,3.302376872536090247e-01,8.995083789820274359e-06,-1.069344202234463075e-06
9.111319449189687703e+01,1.518553350764603849e+01,4.136250227881746520e-04,-4.917220615968029274e-05,1.981460939833198154e+00,3.302427024694125635e-01,8.995189065094503795e-06,-1.069356987894201053e-06
9.309465543173007518e+01,1.551577621011545105e+01,4.226202118532691558e-04,-5.024156314757449379e-05,1.981488939014084849e+00,3.302486711873271474e-01,8.995340882346090829e-06,-1.069375594680715979e-06
9.507614437074416003e+01,1.584602488130277820e+01,4.316155527356152466e-04,-5.131093874225520977e-05,1.981516938890408142e+00,3.302536862410292429e-01,8.995492694994860171e-06,-1.069394201414674206e-06
9.705766130963456817e+01,1.617627856754380744e+01,4.406110454306101068e-04,-5.238033294366988398e-05,1.981552567679017329e+00,3.302587013540225769e-01,8.995597957666323554e-06,-1.069406987107663308e-06
9.903921387731358550e+01,1.650653726889783002e+01,4.496066433882764304e-04,-5.344973993077754728e-05,1.981588206492133963e+00,3.302656234846104155e-01,8.995796306237018730e-06,-1.069431415162795933e-06
1.010208020838057195e+02,1.683680289238244043e+01,4.586024396945134491e-04,-5.451917134594034322e-05,1.981616203936795273e+00,3.302687313811105696e-01,8.995901560096520536e-06,-1.069438379848412627e-06
1.030024182877425147e+02,1.716707162376355100e+01,4.675983412546099696e-04,-5.558860972578875585e-05,1.981644206684364917e+00,3.302737461934555085e-01,8.996053354283983176e-06,-1.069462808020483233e-06
1.049840624944268797e+02,1.749734536995700651e+01,4.765943946088939528e-04,-5.665807253380923908e-05,1.981679843226373805e+00,3.302806683055443671e-01,8.996205143646800358e-06,-1.069481415034348579e-06
1.069657423376532535e+02,1.782762603826255088e+01,4.855905997525407532e-04,-5.772755394884358766e-05,1.981715475601120602e+00,3.302856832439360346e-01,8.996310385125960186e-06,-1.069494200976148527e-06
1.089474578132543741e+02,1.815791172150648691e+01,4.945869101376667134e-04,-5.879704814981973618e-05,1.981735852448096580e+00,3.302906981512947482e-01,8.996508708317488279e-06,-1.069506987068760998e-06
1.109291936657024706e+02,1.848820241965778166e+01,5.035834188459842016e-04,-5.986655513688849718e-05,1.981779119471184458e+00,3.302957128085175498e-01,8.996613940984903371e-06,-1.069531415487202995e-06
1.129109727851736551e+02,1.881849813246629921e+01,5.125800327869691050e-04,-6.093608655237570018e-05,1.981799492547807517e+00,3.303007276461222830e-01,8.996765711887064372e-06,-1.069544201573289924e-06
1.148927722777214626e+02,1.914879886011242149e+01,5.215767984988561694e-04,-6.200563075394899010e-05,1.981835132998341464e+00,3.303057423393020997e-01,8.996917477742697941e-06,-1.069562808854655051e-06
1.168746074107198041e+02,1.947910460245172359e+01,5.305737159765988673e-04,-6.307519356280364515e-05,1.981870768821053730e+00,3.303107569956722500e-01,8.997022698252195132e-06,-1.069581416305521635e-06
1.188564781795408578e+02,1.980941535944739584e+01,5.395707386748510625e-04,-6.414477497910916679e-05,1.981898782930059610e+00,3.303176789567316973e-01,8.997220996065044031e-06,-1.069594202535942978e-06
1.208383769624709174e+02,2.013973303840412754e+01,5.485679596709161065e-04,-6.521436918164510977e-05,1.981926786584338629e+00,3.303207863170598557e-01,8.997326207319466217e-06,-1.069612810091313099e-06
1.228203037490552560e+02,2.047005382472118740e+01,5.575652858782355727e-04,-6.628398199173642286e-05,1.981962430179166290e+00,3.303277080870330451e-01,8.997477955158695445e-06,-1.069631417594153625e-06
1.248022661792344223e+02,2.080038153280822044e+01,5.665627638333942681e-04,-6.735361340933057649e-05,1.981990440888935723e+00,3.303327225959549196e-01,8.997629697951722502e-06,-1.069650025266522713e-06
1.267842566201233581e+02,2.113071425540417536e+01,5.755603935313459906e-04,-6.842326343459709920e-05,1.982026080158590275e+00,3.303358299769314499e-01,8.997734896826615862e-06,-1.069662811693496357e-06
1.287662827002819483e+02,2.146105008538110681e+01,5.845581284281726065e-04,-6.949292624629059556e-05,1.982054098291968103e+00,3.303427516342090087e-01,8.997933169483372275e-06,-1.069681419470382535e-06
1.307483367985739164e+02,2.179139283701531582e+01,5.935560615976559788e-04,-7.056260766576097809e-05,1.982089739041271059e+00,3.303496732485697862e-01,8.998038359547279839e-06,-1.069700027194725564e-06
1.327304265376151875e+02,2.212174251026388561e+01,6.025540999572032586e-04,-7.163230769295570366e-05,1.982125386680195334e+00,3.303527805307737708e-01,8.998190083880680708e-06,-1.069712813766047176e-06
1.347125519242953828e+02,2.245209529079465938e+01,6.115522900410839393e-04,-7.270202050672175083e-05,1.982145766961650679e+00,3.303577948633567019e-01,8.998341803611534934e-06,-1.069731421705943149e-06
1.366946976912570335e+02,2.278245308565801608e+01,6.205506318446954743e-04,-7.377175192842769398e-05,1.982181416126849172e+00,3.303647163650147434e-01,8.998493518074576064e-06,-1.069750029704318278e-06
1.386768791073838827e+02,2.311281780202303082e+01,6.295491253627700503e-04,-7.484150195813201226e-05,1.982217059650821511e+00,3.303678234160507543e-01,8.998598691575994402e-06,-1.069768637650177364e-06
1.406590961670347042e+02,2.344318562543908158e+01,6.385477240543460447e-04,-7.591127059578218963e-05,1.982237448396432455e+00,3.303747449784140144e-01,8.998796933612496218e-06,-1.069781424418105487e-06
1.426413336154311366e+02,2.377356037041749559e+01,6.475465209879585409e-04,-7.698105202020029511e-05,1.982273093262250541e+00,3.303797591635202480e-01,8.998902098081317837e-06,-1.069800032579517517e-06
1.446236067086933872e+02,2.410394012958101584e+01,6.565454230860398588e-04,-7.805085205277981263e-05,1.982308745569952180e+00,3.303847733118203678e-01,8.999053794307102644e-06,-1.069818640688413505e-06
1.466059154542633394e+02,2.443432490289283621e+01,6.655444768803469614e-04,-7.912067069346822613e-05,1.982344391867997047e+00,3.303897875674728368e-01,8.999158951024854511e-06,-1.069831427711711897e-06
1.485882598461313364e+02,2.476471469046030904e+01,6.745436358313718159e-04,-8.019050212117993803e-05,1.982364783574809053e+00,3.303948014998958627e-01,8.999357172705352119e-06,-1.069855857186458189e-06
1.505706246297061455e+02,2.509510949196020491e+01,6.835429930040771681e-04,-8.126035797836639622e-05,1.982400431214415448e+00,3.303998158337968505e-01,8.999462320612660292e-06,-1.069862823046787608e-06
1.525530250609205609e+02,2.542550930779400176e+01,6.925424553246898283e-04,-8.233022080141318383e-05,1.982436086663938113e+00,3.304067368821463901e-01,8.999613998379903113e-06,-1.069887252638505762e-06
1.545354611475844990e+02,2.575591604467614815e+01,7.015420693230697315e-04,-8.340010805405168959e-05,1.982456473382569584e+00,3.304098438104929869e-01,8.999765671323205207e-06,-1.069900039747442573e-06
1.565179176209670686e+02,2.608632588848664113e+01,7.105418349943929367e-04,-8.447000809379913216e-05,1.982492130357542237e+00,3.304167649310763011e-01,8.999917339442566576e-06,-1.069918648293434666e-06
1.585004097513246109e+02,2.641674265341771743e+01,7.195417523338355032e-04,-8.553992674209256683e-05,1.982527788232545163e+00,3.304217788252792332e-01,9.000069002737987219e-06,-1.069937256897946572e-06
1.604829375395571560e+02,2.674716443224299667e+01,7.285418213365734905e-04,-8.660986399899051340e-05,1.982563439453230103e+00,3.304267926826796042e-01,9.000174129457057595e-06,-1.069955865338893027e-06
1.624655009790103861e+02,2.707759122492567627e+01,7.375419954660305481e-04,-8.767981986432940643e-05,1.982583828763608835e+00,3.304318066628084694e-01,9.000325783942359804e-06,-1.069968652866521612e-06
1.644480848077739950e+02,2.740802303158848474e+01,7.465423212499729079e-04,-8.874978851719592804e-05,1.982634759197225094e+00,3.304368204504122275e-01,9.000477433603721288e-06,-1.069987261523061670e-06
1.664307195669712200e+02,2.773845985203889697e+01,7.555427986835766292e-04,-8.981977577871898971e-05,1.982639879577561715e+00,3.304418342011992138e-01,9.000629078441467305e-06,-1.070005870238094434e-06
1.684133594465487818e+02,2.806890168624009618e+01,7.645434277620180965e-04,-9.088978164895708414e-05,1.982690811810755349e+00,3.304487552537267447e-01,9.000780718233444833e-06,-1.070018657799089341e-06
1.703960502583595371e+02,2.839935044149382293e+01,7.735442084802515413e-04,-9.195980030675617348e-05,1.982711203896371899e+00,3.304518617594425223e-01,9.000932353645462423e-06,-1.070037266618679853e-06
1.723787614622559090e+02,2.872980230325326545e+01,7.825451408338970037e-04,-9.302983757337485334e-05,1.982746859230189784e+00,3.304587825727693939e-01,9.001037454772048939e-06,-1.070055875496817282e-06
1.743615083214860988e+02,2.906026108582603484e+01,7.915461782886690527e-04,-9.409989344887167062e-05,1.982782515187551553e+00,3.304637963471321882e-01,9.001142552109565702e-06,-1.070068663313209563e-06
1.763442908366736503e+02,2.939072488217316703e+01,8.005473208407786184e-04,-9.516996211218488018e-05,1.982802917207777682e+00,3.304669025793280923e-01,9.001340703127837239e-06,-1.070093093533371954e-06
1.783270937538814280e+02,2.972119178475249512e+01,8.095486615439064556e-04,-9.624005520571825214e-05,1.982838591270848383e+00,3.304738234510082862e-01,9.001538847843966809e-06,-1.070105881343326785e-06
1.803099323451522764e+02,3.005166560820350341e+01,8.185502003917504224e-04,-9.731016108706157892e-05,1.982874232610981835e+00,3.304807442855199895e-01,9.001550876000649279e-06,-1.070118669193098940e-06
1.822928065777632582e+02,3.038214635248902340e+01,8.275517512677510717e-04,-9.838027975625467786e-05,1.982909908289002487e+00,3.304838505861589226e-01,9.001749011907202516e-06,-1.070137278338871675e-06
1.842757164860522607e+02,3.071263020307518232e+01,8.365535002796582742e-04,-9.945041703459354954e-05,1.982930313451419124e+00,3.304888638322651673e-01,9.001947141955702995e-06,-1.070161708916590390e-06
1.862586467995036799e+02,3.104311906690744749e+01,8.455554474216139772e-04,-1.005205787435101399e-04,1.982965973704324369e+00,3.304957845559499674e-01,9.002052212864490761e-06,-1.070174496923219495e-06
1.882416127732080042e+02,3.137361485146339746e+01,8.545574996344784680e-04,-1.015907532404333594e-04,1.983001634580688233e+00,3.304988909368162808e-01,9.002157280428189565e-06,-1.070187284858670727e-06
1.902246144077886925e+02,3.170411374240021374e+01,8.635596569149066575e-04,-1.026609405252920301e-04,1.983037313949779445e+00,3.305077183720719347e-01,9.002355395587233189e-06,-1.070211715729205344e-06
1.922076517217384719e+02,3.203462146077228567e+01,8.725620123104938907e-04,-1.037311522410212355e-04,1.983057704200007265e+00,3.305089175343880470e-01,9.002460454119744736e-06,-1.070224503769227876e-06
1.941907094259384792e+02,3.236513037830667372e+01,8.815644727646136354e-04,-1.048013767447904634e-04,1.983093385276987419e+00,3.305158381179964522e-01,9.002658558572291907e-06,-1.070237291960103587e-06
1.961738028112154666e+02,3.269564621642467017e+01,8.905671313231859273e-04,-1.058716140367505670e-04,1.983113776592290378e+00,3.305189439905404925e-01,9.002763608739424751e-06,-1.070261722901423053e-06
1.981569165878077570e+02,3.302616516041521066e+01,8.995698949319253521e-04,-1.069418757596519900e-04,1.983164713424116599e+00,3.305296787854885565e-01,9.002868654895985340e-06,-1.070274511085861314e-06
2.001400813012318736e+02,3.335669483920069922e+01,9.085727635868213374e-04,-1.080121502707378513e-04,1.983185124500550955e+00,3.305289706875456091e-01,9.003066744459509337e-06,-1.070287299421166308e-06
2.021232664257324245e+02,3.368722380988824483e+01,9.175758303312808468e-04,-1.090824375701590176e-04,1.983220790293927394e+00,3.305358907349500441e-01,9.003171782028971878e-06,-1.070311730655328780e-06
2.041064872160263519e+02,3.401775970062319487e+01,9.265790021133098187e-04,-1.101527493008143464e-04,1.983241202803043279e+00,3.305428111335828589e-01,9.003369861108044027e-06,-1.070324518984182771e-06
2.060897284188293952e+02,3.434830251175677773e+01,9.355823719744178627e-04,-1.112230738197985292e-04,1.983276869935764353e+00,3.305497310912173248e-01,9.003474889868689178e-06,-1.070348950236844443e-06
2.080730052887651595e+02,3.467885224284799506e+01,9.445858468642865519e-04,-1.122934227700353736e-04,1.983312537691432453e+00,3.305528371429744539e-01,9.003579915062526022e-06,-1.070361738781332693e-06
2.100563178264565920e+02,3.500940507999096951e+01,9.535894267793490779e-04,-1.133637845088167063e-04,1.983348225779735685e+00,3.305559431697702166e-01,9.003777979253117097e-06,-1.070374527254643071e-06
2.120396660522363277e+02,3.533996102316073973e+01,9.625932047586021950e-04,-1.144341590360713494e-04,1.983383915043049228e+00,3.305628630129433532e-01,9.003976037363827650e-06,-1.070398958800134197e-06
2.140230499672793769e+02,3.567052388617368308e+01,9.715971807959660226e-04,-1.155045579948714836e-04,2.001673480423562523e+00,3.336214877317402738e-01,1.421540663121297456e-04,-4.946826809216522925e-05
2.160247234477029394e+02,3.600414537390542336e+01,1.113751247108095768e-03,-1.649728260870367128e-04,2.121912272253268839e+00,3.537895178024186293e-01,1.007832470861836673e-03,-3.641257479718008438e-04
2.181466357199562083e+02,3.635793489170784198e+01,2.121583717969932441e-03,-5.290985740588375567e-04,2.124461425538044068e+00,3.540188036815905548e-01,1.009176584729238636e-03,-3.646128940719437026e-04
2.202710971454942523e+02,3.671195369538943254e+01,3.130760302699171077e-03,-8.937114681307812593e-04,2.127104097133354799e+00,3.546395637100161480e-01,1.010514774455224460e-03,-3.650958506892934899e-04
2.223982012426276071e+02,3.706659325909944869e+01,4.141275077154395537e-03,-1.258807318820074749e-03,2.129707346225018227e+00,3.551100430541040964e-01,1.011868452324285635e-03,-3.655846983332470927e-04
2.245279085888526254e+02,3.742170330215355278e+01,5.153143529478681172e-03,-1.624392017153321842e-03,2.132314423347736465e+00,3.555828874596187461e-01,1.013225508234258908e-03,-3.660753399787521761e-04
2.266602230122003618e+02,3.777728618961317153e+01,6.166369037712940079e-03,-1.990467357132074018e-03,2.134925671277045467e+00,3.560504998979467928e-01,1.014587393090446432e-03,-3.665671251348095669e-04
2.287951486834774073e+02,3.813333668951111832e+01,7.180956430803386512e-03,-2.357034482266883585e-03,2.137541021576339517e+00,3.565280739392875375e-01,1.015953702870255049e-03,-3.670607095301444897e-04
2.309326897050537468e+02,3.848986476345040586e+01,8.196910133673641560e-03,-2.724095191797028075e-03,2.140144832478853232e+00,3.570003906693202111e-01,1.017323297220595890e-03,-3.675557224751043600e-04
2.330728345375326001e+02,3.884686515411972607e+01,9.214233430894237450e-03,-3.091650914272132435e-03,2.142768134898688004e+00,3.574750541925695302e-01,1.018697253863359853e-03,-3.680521664228605244e-04
2.352156026724312881e+02,3.920434020831229560e+01,1.023293068475759730e-02,-3.459703080694992959e-03,2.145380142618989794e+00,3.579558470381840607e-01,1.020075539821014773e-03,-3.685502308141395435e-04
2.373609828150502778e+02,3.956229605535047966e+01,1.125300622457861208e-02,-3.828253311509132503e-03,2.147980979696882287e+00,3.584351782339396664e-01,1.021458858104678721e-03,-3.690493572516442659e-04
2.395089637947471601e+02,3.992073123358441933e+01,1.227446508268329080e-02,-4.197302668760776768e-03,2.150616459347759246e+00,3.589129907802259822e-01,1.022844967116867676e-03,-3.695508574818907876e-04
2.416595802540949194e+02,4.027964422436464531e+01,1.329731004980015847e-02,-4.566853526242667556e-03,2.153241158985764514e+00,3.593931203494875604e-01,1.024237512276133730e-03,-3.700536122586183321e-04
2.438128214130806839e+02,4.063903734471413287e+01,1.432154756207629220e-02,-4.936907138501285888e-03,2.155853797380842707e+00,3.598793514132978544e-01,1.025631315673503768e-03,-3.705576238039022877e-04
2.459686752104615266e+02,4.099891669612743073e+01,1.534717887774979597e-02,-5.307464762305188176e-03,2.158471064539696727e+00,3.603602736068935997e-01,1.027031487180835034e-03,-3.710632689975937662e-04
2.481271462750012233e+02,4.135927696973432433e+01,1.637421036493063101e-02,-5.678528031302781942e-03,2.161108149037062276e+00,3.608472624747349755e-01,1.028436520491234074e-03,-3.715705506335334474e-04
2.502882544240382856e+02,4.172012423220905930e+01,1.740264688542186508e-02,-6.050098581936315389e-03,2.163733685524817929e+00,3.613365114771127651e-01,1.029844916849643327e-03,-3.720794715158315738e-04
2.524519881095631035e+02,4.208146074368617207e+01,1.843249180227150841e-02,-6.422178053452146963e-03,2.166363171618883143e+00,3.618204323460929572e-01,1.031256646449835862e-03,-3.725900344584785057e-04
2.546183512811819867e+02,4.244328117603226502e+01,1.946374844872134427e-02,-6.794768087910625469e-03,2.168997713693869400e+00,3.623104039550710809e-01,1.032676059165710258e-03,-3.731018670769916182e-04
2.567873489948758561e+02,4.280559157998733610e+01,2.049642450788705453e-02,-7.167869954987617087e-03,2.171619908119907905e+00,3.628025918523576365e-01,1.034095815252090295e-03,-3.736157223430732616e-04
2.589589689029957640e+02,4.316839417183969374e+01,2.153052032313914482e-02,-7.541485677330690349e-03,2.174262742938708470e+00,3.632932001226407692e-01,1.035523181376292456e-03,-3.741316036616464807e-04
2.611332316459344725e+02,4.353168737196233451e+01,2.256604350451543728e-02,-7.915617280992336829e-03,2.176893951604313315e+00,3.637898556759253665e-01,1.036953743637162445e-03,-3.746480119296569100e-04
2.633101255975387858e+02,4.389547722763825988e+01,2.360299724815259972e-02,-8.290265292921993739e-03,2.178468778731314615e+00,3.642831407646980324e-01,1.031278138664194766e-03,-3.725803974782455896e-04
2.654885943762701004e+02,4.425976036840295791e+01,2.463427538681679449e-02,-8.662845690400239329e-03,2.176988196422541932e+00,3.644172167696737574e-01,1.006769983437256349e-03,-3.636666346735050598e-04
2.676655825726926423e+02,4.462417758517263167e+01,2.564104537025405084e-02,-9.026512325073744389e-03,2.178961578655446374e+00,3.635568392190151599e-01,1.008071653469617968e-03,-3.641448964454320480e-04
2.698445441513480887e+02,4.498773442439164683e+01,2.664911702372366881e-02,-9.390657221519176437e-03,2.181866786168257022e+00,3.647997378858818252e-01,1.009453888579581876e-03,-3.646416893453175573e-04
2.720264109375163457e+02,4.535253416227752865e+01,2.765857091230325068e-02,-9.755298910864493994e-03,2.184425557473673507e+00,3.652891341998696362e-01,1.010816437023730890e-03,-3.651337090297898658e-04
2.742108364949900192e+02,4.571782329647739829e+01,2.866938734932698157e-02,-1.012043261989428386e-02,2.186988264201602306e+00,3.657732858237636719e-01,1.012182507856999869e-03,-3.656262192613269485e-04
2.763978247591916215e+02,4.608359658230116196e+01,2.968156985718398144e-02,-1.048605883915561081e-02,2.189522676692547520e+00,3.662558977295446994e-01,1.013549181712307401e-03,-3.661207274838849252e-04
2.785873474358841690e+02,4.644985248003070666e+01,3.069511903889628884e-02,-1.085217956663949573e-02,2.192125471411827675e+00,3.667445437792622442e-01,1.014925102748857888e-03,-3.666164835144196388e-04
2.807794729072959967e+02,4.681659702380996890e+01,3.171004414164514673e-02,-1.121879605015391537e-02,2.194667711514853181e+00,3.672316313751906591e-01,1.016298681212640664e-03,-3.671142432796412058e-04
2.829741406188108499e+02,4.718382865518515956e+01,3.272634282285778740e-02,-1.158591029343355658e-02,2.197215391389931938e+00,3.677209602256112930e-01,1.017681436787265525e-03,-3.676132560645178210e-04
2.851713560102007818e+02,4.755154961541077085e+01,3.374402425964505292e-02,-1.195352354949807440e-02,2.199798531360897869e+00,3.682125202443629064e-01,1.019067560040956555e-03,-3.681135240727814728e-04
2.873711545415616797e+02,4.791976213565513376e+01,3.476309181968600948e-02,-1.232163707357085587e-02,2.202385650291034835e+00,3.687024612125213707e-01,1.020457021849233148e-03,-3.686165586628004781e-04
2.895735401918527145e+02,4.828846459686765513e+01,3.578354884153524262e-02,-1.269025363223365635e-02,2.204945111231666033e+00,3.691984547506095282e-01,1.021849793111685722e-03,-3.691193448746923900e-04
2.917784853030843806e+02,4.865766305161826466e+01,3.680539863464692835e-02,-1.305937297710834874e-02,2.207510090563062022e+00,3.696928479994241457e-01,1.023251583947677734e-03,-3.696241481013877450e-04
2.939859953936474426e+02,4.902735589961768881e+01,3.782865021859460608e-02,-1.342899712520973649e-02,2.210109878239279624e+00,3.701893971956806695e-01,1.024653741808427554e-03,-3.701309716949985340e-04
2.961961052718867222e+02,4.939754529681336948e+01,3.885330396040303363e-02,-1.379912809690473502e-02,2.212650202159352375e+00,3.706880908390246532e-01,1.026059113128391376e-03,-3.706398190209160559e-04
2.984087554740460746e+02,4.976823338765239413e+01,3.987936307353142501e-02,-1.416976791592565108e-02,2.215259530239165997e+00,3.711851581576723902e-01,1.027473390451880131e-03,-3.711506934562028293e-04
3.006240150042852406e+02,5.013941854581006652e+01,4.090683646398330514e-02,-1.454091860938185390e-02,2.217840266707128194e+00,3.716845061553186724e-01,1.028887947736881192e-03,-3.716605733830573993e-04
3.028418552709923688e+02,5.051110305196538519e+01,4.193572441172018633e-02,-1.491257918276491130e-02,2.220393939959194540e+00,3.721896500891972437e-01,1.030308477564467751e-03,-3.721739969013791033e-04
3.050622492109515633e+02,5.088329270205458243e+01,4.296603288928465408e-02,-1.528475317966629041e-02,2.223016023669629249e+00,3.726893840131921820e-01,1.031734939209723312e-03,-3.726894560398680278e-04
3.072852652346211926e+02,5.125598208606777462e+01,4.399776782849437740e-02,-1.565744263570615843e-02,2.225578377064209690e+00,3.731949682436379589e-01,1.033164442953420081e-03,-3.732069542210607327e-04
3.095108436116854023e+02,5.162917705431141258e+01,4.503093227144779748e-02,-1.603064958992721917e-02,2.228144595009155182e+00,3.737027934006462715e-01,1.034596959883539447e-03,-3.737234653555694674e-04
3.117389882066945574e+02,5.200287984771205885e+01,4.606552923133133692e-02,-1.640437305528278863e-02,2.230747484855783114e+00,3.742088599353579070e-01,1.036035304225156606e-03,-3.742435343435449036e-04
3.139697356915503406e+02,5.237708870764741675e+01,4.710156453555649353e-02,-1.677861658962633354e-02,2.233356060250287101e+00,3.747208204498875261e-01,1.037482275489415295e-03,-3.747641351113766006e-04
3.162030917518006277e+02,5.275180952809730428e+01,4.813904681104590882e-02,-1.715338072473771014e-02,2.264628220318229523e+00,3.779799687112799234e-01,1.198773789138754542e-03,-4.333979395670338464e-04
3.184677199721188572e+02,5.312978949680858420e+01,4.933782060018466337e-02,-1.758677866430474399e-02,2.274100857383075436e+00,3.837711857234182844e-01,1.222594773434955429e-03,-4.420246233152527737e-04
3.207418208295019326e+02,5.351356068253200249e+01,5.056041537361961880e-02,-1.802880328761999676e-02,2.276402765885904955e+00,3.832324650402512134e-01,1.224446724243141715e-03,-4.426967149030840154e-04
3.230182235953878376e+02,5.389679314757225370e+01,5.178486209786276051e-02,-1.847150000252308077e-02,2.279203180103024806e+00,3.831427843708610226e-01,1.226453981221883871e-03,-4.434257999460476662e-04
3.252974267754908624e+02,5.427993593194311472e+01,5.301131607908464438e-02,-1.891492580246912844e-02,2.282242995702915778e+00,3.837657932287470430e-01,1.228497191179490911e-03,-4.441633644949108395e-04
3.275796697711937782e+02,5.466370172517186177e+01,5.423981327026413529e-02,-1.935908916696403928e-02,2.285353568789787460e+00,3.843936497160527210e-01,1.230547950648204492e-03,-4.449063845748980894e-04
3.298650233399835656e+02,5.504809537488791449e+01,5.547036122091233978e-02,-1.980399555153893737e-02,2.288406216900398249e+00,3.850153715929778286e-01,1.232606189168559963e-03,-4.456503089160235298e-04
3.321534295568839639e+02,5.543311074648089232e+01,5.670296741008089975e-02,-2.024964586045496090e-02,2.291497504347205449e+00,3.856419931109158483e-01,1.234671836329234718e-03,-4.463981824996063330e-04
3.344449270612311693e+02,5.581875273959180817e+01,5.793763924641013446e-02,-2.069604404295456723e-02,2.294564728479315363e+00,3.862735761997058148e-01,1.236750439757558495e-03,-4.471484912461944072e-04
3.367394917897104847e+02,5.620502631579151398e+01,5.917438968616769296e-02,-2.114319253420076164e-02,2.297668910837899148e+00,3.869026333394529615e-01,1.238830679247945876e-03,-4.479012403423229816e-04
3.390371607005483838e+02,5.659192894913096694e+01,6.041322036541563884e-02,-2.159109377454308462e-02,2.300748982377342600e+00,3.875366165184814804e-01,1.240923720505382466e-03,-4.486564349964541898e-04
3.413379096829257264e+02,5.697946556564944842e+01,6.165414408592102130e-02,-2.203975020953953881e-02,2.303835455245518915e+00,3.881715949388606646e-01,1.243023868356597783e-03,-4.494171284537898381e-04
3.436417451381712453e+02,5.736763716058830909e+01,6.289716795427761908e-02,-2.248916733799332865e-02,2.306928333354619554e+00,3.888116345615202363e-01,1.245131052623291157e-03,-4.501772326831778026e-04
3.459486734715258649e+02,5.775644879514982932e+01,6.414229900690091024e-02,-2.293934457067650645e-02,2.310027619869913451e+00,3.894489034802290917e-01,1.247245203180272211e-03,-4.509428490005254475e-04
3.482587010913957783e+02,5.814589769863005841e+01,6.538954421008118245e-02,-2.339028741967703190e-02,2.313135149945026114e+00,3.900947409183785908e-01,1.249371826168452215e-03,-4.517109360758497782e-04
3.505718362413408045e+02,5.853599243954843701e+01,6.663891603624963467e-02,-2.384199835575288168e-02,2.316214685653790184e+00,3.907378583256644333e-01,1.251499685201704071e-03,-4.524830260085078992e-04
3.528880509269945946e+02,5.892673029787410144e+01,6.789041572145133874e-02,-2.429448138176138958e-02,2.319336843577730178e+00,3.913822422586790140e-01,1.253645424990762480e-03,-4.532545445680158380e-04
3.552073877705723248e+02,5.931811254013278045e+01,6.914406114644210122e-02,-2.474773592632940541e-02,2.322429083165673092e+00,3.920348507717719144e-01,1.255786698675126489e-03,-4.540331323320302703e-04
3.575298168537379979e+02,5.971014739090455237e+01,7.039984784511722771e-02,-2.520176905866143569e-02,2.325533209438958693e+00,3.926848716262583139e-01,1.257951233718718198e-03,-4.548126876719842115e-04
3.598553500631769566e+02,6.010283226253081068e+01,7.165779907883594591e-02,-2.565658174633341990e-02,2.328672700677543617e+00,3.933359178356212738e-01,1.260111169956959487e-03,-4.555947427875989275e-04
3.621840227638545002e+02,6.049616818036643195e+01,7.291791024879290539e-02,-2.611217648912101882e-02,2.331756816264885401e+00,3.939953035013985527e-01,1.262288630802577138e-03,-4.563808333781817217e-04
3.645157795801193856e+02,6.089016348386783051e+01,7.418019887959548253e-02,-2.656855732249920055e-02,2.334912812905599822e+00,3.946518600833002210e-01,1.264472435981559006e-03,-4.571709677279357786e-04
3.668506923930249854e+02,6.128481534395113073e+01,7.544467131557704154e-02,-2.702572829022713632e-02,2.337976701853619943e+00,3.953094787933295606e-01,1.266662515841093795e-03,-4.579620908842819971e-04
3.691886690948786054e+02,6.168012482274446029e+01,7.671133383141813533e-02,-2.748369038111141832e-02,2.341145397712921294e+00,3.959751701421225789e-01,1.268858800791292096e-03,-4.587603349503061034e-04
3.715298144925915267e+02,6.207609999288658287e+01,7.798019263220942743e-02,-2.794245071606172443e-02,2.344258493570919200e+00,3.966383666900910043e-01,1.271072233956088704e-03,-4.595565156732817069e-04
3.738740729861624459e+02,6.247273835957667387e+01,7.925126486616551613e-02,-2.840200723173500613e-02,2.347375936210141845e+00,3.973095847820360405e-01,1.273286191875638851e-03,-4.603598327063210260e-04
3.762214489223725877e+02,6.287004794435870991e+01,8.052455105804115498e-02,-2.886236706444132716e-02,2.350536468457846695e+00,3.979782759010959126e-01,1.275517110082086125e-03,-4.611610934017462693e-04
3.785719853908304344e+02,6.326802622025980583e+01,8.180006816812324111e-02,-2.932352815784307343e-02,2.353635348859882015e+00,3.986436323625568434e-01,1.277748407250423046e-03,-4.619725762580566275e-04
3.809256207396903164e+02,6.366666985262236267e+01,8.307781657537366415e-02,-2.978550073410113005e-02,2.356777311922257923e+00,3.993210351985823081e-01,1.279996476969733066e-03,-4.627850858812364299e-04
3.832823980516125744e+02,6.406599088782094498e+01,8.435781305234339722e-02,-3.024828581998236648e-02,2.359925542376856811e+00,4.000030533692324752e-01,1.282250251350716685e-03,-4.635986251565818450e-04
3.856423235939894312e+02,6.446599394119017745e+01,8.564006330369411391e-02,-3.071188444513894833e-02,2.363080028802073684e+00,4.006820675496953754e-01,1.284509661210436748e-03,-4.644162715872132696e-04
3.880054036227915049e+02,6.486667600873987283e+01,8.692457296490455065e-02,-3.117630071672616160e-02,2.366209507159908298e+00,4.013582713756989051e-01,1.286780094647679840e-03,-4.652349577609626863e-04
3.903716131299514132e+02,6.526803428011557173e+01,8.821135305955223049e-02,-3.164153567448712429e-02,2.369349048944286551e+00,4.020457994443518146e-01,1.289066904685831627e-03,-4.660639190289250777e-04
3.927409621788956997e+02,6.567008007955992355e+01,8.950041996423806212e-02,-3.210759959351604936e-02,2.372524097598272874e+00,4.027306770030492089e-01,1.291348193509928022e-03,-4.668908599372162405e-04
3.951134862764939726e+02,6.607281075656297276e+01,9.079176815774799014e-02,-3.257449045345326560e-02,2.375646628388608406e+00,4.034198556896768650e-01,1.293656565113709966e-03,-4.677219384342443109e-04
3.974891329048825810e+02,6.647623061225264962e+01,9.208542472286170011e-02,-3.304221239188750991e-02,2.378837976767329110e+00,4.041061467137012642e-01,1.295959263640872328e-03,-4.685540814985747482e-04
3.998679708816499101e+02,6.688033675896635089e+01,9.338138398650257244e-02,-3.351076647338608466e-02,2.408192610561513902e+00,4.063664884303506142e-01,1.424277810111257425e-03,-5.152053061285369329e-04
4.022761634922114240e+02,6.728670324739670150e+01,9.480566179661382986e-02,-3.402597177951462160e-02,2.458628916563156963e+00,4.164599492697647065e-01,1.637512921300640634e-03,-5.926845466437541399e-04
4.047347924087745810e+02,6.770316319666646621e+01,9.644317471791447050e-02,-3.461865632615837574e-02,2.467288261484782197e+00,4.275371255305202567e-01,1.641930792983845033e-03,-5.942214542672616395e-04
4.072020806702593632e+02,6.813070032219698646e+01,9.808510551089831553e-02,-3.521287778042563738e-02,2.468266785540095043e+00,4.216917845917436125e-01,1.645292152846575262e-03,-5.954674501809156806e-04
4.096703474557994582e+02,6.855239210678873008e+01,9.973039766374489079e-02,-3.580834523060655306e-02,2.472262608853782240e+00,4.225200990045721028e-01,1.649106471523095752e-03,-5.968452731408349643e-04
4.121426100646532404e+02,6.897491220579330218e+01,1.013795041352679865e-01,-3.640519050374738802e-02,2.476339033697115610e+00,4.234897425542953897e-01,1.652940507821387683e-03,-5.982346302827526441e-04
4.146189490983503561e+02,6.939840194834759757e+01,1.030324446430893742e-01,-3.700342513403014066e-02,2.480429018146026010e+00,4.244318831353126598e-01,1.656794018093363241e-03,-5.996293632901036896e-04
4.170993781164963821e+02,6.982283383148291023e+01,1.046892386611827375e-01,-3.760305449732024435e-02,2.484506906240028457e+00,4.253754492671077969e-01,1.660688195323251071e-03,-6.010356806080210945e-04
4.195838850227364105e+02,7.024820928075001802e+01,1.063499268565059885e-01,-3.820409017792826545e-02,2.488552178728127728e+00,4.263281724379197613e-01,1.664569151620012843e-03,-6.024474167972693195e-04
4.220724372014645382e+02,7.067453745318793779e+01,1.080144960081260014e-01,-3.880653759472553477e-02,2.492656722110837109e+00,4.272899896645583340e-01,1.668500953177540214e-03,-6.038645879635345937e-04
4.245650939235753754e+02,7.110182744285249612e+01,1.096829969613035416e-01,-3.941040218268906936e-02,2.496774631185132876e+00,4.282384030547774501e-01,1.672451148838738355e-03,-6.052934141156859904e-04
4.270618685547605082e+02,7.153006584590727357e+01,1.113554481101422799e-01,-4.001569559680475535e-02,2.500833828505108158e+00,4.292104540156600478e-01,1.676408848924684780e-03,-6.067277190239042661e-04
4.295627023832656164e+02,7.195927629992293362e+01,1.130318569590669647e-01,-4.062242331582865962e-02,2.504939998631300568e+00,4.301765476691201684e-01,1.680384511289365057e-03,-6.081706248123319725e-04
4.320676423818969170e+02,7.238945284759205379e+01,1.147122414703563298e-01,-4.123059394064099159e-02,2.509067498455351597e+00,4.311515065488009668e-01,1.684399115770257582e-03,-6.096190480249299992e-04
4.345767098803522686e+02,7.282060435414085475e+01,1.163966405861265874e-01,-4.184021298866592159e-02,2.513139846304738967e+00,4.321347901769740929e-01,1.688431090697856130e-03,-6.110792242708523725e-04
4.370898497266570075e+02,7.325273914431782885e+01,1.180850716768244435e-01,-4.245129221293677396e-02,2.517297426967274987e+00,4.331121972838758438e-01,1.692490769321458588e-03,-6.125449628025456117e-04
4.396071471536242825e+02,7.368585134160170469e+01,1.197775624461459021e-01,-4.306383717573931957e-02,2.521395424275794994e+00,4.341051056693743249e-01,1.696556723475906026e-03,-6.140225071203306295e-04
4.421285425779000775e+02,7.411995644727107901e+01,1.214741191696218081e-01,-4.367785968285965020e-02,2.525544505714663046e+00,4.350922716363356813e-01,1.700649862114822497e-03,-6.155025439703240564e-04
4.446540870836147405e+02,7.455504871890741470e+01,1.231747690317366306e-01,-4.429336222682997426e-02,2.529676209266540354e+00,4.360950441922142318e-01,1.704769872156633448e-03,-6.169913171044372202e-04
4.471837632928812809e+02,7.499114376309962893e+01,1.248795389038932641e-01,-4.491035354393441148e-02,2.533790310883375696e+00,4.370982739229418712e-01,1.708916440653199253e-03,-6.184950895998589382e-04
4.497175536037646566e+02,7.542824203702257080e+01,1.265884553445464633e-01,-4.552884863353427042e-02,2.537955448052400698e+00,4.381028846878081140e-01,1.713089254797711680e-03,-6.200014180987242773e-04
4.522555090518170573e+02,7.586634492171037891e+01,1.283015445993441750e-01,-4.614885005163299470e-02,2.542128895792814092e+00,4.391228801248558966e-01,1.717267066900229899e-03,-6.215165582919429665e-04
4.547976379476098714e+02,7.630546780183523481e+01,1.300188116662444049e-01,-4.677036660992493766e-02,2.546258364166362753e+00,4.401361112097106343e-01,1.721491506540190342e-03,-6.230436604997904859e-04
4.573438963117762341e+02,7.674560391304494544e+01,1.317403031727845952e-01,-4.739341027042472815e-02,2.550430323969465007e+00,4.411575667478331297e-01,1.725720391418550381e-03,-6.245765044798901044e-04
4.598943266357456991e+02,7.718676147979277857e+01,1.334660235642031456e-01,-4.801798677490461825e-02,2.554588314700311003e+00,4.421869227979726702e-01,1.729984794005462456e-03,-6.261182369898671274e-04
4.624489149504460102e+02,7.762894840259075124e+01,1.351960083582086081e-01,-4.864410501189448538e-02,2.558762572426985571e+00,4.432168496898185595e-01,1.734273934875546486e-03,-6.276688839621930027e-04
4.650076775228729957e+02,7.807216525228056980e+01,1.369302822930841546e-01,-4.927177389585667838e-02,2.624332493164104108e+00,4.451838343380103424e-01,2.015624694464590583e-03,-7.299818821504613919e-04
4.676320100160370998e+02,7.851734908661858015e+01,1.389459069875487451e-01,-5.000175577800713977e-02,2.804455876724659902e+00,5.050279009423235266e-01,2.703119733324987894e-03,-9.795820543430505678e-04
4.704364658927617597e+02,7.902237698756090367e+01,1.416490267208737330e-01,-5.098133783235019034e-02,2.804987569640445599e+00,4.927610283181707018e-01,2.712868479140595479e-03,-9.831794949397565375e-04
4.732414534624022053e+02,7.951513801587907437e+01,1.443618952000143285e-01,-5.196451732728994688e-02,2.812518590413105812e+00,4.957705210842391352e-01,2.724308849170270497e-03,-9.873302269186104430e-04
4.760539720528153111e+02,8.001090853696331351e+01,1.470862040491845990e-01,-5.295184755420855732e-02,2.819537286954982847e+00,4.978456239203268296e-01,2.735666749506426854e-03,-9.914325448703714683e-04
4.788735093397702940e+02,8.050875416088364034e+01,1.498218707986910259e-01,-5.394328009907892879e-02,2.826524391474720233e+00,4.997749701214928564e-01,2.747095642269298255e-03,-9.955838890796722684e-04
4.817000337312450142e+02,8.100852913100513319e+01,1.525689664409603241e-01,-5.493886398815860106e-02,2.833539517376038930e+00,5.017183885986611358e-01,2.758655030361434335e-03,-9.997718761409687960e-04
4.845335732486210532e+02,8.151024751960379433e+01,1.553276214713217585e-01,-5.593863586429956986e-02,2.840537815973277702e+00,5.036965629643646025e-01,2.770322150846521447e-03,-1.004002990951720353e-03
4.873741110645943309e+02,8.201394408256815893e+01,1.580979436221682799e-01,-5.694263885525129021e-02,2.847632811803578079e+00,5.056808307647173706e-01,2.782115121567813043e-03,-1.008271119904334545e-03
4.902217438763979089e+02,8.251962491333287630e+01,1.608800587437360929e-01,-5.795090997515562475e-02,2.854638052352129307e+00,5.076846633776028739e-01,2.794011294191572903e-03,-1.012582764559163961e-03
4.930763819287500382e+02,8.302730957671047918e+01,1.636740700379276658e-01,-5.896349273971478872e-02,7.805782684320661247e-01,1.402385903830491998e-01,7.643461603200341070e-04,-2.770073460006336474e-04
