Sigma_1,Sigma_2,Epsilon_1,Epsilon_2,dSigma_1,dSigma_2,dEpsilon_1,dEpsilon_2
-0.000000000000000000e+00,-0.000000000000000000e+00,0.000000000000000000e+00,0.000000000000000000e+00,9.899960935532473583e-01,-9.074958556086099996e-07,4.714268454316844569e-06,-1.319999098920757184e-06
9.899960935532473583e-01,-9.074958556086099996e-07,4.714268454316844569e-06,-1.319999098920757184e-06,9.900173489604423560e-01,9.074962950237809795e-07,4.714367009896574413e-06,-1.320018849296701180e-06
1.980013442513689714e+00,4.394151709457146335e-13,9.428635464213418982e-06,-2.640017948217458364e-06,9.900169081342689026e-01,2.206346207476242464e-13,4.714365520975382569e-06,-1.320022228890118780e-06
2.970030350647958617e+00,6.600497916933388799e-13,1.414300098518880155e-05,-3.960040177107577144e-06,9.900233815685735017e-01,2.197131380506439692e-13,4.714397864490969098e-06,-1.320031429313649992e-06
3.960053732216532119e+00,8.797629297439828491e-13,1.885739884967977065e-05,-5.280071606421227136e-06,9.900303319032666138e-01,2.200240146812969842e-13,4.714429479821321281e-06,-1.320040447693538653e-06
4.950084064119798732e+00,1.099786944425279833e-12,2.357182832950109193e-05,-6.600112054114765789e-06,9.900368054561328179e-01,2.202016047341583363e-13,4.714462549838928449e-06,-1.320049466217862525e-06
5.940120869575931550e+00,1.319988549159438170e-12,2.828629087934002038e-05,-7.920161520332628314e-06,9.900437558994701348e-01,2.194911051782679016e-13,4.714492708819401616e-06,-1.320057757239731757e-06
6.930164625475401685e+00,1.539479654337706071e-12,3.300078358815942200e-05,-9.240219277572360072e-06,9.900502295665596364e-01,2.206679242687534781e-13,4.714525777719440289e-06,-1.320067503476820081e-06
7.920214855041961322e+00,1.760147578606459549e-12,3.771530936587886228e-05,-1.056028678104918015e-05,9.900571801487876300e-01,2.197353291649232062e-13,4.714558846046996499e-06,-1.320075794341551149e-06
8.910272035190748952e+00,1.979882907771382756e-12,4.242986821192585878e-05,-1.188036257539073130e-05,9.900636539070433173e-01,2.201350094702299313e-13,4.714589003600615561e-06,-1.320085540758413745e-06
9.900335689097792269e+00,2.200017917241612687e-12,4.714445721552647434e-05,-1.320044811614914505e-05,9.900710814698623352e-01,2.200906487934909343e-13,4.714622070588585776e-06,-1.320093831799078638e-06
1.089040677056765460e+01,2.420108566035103621e-12,5.185907928611506012e-05,-1.452054194794822368e-05,9.900775553410596785e-01,2.198685253104620359e-13,4.714652227052107316e-06,-1.320102850410950142e-06
1.188048432590871428e+01,2.639977091345565657e-12,5.657373151316716744e-05,-1.584064479835917383e-05,9.900840293362502820e-01,2.201350442324099516e-13,4.714688203304859466e-06,-1.320111869278290170e-06
1.287056835524496456e+01,2.860112135577975609e-12,6.128841971647202690e-05,-1.716075666763746400e-05,9.900905033171500946e-01,2.195577431345384822e-13,4.714718358650839616e-06,-1.320120888068016570e-06
1.386065885856211466e+01,3.079669878712514091e-12,6.600313807512286652e-05,-1.848087755570548057e-05,9.900969773471306468e-01,2.200905586214220476e-13,4.714748513243502545e-06,-1.320129906891163502e-06
1.485075583590924531e+01,3.299760437333936138e-12,7.071788658836636906e-05,-1.980100746259664407e-05,9.901044052646348348e-01,2.201794222611917118e-13,4.714784487765068428e-06,-1.320138925747727578e-06
1.584086024117388014e+01,3.519939859595127850e-12,7.543267107613143749e-05,-2.112114638834437165e-05,9.901108793153401422e-01,2.195576936998255252e-13,4.714808821251466157e-06,-1.320147944526683107e-06
1.683097112048922028e+01,3.739497553294953376e-12,8.014747989738290365e-05,-2.244129433287105475e-05,9.901173537089675847e-01,2.216005479561087003e-13,4.714850614616838357e-06,-1.320156963561110549e-06
1.782108847419818787e+01,3.961098101251062076e-12,8.486233051199974201e-05,-2.376145129643216530e-05,9.901247816175597904e-01,2.196465396863742688e-13,4.714874947040609537e-06,-1.320165982517929444e-06
1.881121325581574766e+01,4.180744640937436345e-12,8.957720545904035154e-05,-2.508161727895009475e-05,9.901303022734246895e-01,2.191137172005640793e-13,4.714910919272313327e-06,-1.320175001508162095e-06
1.980134355808917235e+01,4.399858358138000424e-12,9.429211637831266487e-05,-2.640179228045825684e-05,9.901377305196206180e-01,2.208899665967693615e-13,4.714946890890372240e-06,-1.320182565211138891e-06
2.079148128860879297e+01,4.620748324734769785e-12,9.900706326920303711e-05,-2.772197484566939573e-05,9.901451585921421383e-01,2.198240338025689763e-13,4.714971221747674569e-06,-1.320193039586974699e-06
2.178162644720093510e+01,4.840572358537338762e-12,1.037220344909507117e-04,-2.904216788525637043e-05,9.901506794195000793e-01,2.197352886525822136e-13,4.715007192026242355e-06,-1.320203513890975337e-06
2.277177712662043518e+01,5.060307647189920975e-12,1.084370416829769540e-04,-3.036237139914734577e-05,9.901581075876038085e-01,2.201795207616264101e-13,4.715031521653801922e-06,-1.320211077803304796e-06
2.376193523420803899e+01,5.280487167951547385e-12,1.131520732046307560e-04,-3.168258247695065056e-05,9.901655360890622148e-01,2.192913106096179716e-13,4.715067491258958187e-06,-1.320218641743301738e-06
2.475210077029710121e+01,5.499778478561165357e-12,1.178671406958897141e-04,-3.300280111869395230e-05,9.901710570879060924e-01,2.210676344890688665e-13,4.715103459806421022e-06,-1.320229116038452576e-06
2.574227182738500730e+01,5.720846113050234224e-12,1.225822441556961352e-04,-3.432303023473240488e-05,9.901784857310254040e-01,2.192023761500163948e-13,4.715139427962337796e-06,-1.320236680152474132e-06
2.673245031311603270e+01,5.940048489200250618e-12,1.272973835836584730e-04,-3.564326691488487901e-05,9.901840065308888938e-01,2.212451392335238955e-13,4.715163755686770184e-06,-1.320247154629337254e-06
2.772263431964692160e+01,6.161293628433774514e-12,1.320125473393452431e-04,-3.696351406951421626e-05,9.901914352926191043e-01,2.195578611500112545e-13,4.715199722725226883e-06,-1.320254718584299575e-06
2.871282575493954070e+01,6.380851489583785768e-12,1.367277470620704700e-04,-3.828376878809851584e-05,9.901988637884642230e-01,2.188471136281442712e-13,4.715224048997939668e-06,-1.320265193242881757e-06
2.970302461872800492e+01,6.599698603211930040e-12,1.414429711110684097e-04,-3.960403398134139760e-05,9.902043854165896164e-01,2.211563989061681251e-13,4.715271655016188253e-06,-1.320272757371872079e-06
3.069322900414459454e+01,6.820855002118098165e-12,1.461582427660845980e-04,-4.092430673871326967e-05,9.902118136623094813e-01,2.204458658540957800e-13,4.715284340573165948e-06,-1.320283231990115164e-06
3.168344081780690402e+01,7.041300867972193945e-12,1.508735271066577639e-04,-4.224458997070338484e-05,9.902173354140657580e-01,2.186694378581805089e-13,4.715331945142215700e-06,-1.320290796071082106e-06
3.267365815322096978e+01,7.259970305830374454e-12,1.555888590517999796e-04,-4.356488076677446695e-05,9.902266717784371508e-01,2.206236758443906787e-13,4.715356269511855516e-06,-1.320298360401761138e-06
3.366388482499940693e+01,7.480593981674765132e-12,1.603042153213118351e-04,-4.488517912717622808e-05,9.902321932915612024e-01,2.195574583527568028e-13,4.715392233088264943e-06,-1.320311745595315533e-06
3.465411701829096813e+01,7.700151440027521935e-12,1.650196075544001001e-04,-4.620549087277154362e-05,9.902377144426921518e-01,2.211566511860630223e-13,4.715416556450301470e-06,-1.320316399297672544e-06
3.564435473273366028e+01,7.921308091213584957e-12,1.697350241108504015e-04,-4.752580727206921616e-05,9.902470514011412206e-01,2.188471761558584928e-13,4.715452518909277928e-06,-1.320326874199820744e-06
3.663460178413480151e+01,8.140155267369443450e-12,1.744504766297596795e-04,-4.884613414626903690e-05,9.902525730856552855e-01,2.204458461888517234e-13,4.715488480754704377e-06,-1.320337348919097919e-06
3.762485435722045679e+01,8.360601113558295174e-12,1.791659651105143838e-04,-5.016647149518813482e-05,9.902580948229768865e-01,2.192023985645155785e-13,4.715524442208544106e-06,-1.320344913411146892e-06
3.861511245204343368e+01,8.579803512122810752e-12,1.838814895527229279e-04,-5.148681640859928172e-05,9.902636161521840563e-01,2.211564027847299678e-13,4.715548763223526875e-06,-1.320352477708791638e-06
3.960537606819561773e+01,8.800959914907540720e-12,1.885970383159464548e-04,-5.280716888630807335e-05,9.902729534067589157e-01,2.208010868453457665e-13,4.715584723337997450e-06,-1.320365863248497906e-06
4.059564902160237665e+01,9.021761001752886486e-12,1.933126230392844523e-04,-5.412753474955657126e-05,9.902784748314772401e-01,2.193801908661468060e-13,4.715609043789411930e-06,-1.320367606616812471e-06
4.158592749643385389e+01,9.241141192619033292e-12,1.980282320830738642e-04,-5.544790235617338373e-05,9.902878122405809336e-01,2.204459720688774555e-13,4.715645002786449536e-06,-1.320380992227215497e-06
4.257621530867443482e+01,9.461587164687910748e-12,2.027438770858603137e-04,-5.676828334840059923e-05,9.902895182721067613e-01,2.184917709035637374e-13,4.715669321786307043e-06,-1.320394377777303000e-06
4.356650482694654158e+01,9.680078935591474485e-12,2.074595464076466208e-04,-5.808867772617790223e-05,9.902988563182120174e-01,2.218668518929692497e-13,4.715716918994789560e-06,-1.320396121220922183e-06
4.455680368326475360e+01,9.901945787484443735e-12,2.121752633266414103e-04,-5.940907384739882441e-05,9.903081934456068325e-01,2.202683355659181178e-13,4.715741237099258703e-06,-1.320409506952742299e-06
4.554711187671036043e+01,1.012221412305036185e-11,2.168910045637406690e-04,-6.072948335435156671e-05,9.903099006429840756e-01,2.202681006521753102e-13,4.715788832526884942e-06,-1.320417071585791764e-06
4.653742177735334451e+01,1.034248222370253716e-11,2.216067933962675540e-04,-6.204990042593735847e-05,9.903192367828097531e-01,2.195578016770087959e-13,4.715789872073697288e-06,-1.320424636135479634e-06
4.752774101413615426e+01,1.056204002537954596e-11,2.263225832683412513e-04,-6.337032506207283811e-05,9.903285751839305817e-01,2.195576552936184464e-13,4.715837466383998979e-06,-1.320438021988723618e-06
4.851806958932008484e+01,1.078159768067316441e-11,2.310384207347252502e-04,-6.469076308406156172e-05,9.903302825331863346e-01,2.211566450324176451e-13,4.715885059916033245e-06,-1.320439765547607044e-06
4.950839987185327118e+01,1.100275432570558205e-11,2.357543057946412835e-04,-6.601120284960916877e-05,9.903396187945574525e-01,2.190249229980666352e-13,4.715886098225960648e-06,-1.320453151471527456e-06
5.049873949064782863e+01,1.122177924870364869e-11,2.404701918928672441e-04,-6.733165600108069622e-05,9.903489574554882324e-01,2.200904322640109162e-13,4.715933690640697470e-06,-1.320460716147260605e-06
5.148908844810331686e+01,1.144186968096765960e-11,2.451861255835079416e-04,-6.865211671722795683e-05,9.903506649565798625e-01,2.197352981195253837e-13,4.715981282499238578e-06,-1.320474102157266670e-06
5.247943911305989673e+01,1.166160497908718499e-11,2.499021068660071802e-04,-6.997259081938522350e-05,9.903600025837988596e-01,2.232878719436184629e-13,4.716005596353933359e-06,-1.320475845811424362e-06
5.346979911564369559e+01,1.188489285103080345e-11,2.546181124623611135e-04,-7.129306666519664786e-05,9.903655245966902498e-01,2.206236340676112235e-13,4.716029909981758837e-06,-1.320489231892147514e-06
5.446016464024038584e+01,1.210551648509841467e-11,2.593341423723428724e-04,-7.261355589708879538e-05,9.903748623322741196e-01,2.149392163384389794e-13,4.716054222716635404e-06,-1.320496796693905613e-06
5.545053950257265996e+01,1.232045570143685365e-11,2.640501965950595078e-04,-7.393405269378270099e-05,9.903803857309512182e-01,2.213340925666898280e-13,4.716101812343048184e-06,-1.320510182860687312e-06
5.644091988830361117e+01,1.254178979400354348e-11,2.687662984074025560e-04,-7.525456287664338830e-05,9.903859078804728711e-01,2.195577207425331182e-13,4.716126123960708624e-06,-1.320511926610146375e-06
5.743130579618408404e+01,1.276134751474607660e-11,2.734824245313632646e-04,-7.657507480325353468e-05,9.903914300481915234e-01,2.216891231627546519e-13,4.716150435573435943e-06,-1.320525312847645161e-06
5.842169722623227557e+01,1.298303663790883125e-11,2.781985749669367005e-04,-7.789560011610117984e-05,9.904007693931262679e-01,2.170708959358202389e-13,4.716198023082347670e-06,-1.320532877775441763e-06
5.941209799562540184e+01,1.320010753384465149e-11,2.829147729900190482e-04,-7.921613299387662160e-05,9.904062916792852889e-01,2.245316344412018008e-13,4.716222333133878071e-06,-1.320546264099012649e-06
6.040250428730468713e+01,1.342463916828585329e-11,2.876309953231529263e-04,-8.053667925797563425e-05,9.904156297961037581e-01,2.174260221295992043e-13,4.716246643180529562e-06,-1.320548007943759530e-06
6.139291991710079088e+01,1.364206519041545249e-11,2.923472419663334558e-04,-8.185722726591939378e-05,9.904173377757743424e-01,2.223998737954346615e-13,4.716294228793930631e-06,-1.320561394338061055e-06
6.238333725487656523e+01,1.386446506421088715e-11,2.970635361951273865e-04,-8.317778866025745484e-05,9.904266760110189693e-01,2.181367369460162343e-13,4.716318537501321389e-06,-1.320568959391896159e-06
6.337376393088758419e+01,1.408260180115690339e-11,3.017798547326287079e-04,-8.449835761964935099e-05,9.904321984519626199e-01,2.220444173802418738e-13,4.716342845759906657e-06,-1.320576524584414274e-06
6.436419612933954681e+01,1.430464621853714526e-11,3.064961975783886145e-04,-8.581893414423376527e-05,9.904415383162472608e-01,2.188472740460051513e-13,4.716390429477851278e-06,-1.320589911100159995e-06
6.535463766765579408e+01,1.452349349258315041e-11,3.112125880078664658e-04,-8.713952405533392526e-05,9.904508767780555445e-01,2.177808892690897365e-13,4.716414736841156603e-06,-1.320597476363395196e-06
6.634508854443384962e+01,1.474127438185224015e-11,3.159290027447076224e-04,-8.846012153169732046e-05,9.904525834711250809e-01,2.220445751630599437e-13,4.716439043311621438e-06,-1.320605041543282355e-06
6.733554112790497470e+01,1.496331895701530009e-11,3.206454417880192438e-04,-8.978072657324060281e-05,9.904619235950349321e-01,2.195583562016983732e-13,4.716486625134218031e-06,-1.320612606861852525e-06
6.832600305150000963e+01,1.518287731321699847e-11,3.253619284131534619e-04,-9.110133918010245534e-05,9.904636303345597526e-01,2.241763973750561259e-13,4.716510930931393317e-06,-1.320620172208110507e-06
6.931646668183456939e+01,1.540705371059205459e-11,3.300784393440848552e-04,-9.242195935231056585e-05,9.904729689870492848e-01,2.177809994373157184e-13,4.716535235835890745e-06,-1.320633558916003958e-06
7.030693965082161867e+01,1.562483471002937031e-11,3.347949745799207459e-04,-9.374259291122656981e-05,9.904823093705914516e-01,2.177811178154013683e-13,4.716582815985021285e-06,-1.320641124221943173e-06
7.129742196019221012e+01,1.584261582784477168e-11,3.395115573959057672e-04,-9.506323403544851298e-05,9.904840161926529163e-01,2.220446020580297673e-13,4.716607119772248374e-06,-1.320648689777601252e-06
7.228790597638486304e+01,1.606466042990280145e-11,3.442281645156780156e-04,-9.638388272522611423e-05,9.905009870924459392e-01,2.192028159087274179e-13,4.716631423554542343e-06,-1.320656255138875435e-06
7.327840696347730898e+01,1.628386324581152887e-11,3.489447959392325579e-04,-9.770453898036498966e-05,9.904950636220348770e-01,2.206233546993356811e-13,4.716679001586442880e-06,-1.320675463257288320e-06
7.426890202709934385e+01,1.650448660051086455e-11,3.536614749408190008e-04,-9.902521444362227798e-05,9.905120347121112445e-01,2.181366421517481148e-13,4.716703303807594141e-06,-1.320677207443260730e-06
7.525941406181145510e+01,1.672262324266261266e-11,3.583781782446265949e-04,-1.003458916510655387e-04,9.905137416528759786e-01,2.220441739299822199e-13,4.716727606023974912e-06,-1.320678951744890407e-06
7.624992780346433108e+01,1.694466741659259488e-11,3.630949058506505699e-04,-1.016665706028104291e-04,9.905230825555690899e-01,2.195579841548904633e-13,4.716775182160419001e-06,-1.320703981269187761e-06
7.724045088601990017e+01,1.716422540074748534e-11,3.678116810328109889e-04,-1.029872745840796169e-04,9.905247895426754212e-01,2.213340961799003698e-13,4.716799483037593249e-06,-1.320694082850568715e-06
7.823097567556257559e+01,1.738555949692738571e-11,3.725284805158485821e-04,-1.043079686669301856e-04,9.905341287666402650e-01,2.177811725787031831e-13,4.716823783466016218e-06,-1.320719112698419103e-06
7.922150980432921585e+01,1.760334066950608890e-11,3.772453042993145983e-04,-1.056286877796286047e-04,9.905434699288662159e-01,2.206233314141788196e-13,4.716871357707166489e-06,-1.320720856888660559e-06
8.021205327425808207e+01,1.782396400092026772e-11,3.819621756570217648e-04,-1.069494086365172653e-04,9.905451769984665589e-01,2.220445471633839497e-13,4.716895657240309514e-06,-1.320734244031644342e-06
8.120259845125654863e+01,1.804600854808365167e-11,3.866790713142620743e-04,-1.082701428805489096e-04,9.905545164128710667e-01,2.184926768683652697e-13,4.716919955880828890e-06,-1.320735988261852200e-06
8.219315296766941970e+01,1.826450122495201694e-11,3.913959912701429032e-04,-1.095908788688107618e-04,9.905638578345872247e-01,2.209785496483687775e-13,4.716967528226631134e-06,-1.320749375586588925e-06
8.318371682550400692e+01,1.848547977460038571e-11,3.961129587983695344e-04,-1.109116282443973507e-04,9.905655649866815793e-01,2.199126179758479212e-13,4.716991826193915171e-06,-1.320762762740008154e-06
8.417428239049068850e+01,1.870539239257623364e-11,4.008299506245634495e-04,-1.122323910071373589e-04,9.905749045914546969e-01,2.206240600335556681e-13,4.717016123268412929e-06,-1.320764507156576813e-06
8.516485729508214320e+01,1.892601645260978930e-11,4.055469667478318625e-04,-1.135531555142939357e-04,9.905842442683905347e-01,2.206231299560563858e-13,4.717040420338085988e-06,-1.320777894380713129e-06
8.615544153935053373e+01,1.914663958256584569e-11,4.102640071681699484e-04,-1.148739334086746488e-04,9.905859555115341664e-01,2.199131275396522910e-13,4.717111263501290192e-06,-1.320779638948297598e-06
8.714602749486206790e+01,1.936655271010549798e-11,4.149811184316712386e-04,-1.161947130476229464e-04,9.905952953527616955e-01,2.213339850573519147e-13,4.717135559234250392e-06,-1.320793026243164553e-06
8.813662279021482959e+01,1.958788669516284989e-11,4.196982539909054890e-04,-1.175155060738661110e-04,9.905969984867937228e-01,2.181366845478532042e-13,4.717113307749361793e-06,-1.320806413699808024e-06
8.912721978870162332e+01,1.980602337971070310e-11,4.244153672986548508e-04,-1.188363124875659190e-04,9.906139751695519635e-01,2.177813998184232607e-13,4.717184149129487105e-06,-1.320808158231681585e-06
9.011783376387117528e+01,2.002380477952912636e-11,4.291325514477843379e-04,-1.201571206457976006e-04,9.906156867614299699e-01,2.223998315550947900e-13,4.717254989180217923e-06,-1.320821545648019841e-06
9.110844945063260525e+01,2.024620461108422115e-11,4.338498064369645559e-04,-1.214779421914456204e-04,9.906173898857559834e-01,2.177811097931582186e-13,4.717232736790508401e-06,-1.320823290330922764e-06
9.209906684051836123e+01,2.046398572087737937e-11,4.385670391737550643e-04,-1.227987654817765432e-04,9.906267299435427276e-01,2.231103305159424709e-13,4.717257030279657995e-06,-1.320848320728572074e-06
9.308969357046190396e+01,2.068709605139332184e-11,4.432842962040347222e-04,-1.241196138025051153e-04,9.906360744504212335e-01,2.184919662069082674e-13,4.717327868103437551e-06,-1.320838422445180143e-06
9.408032964491232519e+01,2.090558801760023011e-11,4.480016240721381598e-04,-1.254404522249502954e-04,9.906454147444918590e-01,2.213342397161705938e-13,4.717352160255820076e-06,-1.320863453055360183e-06
9.507097505965681705e+01,2.112692225731640070e-11,4.527189762323939799e-04,-1.267613156780056556e-04,9.906471222261643561e-01,2.188469003294410865e-13,4.717376451959559742e-06,-1.320865197848960148e-06
9.606162218188298141e+01,2.134576915764584179e-11,4.574363526843535396e-04,-1.280821808758546157e-04,9.906564625923834910e-01,2.216896862160657011e-13,4.717400742770621550e-06,-1.320866942425123368e-06
9.705227864447536490e+01,2.156745884386190749e-11,4.621537534271241612e-04,-1.294030478182797391e-04,9.906658030307511353e-01,2.188471270222170645e-13,4.717425033576750238e-06,-1.320891973202893959e-06
9.804294444750611603e+01,2.178630597088412455e-11,4.668711784607009114e-04,-1.307239397914826331e-04,9.906675151559198866e-01,2.195576916524004323e-13,4.717495867841744583e-06,-1.320882074957964100e-06
9.903361196266203592e+01,2.200586366253652498e-11,4.715886743285426560e-04,-1.320448218664405972e-04,9.906768557585223789e-01,2.206238235795605546e-13,4.717520157089386858e-06,-1.320907105837216015e-06
1.000242888184205583e+02,2.222648748611608554e-11,4.763061944856320428e-04,-1.333657289722778132e-04,9.906785586693871437e-01,2.209786375052443519e-13,4.717497902197935033e-06,-1.320908850635125684e-06
1.010149673770899454e+02,2.244746612362132989e-11,4.810236923878299779e-04,-1.346866378229129389e-04,9.906879039974683110e-01,2.216893666005662069e-13,4.717568734679850485e-06,-1.320922238597657889e-06
1.020056552810874138e+02,2.266915549022189610e-11,4.857412611225098284e-04,-1.360075600615105967e-04,9.906972495357280195e-01,2.160043522271215743e-13,4.717639565832479863e-06,-1.320923983324498105e-06
1.029963525306231418e+02,2.288515984244901767e-11,4.904589006883423082e-04,-1.373284840448350949e-04,9.906989524367872946e-01,2.252426780314261914e-13,4.717617309814379351e-06,-1.320937371357747397e-06
1.039870514830599291e+02,2.311040252048044386e-11,4.951765179981566876e-04,-1.386494214161928422e-04,9.907159264642189100e-01,2.184914837412144162e-13,4.717641596818319440e-06,-1.320950759441791560e-06
1.049777674095241480e+02,2.332889400422165828e-11,4.998941595949750070e-04,-1.399703721756346338e-04,9.907100058679247923e-01,2.188469947159576317e-13,4.717712425965987950e-06,-1.320952504355006130e-06
1.059684774153920728e+02,2.354774099893761591e-11,5.046118720209409950e-04,-1.412913246799896399e-04,9.907269801315976565e-01,2.433611541247722152e-13,4.717736711855259786e-06,-1.320965892398717973e-06
1.069592043955236704e+02,2.379110215306238813e-11,5.093296087327962548e-04,-1.426122905723883579e-04,9.907286879424077597e-01,1.946885746630735813e-13,4.717760997073844158e-06,-1.320967637462961905e-06
1.079499330834660782e+02,2.398579072772546171e-11,5.140473697298700989e-04,-1.439332582098513198e-04,9.907380290697602732e-01,2.231108442987072380e-13,4.717785281843785671e-06,-1.320981025577445045e-06
1.089406711125358385e+02,2.420890157202416895e-11,5.187651550117138846e-04,-1.452542392354287649e-04,9.907397368807409066e-01,2.181364904495767330e-13,4.717809566386912089e-06,-1.320994413742641741e-06
1.099314108494165794e+02,2.442703806247374568e-11,5.234829645781007967e-04,-1.465752336491714066e-04,9.907490832399190595e-01,2.223999273919335988e-13,4.717880391753859204e-06,-1.320996158882237724e-06
1.109221599326564984e+02,2.464943798986567928e-11,5.282008449698546559e-04,-1.478962298080536443e-04,9.907584246034986108e-01,2.195574190192055363e-13,4.717904674738553419e-06,-1.321009547118205717e-06
1.119129183572599970e+02,2.486899540888488481e-11,5.329187496445932093e-04,-1.492172393551718500e-04,9.907601272909118961e-01,2.181364872306550780e-13,4.717882416219090075e-06,-1.321022935515963779e-06
1.129036784845509089e+02,2.508713189611553989e-11,5.376366320608122994e-04,-1.505382622906878138e-04,9.907694739323886779e-01,2.245317320915565544e-13,4.717953239581238953e-06,-1.321024680619835301e-06
1.138944479584832976e+02,2.531166362820709645e-11,5.423545853003935383e-04,-1.518592869713076491e-04,9.907788207839871575e-01,2.174261056189773002e-13,4.718024062058028337e-06,-1.321038068977315252e-06
1.148852267792672848e+02,2.552908973382607375e-11,5.470726093624515667e-04,-1.531803250402849644e-04,9.907805234615665313e-01,2.245312480650795161e-13,4.718001802411862095e-06,-1.321039814232243242e-06
1.158760073027288513e+02,2.575362098189115326e-11,5.517906111648634288e-04,-1.545013648545172076e-04,9.907898650413358155e-01,2.174263341342454253e-13,4.718026083153016755e-06,-1.321053202660467385e-06
1.168667971677701871e+02,2.597104731602539869e-11,5.565086372480164455e-04,-1.558224180571776750e-04,9.907992121752045023e-01,2.167153280620191008e-13,4.718096903403071717e-06,-1.321066591139405085e-06
1.178575963799453916e+02,2.618776264408741779e-11,5.612267341514195172e-04,-1.571434846483170801e-04,9.908009202788150560e-01,2.167156224687887618e-13,4.718121183029449703e-06,-1.321068336469685125e-06
1.188483973002242067e+02,2.640447826655620655e-11,5.659448553344489669e-04,-1.584645529847867652e-04,9.908102620948113781e-01,2.280843447824480835e-13,4.718145461763420881e-06,-1.321081725019421227e-06
1.198392075623190181e+02,2.663256261133865463e-11,5.706630007962123878e-04,-1.597856347098061864e-04,9.908196039828283119e-01,2.238204782452779608e-13,4.718169740492621569e-06,-1.321095113730920293e-06
1.208300271663018464e+02,2.685638308958393260e-11,5.753811705367050094e-04,-1.611067298235371067e-04,9.908213121225912801e-01,2.152949321914411988e-13,4.718194018773070979e-06,-1.321096859025502977e-06
1.218208484784244376e+02,2.707167802177537379e-11,5.800993645554780804e-04,-1.624278266825626097e-04,9.908306597948239869e-01,2.231106140209821840e-13,4.718264835020576781e-06,-1.321110247696751037e-06
1.228116791382192616e+02,2.729478863579635598e-11,5.848176293904986571e-04,-1.637489369302593607e-04,9.908400019189969044e-01,2.174255800406719281e-13,4.718289111964530172e-06,-1.321111993031340781e-06
1.238025191401382585e+02,2.751221421583702791e-11,5.895359185024631873e-04,-1.650700489232907015e-04,9.908417043826602821e-01,2.195581863935838208e-13,4.718266849817434778e-06,-1.321125381884328230e-06
1.247933608445209188e+02,2.773177240223061173e-11,5.942541853522806221e-04,-1.663911743051750298e-04,9.908510523370779310e-01,2.202676823813628571e-13,4.718337664282078528e-06,-1.321138770788137656e-06
1.257842118968579967e+02,2.795204008461197458e-11,5.989725230165627006e-04,-1.677123130759631674e-04,9.908604005016172778e-01,2.245318906703000882e-13,4.718408477861362783e-06,-1.321140516198052346e-06
1.267750722973596140e+02,2.817657197528227467e-11,6.036909314944240634e-04,-1.690334535921612198e-04,9.908621029552762138e-01,2.145840055919073133e-13,4.718386214365953568e-06,-1.321153905061583662e-06
1.277659344003148902e+02,2.839115598087418199e-11,6.084093177087900170e-04,-1.703546074972228034e-04,9.908638112232353024e-01,2.223998007231523786e-13,4.718410489066475824e-06,-1.321167294086823731e-06
1.287567982115381255e+02,2.861355578159733436e-11,6.131277281978564928e-04,-1.716757747913096272e-04,9.908884278145819735e-01,2.181361736068318886e-13,4.718481300419134078e-06,-1.321169039461149485e-06
1.297476866393527075e+02,2.883169195520416625e-11,6.178462094982756269e-04,-1.729969438307707766e-04,9.908825021742870831e-01,2.231107838413784298e-13,4.718505573783160316e-06,-1.321170785062100598e-06
1.307385691415269946e+02,2.905480273904554468e-11,6.225647150720587872e-04,-1.743181146158328772e-04,9.908918447506209759e-01,2.167150444062321835e-13,4.718529846254888166e-06,-1.321195817688598523e-06
1.317294609862776156e+02,2.927151778345177687e-11,6.272832449183136753e-04,-1.756393104335214758e-04,9.908859189663701272e-01,2.245321804316848214e-13,4.718554118721628686e-06,-1.321197563249298631e-06
1.327203469052439857e+02,2.949604996388346169e-11,6.320017990370353040e-04,-1.769605079967707744e-04,9.909105362658578997e-01,2.174260387485656705e-13,4.718624926962193024e-06,-1.321199308814579492e-06
1.337112574415098436e+02,2.971347600263202736e-11,6.367204239639974971e-04,-1.782817073055853539e-04,9.909046043091507272e-01,2.231108655233733496e-13,4.718602661645974680e-06,-1.321224341608776389e-06
1.347021620458189943e+02,2.993658686815540071e-11,6.414390266256434717e-04,-1.796029316471941303e-04,9.909292219887504416e-01,2.174248809591651213e-13,4.718673468771870765e-06,-1.321226087355850849e-06
1.356930912678077448e+02,3.015401174911456583e-11,6.461577000944153425e-04,-1.809241577345499811e-04,9.909232962964722446e-01,2.216902544331761243e-13,4.718697738783110204e-06,-1.321227832885515669e-06
1.366840145641042170e+02,3.037570200354774195e-11,6.508763978331984527e-04,-1.822453855674354968e-04,9.909326392528896577e-01,2.202671089919663806e-13,4.718722008345598365e-06,-1.321241222244581588e-06
1.376749472033571067e+02,3.059596911253970833e-11,6.555951198415440511e-04,-1.835666267896800784e-04,9.909267134166555024e-01,2.216894303276915090e-13,4.718746277459552087e-06,-1.321254611543392970e-06
1.386658739167737622e+02,3.081765854286739984e-11,6.603138661190036032e-04,-1.848878814012234713e-04,9.909513253096804419e-01,2.195579598433963319e-13,4.718770546124862950e-06,-1.321256357259459249e-06
1.396568252420834426e+02,3.103721650271079617e-11,6.650326366651284661e-04,-1.862091377584829306e-04,9.909454060140774345e-01,2.195584196633213168e-13,4.718841349470471319e-06,-1.321269746740064231e-06
1.406477706480975201e+02,3.125677492237411749e-11,6.697514780145989374e-04,-1.875304075052229948e-04,9.909700117004831554e-01,2.174248787911893593e-13,4.718819082111832923e-06,-1.321283136271436979e-06
1.416387406597980032e+02,3.147419980116530685e-11,6.744702970967107704e-04,-1.888516906414944318e-04,9.909640924968812215e-01,2.224006260137929412e-13,4.718889883899225930e-06,-1.321284882062882414e-06
1.426297047522948844e+02,3.169660042717909979e-11,6.791891869806099963e-04,-1.901729755235573142e-04,9.909581666085784946e-01,2.160053369826164396e-13,4.718914150552582822e-06,-1.321298271554004157e-06
1.436206629189034629e+02,3.191260576416171623e-11,6.839081011311625791e-04,-1.914942737951113184e-04,9.909827791695420274e-01,2.223991112355997401e-13,4.718938416313858165e-06,-1.321300017385402441e-06
1.446116456980730050e+02,3.213500487539731597e-11,6.886270395474764373e-04,-1.928155738124967208e-04,9.909921294206753828e-01,2.181364409836558833e-13,4.719009215879178820e-06,-1.321313407058317783e-06
1.456026378274936803e+02,3.235314131638097186e-11,6.933460487633556161e-04,-1.941368872195550386e-04,9.909861968075404093e-01,2.238211759661275899e-13,4.718986946936412630e-06,-1.321326796670978590e-06
1.465936240243012207e+02,3.257696249234709945e-11,6.980650357102920287e-04,-1.954582140162260172e-04,9.909955471506179947e-01,2.181370136161207070e-13,4.719057745165237266e-06,-1.321340186445402361e-06
1.475846195714518387e+02,3.279509950596322015e-11,7.027840934554572660e-04,-1.967795542026714195e-04,9.910048907948691976e-01,2.174263817641581261e-13,4.719082008692839295e-06,-1.321341932387606107e-06
1.485756244622467079e+02,3.301252588772737828e-11,7.075031754641501053e-04,-1.981008961350590257e-04,9.910142345111125906e-01,2.252416058056592906e-13,4.719106272215562413e-06,-1.321343678334417713e-06
1.495666386967578205e+02,3.323776749353303757e-11,7.122222817363656677e-04,-1.994222398133934434e-04,9.910235782992913300e-01,2.160047683596511413e-13,4.719130535067814908e-06,-1.321345424285864283e-06
1.505576622750571119e+02,3.345377226189268871e-11,7.169414122714334826e-04,-2.007435852376793077e-04,9.910176523587779229e-01,2.188468337157204029e-13,4.719154797471424544e-06,-1.321370457989191807e-06
1.515486799274158898e+02,3.367261909560840911e-11,7.216605670689049071e-04,-2.020649556956684995e-04,9.910422731124981510e-01,2.224003266279840664e-13,4.719225591920178306e-06,-1.321395491900550622e-06
1.525397222005283879e+02,3.389501942223639318e-11,7.263797926608250854e-04,-2.033863511875690501e-04,9.910363472638437088e-01,2.266638574297172450e-13,4.719249852987617184e-06,-1.321373950068972531e-06
1.535307585477922316e+02,3.412168327966611042e-11,7.310990425138127026e-04,-2.047077251376380226e-04,9.910456912879226365e-01,2.181357262082936527e-13,4.719274113606196364e-06,-1.321398983940026131e-06
1.545218042390801543e+02,3.433981900587440408e-11,7.358183166274188990e-04,-2.060291241215780487e-04,9.910550353839084892e-01,2.224002968294358093e-13,4.719298373776241104e-06,-1.321400730148672561e-06
1.555128592744640628e+02,3.456221930270383989e-11,7.405376150011951401e-04,-2.073505248517267213e-04,9.910491093910991367e-01,2.124517573347786832e-13,4.719322633497859826e-06,-1.321425764041003629e-06
1.565039083838551619e+02,3.477467106003861857e-11,7.452569376346929999e-04,-2.086719506157677249e-04,9.910737237198361527e-01,2.259521420942470345e-13,4.719346892992555033e-06,-1.321404222388454421e-06
1.574949821075749981e+02,3.500062320213286560e-11,7.499762845276855550e-04,-2.099933548381561794e-04,9.910678050957812957e-01,2.231106672095227517e-13,4.719417682771433198e-06,-1.321429256351556785e-06
1.584860499126707793e+02,3.522373386934238836e-11,7.546957022104569882e-04,-2.113147840945077361e-04,9.910771420126707199e-01,2.160058130679301840e-13,4.719395409973135662e-06,-1.321454290633712744e-06
1.594771270546834501e+02,3.543973968241031854e-11,7.594150976204301238e-04,-2.126362383851414489e-04,9.910864937853602896e-01,2.181364148371488047e-13,4.719466198415626229e-06,-1.321432748853173470e-06
1.604682135484688104e+02,3.565787609724746734e-11,7.641345638188457500e-04,-2.139576711339946224e-04,9.910958382610886019e-01,2.231099530616222522e-13,4.719490455676973381e-06,-1.321457783095024213e-06
1.614593093867298990e+02,3.588098605030908960e-11,7.688540542745227234e-04,-2.152791289170896466e-04,9.910899197688536333e-01,2.188473761241947161e-13,4.719561242343866050e-06,-1.321482817433856840e-06
1.624503993064987526e+02,3.609983342643328431e-11,7.735736155168665895e-04,-2.166006117345235034e-04,9.911145274022885587e-01,2.231105130831951873e-13,4.719538968190641059e-06,-1.321461275525354605e-06
1.634415138339010412e+02,3.632294393951647950e-11,7.782931544850572305e-04,-2.179220730100488580e-04,9.911086090018841332e-01,2.081893681385281221e-13,4.719609753521254551e-06,-1.321486310045980831e-06
1.644326224429029253e+02,3.653113330765500762e-11,7.830127642385784851e-04,-2.192435593200948388e-04,9.911179460223991100e-01,2.280830938297340135e-13,4.719587479131998747e-06,-1.321511344663534732e-06
1.654237403889253244e+02,3.675921640148474164e-11,7.877323517177104838e-04,-2.205650706647583736e-04,9.911272984506638295e-01,2.188481792862998645e-13,4.719658262904396877e-06,-1.321489802738118943e-06
1.664148676873759882e+02,3.697806458077104150e-11,7.924520099806148807e-04,-2.218865604674964925e-04,9.911366510890786685e-01,2.259517879228703230e-13,4.719729046234982621e-06,-1.321514837315448943e-06
1.674060043384650669e+02,3.720401636869391182e-11,7.971717390268498633e-04,-2.232080753048119415e-04,9.911459882792144072e-01,2.195580884834620430e-13,4.719706770276018912e-06,-1.321516583719197554e-06
1.683971503267442813e+02,3.742357445717737387e-11,8.018914457971258822e-04,-2.245295918885311390e-04,9.911400543062995894e-01,2.174253196055799456e-13,4.719684494749218188e-06,-1.321541618428854429e-06
1.693882903810505809e+02,3.764099977678295381e-11,8.066111302918751004e-04,-2.258511335069599934e-04,9.911494229045558768e-01,2.238216451431907498e-13,4.719848332930954952e-06,-1.321543365014450850e-06
1.703794398039551368e+02,3.786482142192614456e-11,8.113309786248060554e-04,-2.271726768719744443e-04,9.911587601204132625e-01,2.181362758567825995e-13,4.719826056067875052e-06,-1.321545111382556315e-06
1.713705985640755500e+02,3.808295769778292716e-11,8.160508046808739304e-04,-2.284942219833570006e-04,9.911680972702754389e-01,2.202685716222316116e-13,4.719803779415021952e-06,-1.321546857977422664e-06
1.723617666613458255e+02,3.830322626940515877e-11,8.207706084602889524e-04,-2.298157688413344233e-04,9.911774504720938239e-01,2.223998174376097379e-13,4.719874558293006214e-06,-1.321571892779155408e-06
1.733529441118179193e+02,3.852562608684276851e-11,8.254904830185819586e-04,-2.311373407341135787e-04,9.911868038838917983e-01,2.216891985657330174e-13,4.719945336285739403e-06,-1.321573639444738844e-06
1.743441309157018111e+02,3.874731528540850153e-11,8.302104283548676980e-04,-2.324589143735583175e-04,9.911808696743946712e-01,2.174263525211908973e-13,4.719923058506833927e-06,-1.321575385892912640e-06
1.753353117853762058e+02,3.896474163792969243e-11,8.349303514133745319e-04,-2.337804897594512302e-04,9.911902231778810801e-01,2.160043314819875735e-13,4.719993834941243332e-06,-1.321600421084470275e-06
1.763265020085540868e+02,3.918074596941168000e-11,8.396503452483157753e-04,-2.351020901805357004e-04,9.911995604052492581e-01,2.231113231554767002e-13,4.719971556704696120e-06,-1.321602167714437670e-06
1.773177015689593361e+02,3.940385729256715670e-11,8.443703168050204714e-04,-2.364236923482501381e-04,9.912089141446074336e-01,2.223993186868428135e-13,4.720042332024762533e-06,-1.321603914349040029e-06
1.783089104831039435e+02,3.962625661125399951e-11,8.490903591370452339e-04,-2.377452962625991781e-04,9.912182680938883550e-01,2.160050268856651999e-13,4.720113106015705502e-06,-1.321628949597274333e-06
1.793001287511978319e+02,3.984226163813966471e-11,8.538104722430609394e-04,-2.390669252121964525e-04,9.912123336017373276e-01,2.259520906245683926e-13,4.720090826653105913e-06,-1.321630696302675094e-06
1.802913410847995692e+02,4.006821372876423310e-11,8.585305630697140453e-04,-2.403885559084991276e-04,9.912369427498504137e-01,2.195578072469651598e-13,4.720068547500841545e-06,-1.321632443012683714e-06
1.812825780275494196e+02,4.028777153601119826e-11,8.632506316172148869e-04,-2.417101883515118113e-04,9.912310418737035889e-01,2.195579202671467195e-13,4.720232371516175883e-06,-1.321634189727300193e-06
1.822738090694231232e+02,4.050732945627834498e-11,8.679708639887310628e-04,-2.430318225412391115e-04,9.912403792963857541e-01,2.181366003905493819e-13,4.720210091027740758e-06,-1.321659225178713985e-06
1.832650494487195090e+02,4.072546605666889437e-11,8.726910740797588035e-04,-2.443534817664178255e-04,9.912497166529306014e-01,2.181374108698360678e-13,4.720187810527704669e-06,-1.321660971964101761e-06
1.842562991653724396e+02,4.094360346753873043e-11,8.774112618902865082e-04,-2.456751427383819272e-04,9.912437989162583563e-01,2.238201176782893871e-13,4.720258580953682476e-06,-1.321686007658864730e-06
1.852475429642886979e+02,4.116742358521701982e-11,8.821315204712401907e-04,-2.469968287460407919e-04,9.912684258159742967e-01,2.216894673679475350e-13,4.720329349606772890e-06,-1.321687754404082815e-06
1.862388113901046722e+02,4.138911305258496736e-11,8.868518498208469636e-04,-2.483185165004448748e-04,9.912624909488556568e-01,2.160052644353159646e-13,4.720307068424665214e-06,-1.321689501264876852e-06
1.872300738810535279e+02,4.160511831702028332e-11,8.915721568892716288e-04,-2.496402060017097516e-04,9.912718457630660396e-01,2.174264624972961040e-13,4.720377835963304215e-06,-1.321691248241409471e-06
1.882213457268165939e+02,4.182254477951757942e-11,8.962925347252349330e-04,-2.509618972499511611e-04,9.912811831970032017e-01,2.252419658086916323e-13,4.720355554101618618e-06,-1.321716283917198902e-06
1.892126269100135971e+02,4.204778674532627106e-11,9.010128902793365516e-04,-2.522836135338683600e-04,9.912905382468863991e-01,2.181363572162643222e-13,4.720426320304195282e-06,-1.321718030964529923e-06
1.902039174482604835e+02,4.226592310254253538e-11,9.057333165996407469e-04,-2.536053315648328899e-04,9.912998935067207640e-01,2.252411304924604868e-13,4.720497085621195611e-06,-1.321719777905392291e-06
1.911952173417672043e+02,4.249116423303499587e-11,9.104538136852619425e-04,-2.549270513427382822e-04,9.912939583568061153e-01,2.138740694396463893e-13,4.720474802633674478e-06,-1.321744813749016218e-06
1.921865113001240104e+02,4.270503830247464225e-11,9.151742884878956170e-04,-2.562487961564872984e-04,9.913185685758207910e-01,2.238206209216487017e-13,4.720452519856488567e-06,-1.321746560871699290e-06
1.931778298686998312e+02,4.292885892339629096e-11,9.198947410077521055e-04,-2.575705427173589977e-04,9.913126692495382031e-01,2.195578761859034700e-13,4.720616329483809555e-06,-1.321748307887967919e-06
1.941691425379493694e+02,4.314841679958219443e-11,9.246153573372359151e-04,-2.588922910252469656e-04,9.913220068787893524e-01,2.202676522415218180e-13,4.720594045592172230e-06,-1.321773344010448645e-06
1.951604645448281588e+02,4.336868445182371624e-11,9.293359513828280873e-04,-2.602140643692574143e-04,9.913160714001492124e-01,2.174266825235133328e-13,4.720571761467539859e-06,-1.321775091097461465e-06
1.961517806162283080e+02,4.358611113434722958e-11,9.340565231442956272e-04,-2.615358394603548757e-04,9.913407001926373141e-01,2.245310544225375571e-13,4.720642522776027916e-06,-1.321776838189190565e-06
1.971431213164209453e+02,4.381064218876976713e-11,9.387771656670716551e-04,-2.628576162985440663e-04,9.913347830397185589e-01,2.188472734241252738e-13,4.720713282977328715e-06,-1.321778585285527524e-06
1.981344560994606638e+02,4.402948946219389241e-11,9.434978789500489838e-04,-2.641793948838295938e-04,9.913593938860287835e-01,2.195577412656692910e-13,4.720690997726752387e-06,-1.321803621611079317e-06
1.991258154933466926e+02,4.424904720345956170e-11,9.482185699477757362e-04,-2.655011985054406731e-04,9.913534768245995110e-01,2.231106604491177770e-13,4.720761756591990849e-06,-1.321805368778268888e-06
2.001171689701712921e+02,4.447215786390867948e-11,9.529393317043677271e-04,-2.668230038742189420e-04,1.040707673936282163e+00,1.029110935262253668e-05,4.965137865975941022e-04,-2.471664363120588547e-04
2.011578766441075743e+02,1.029115382478040114e-05,1.449453118301961829e-03,-5.139894401862777967e-04,1.045436561541265519e+00,-5.107427924908281795e-04,5.416099141941229343e-04,-2.697125962006976119e-04
2.022033132056488398e+02,-5.004516386660477377e-04,1.991063032496084764e-03,-7.837020363869754086e-04,1.046502601689866196e+00,4.895729845956831635e-04,5.419490793804448286e-04,-2.698759340710423426e-04
2.032498158073387060e+02,-1.087865407036462329e-05,2.533012111876529592e-03,-1.053577970458017751e-03,1.046763712087852127e+00,1.235743830942006354e-06,5.422393473141031740e-04,-2.700228317032498607e-04
2.042965795194265581e+02,-9.642910239422616939e-06,3.075251459190632766e-03,-1.323600802161267612e-03,1.047272138878952319e+00,-3.198317684111099096e-07,5.425432747197607604e-04,-2.701739330404650564e-04
2.053438516583055105e+02,-9.962742007833726848e-06,3.617794733910393527e-03,-1.593774735201732668e-03,1.047811084215567234e+00,-1.660771221629155688e-09,5.428469192593058691e-04,-2.703255103931783213e-04
2.063916627425210777e+02,-9.964402779055356004e-06,4.160641653169699396e-03,-1.864100245594910990e-03,1.048319557945291081e+00,2.113805013689265717e-09,5.431515783804420280e-04,-2.704770042966759495e-04
2.074399823004663688e+02,-9.962288974041666738e-06,4.703793231550141424e-03,-2.134577249891586939e-03,1.048858659169752627e+00,1.535959772345398401e-09,5.434563225298070024e-04,-2.706287880944869932e-04
2.084888409596361214e+02,-9.960753014269321340e-06,5.247249554079948426e-03,-2.405206037986073932e-03,1.049367141873887022e+00,1.502733701643521624e-09,5.437615209961492446e-04,-2.707806753445419871e-04
2.095382081015100084e+02,-9.959250280567677818e-06,5.791011075076097671e-03,-2.675986713330615920e-03,1.049891006325879061e+00,1.476796275508485872e-09,5.440671718861846140e-04,-2.709330397954977376e-04
2.105880991078358875e+02,-9.957773484292169332e-06,6.335078246962282285e-03,-2.946919753126113657e-03,1.050414922241827753e+00,1.447253363006019032e-09,5.443732733066558582e-04,-2.710851345125750260e-04
2.116385140300777152e+02,-9.956326230929163313e-06,6.879451520268938143e-03,-3.218004887638688683e-03,1.050938733755600651e+00,1.419556196444621840e-09,5.446790838198895673e-04,-2.712378937895160505e-04
2.126894527638333159e+02,-9.954906674732718692e-06,7.424130604088827710e-03,-3.489242781428204734e-03,1.051447450170797993e+00,1.390072939356240696e-09,5.449864510069070758e-04,-2.713907574559389427e-04
2.137409002140041139e+02,-9.953516601793362451e-06,7.969117055095734786e-03,-3.760633538884143676e-03,1.051986736177042303e+00,1.360254920711818829e-09,5.452931543374912177e-04,-2.715437256337618031e-04
2.147928869501811562e+02,-9.952156346872650632e-06,8.514410209433226004e-03,-4.032177264517905479e-03,1.052495540656877893e+00,1.330645915078898815e-09,5.456014093564998113e-04,-2.716967984443029518e-04
2.158453824908380341e+02,-9.950825700957571733e-06,9.060011618789725815e-03,-4.303874062962208431e-03,1.053019382773925372e+00,1.299072956567344072e-09,5.459082600172103505e-04,-2.718499760090663242e-04
2.168984018736119594e+02,-9.949526628001004389e-06,9.605919878806936166e-03,-4.575724038971274756e-03,1.053543672036170165e+00,1.268800304162542099e-09,5.462173961261022892e-04,-2.720036327898255751e-04
2.179519455456481296e+02,-9.948257827696841847e-06,1.015213727493303845e-02,-4.847727671761100331e-03,1.054052353672659592e+00,1.236746417533222996e-09,5.465258632507755121e-04,-2.721573948744815050e-04
2.190059978993207892e+02,-9.947021081279308624e-06,1.069866313818381397e-02,-5.119885066635581836e-03,1.054576572334411821e+00,1.205627081646631969e-09,5.468351353790906061e-04,-2.723112623860390186e-04
2.200605744716552010e+02,-9.945815454197661992e-06,1.124549827356290457e-02,-5.392196329021620854e-03,1.055100763117138740e+00,1.172728310885919598e-09,5.471444734985366626e-04,-2.724652354476929730e-04
2.211156752347723398e+02,-9.944642725886776072e-06,1.179264274706144124e-02,-5.664661564469313827e-03,1.055625086517181899e+00,1.140771903228990683e-09,5.474546124552958498e-04,-2.726200636769381819e-04
2.221713003212895217e+02,-9.943501953983547082e-06,1.234009735951673709e-02,-5.937281628146252009e-03,1.056133926342198492e+00,1.107030373268111031e-09,5.477648140455870784e-04,-2.727742486168067623e-04
2.232274342476317202e+02,-9.942394923610278971e-06,1.288786217356232416e-02,-6.210055876763058771e-03,1.056658175722361648e+00,1.073508651662166431e-09,5.480750771966573509e-04,-2.729292893808689738e-04
2.242840924233540818e+02,-9.941321414958616804e-06,1.343593725075898151e-02,-6.482985166143927745e-03,1.057182884726415750e+00,1.040368491154992176e-09,5.483876049713759526e-04,-2.730833116406251176e-04
2.253412753080804976e+02,-9.940281046467461812e-06,1.398432485573035747e-02,-6.756068477784552863e-03,1.057691595632292092e+00,1.006017723434519647e-09,5.486979856124535315e-04,-2.732396907023188978e-04
2.263989669037127896e+02,-9.939275028744027292e-06,1.453302284134281100e-02,-7.029308168486871761e-03,1.058215902480554860e+00,9.714961577018797366e-10,5.490091585088289344e-04,-2.733939260386739414e-04
2.274571828061933445e+02,-9.938303532586325413e-06,1.508203199985163993e-02,-7.302702094525545702e-03,1.058725175529133367e+00,9.369318351097854743e-10,5.493225879850526655e-04,-2.735497689331086932e-04
2.285159079817224779e+02,-9.937366600751215627e-06,1.563135458783669260e-02,-7.576251863458654395e-03,1.059249736079266313e+00,9.014977584367872424e-10,5.496353357404108742e-04,-2.737057192946437678e-04
2.295751577178017442e+02,-9.936465102992778840e-06,1.618098992357710347e-02,-7.849957582753298163e-03,1.059758918493429292e+00,8.657362246912366248e-10,5.499488677143359039e-04,-2.738617772490310048e-04
2.306349166362951735e+02,-9.935599366768087603e-06,1.673093879129143938e-02,-8.123819360002329168e-03,1.060283401816150217e+00,8.306397131499965083e-10,5.502617166439731367e-04,-2.740179429231125174e-04
2.316952000381113237e+02,-9.934768727054937607e-06,1.728120050793541251e-02,-8.397837302925441685e-03,1.060808020058573220e+00,7.944945095663313774e-10,5.505753468579323295e-04,-2.741742164432472983e-04
2.327560080581698969e+02,-9.933974232545371276e-06,1.783177585479334484e-02,-8.672011519368688984e-03,1.061317235159918937e+00,7.579327999416516628e-10,5.508897556831433839e-04,-2.743305979359868946e-04
2.338173252933298158e+02,-9.933216299745429624e-06,1.838266561047648823e-02,-8.946342117304675878e-03,1.061842110080078783e+00,7.209551223926006234e-10,5.512049404454953672e-04,-2.744870875287450107e-04
2.348791674034098946e+02,-9.932495344623037023e-06,1.893387055092198359e-02,-9.220829204833420889e-03,1.062351229214272053e+00,6.849208457117712248e-10,5.515194371124333694e-04,-2.746444375147354816e-04
2.359415186326241667e+02,-9.931810423777325252e-06,1.948538998803441696e-02,-9.495473642348156371e-03,1.062860798696874554e+00,6.471121072549663360e-10,5.518361673484649399e-04,-2.748011441020895007e-04
2.370043794313210412e+02,-9.931163311670070286e-06,2.003722615538288190e-02,-9.770274786450245871e-03,1.063385375706417335e+00,6.100670348077949371e-10,5.521507460115974986e-04,-2.749587117519443347e-04
2.380677648070274586e+02,-9.930553244635262491e-06,2.058937690139447940e-02,-1.004523349820219021e-02,1.063894848087642231e+00,5.717970917647088695e-10,5.524675537128542757e-04,-2.751163886331366853e-04
2.391316596551151008e+02,-9.929981447543497782e-06,2.114184445510733368e-02,-1.032034988683532689e-02,1.064420024682618759e+00,5.348233229440606251e-10,5.527851264231845030e-04,-2.752741748745374251e-04
2.401960796797977196e+02,-9.929446624220553721e-06,2.169462958153051818e-02,-1.059562406170986432e-02,1.064929399875950367e+00,4.954559761626584156e-10,5.531020041461415238e-04,-2.754320706055551904e-04
2.412610090796736699e+02,-9.928951168244391063e-06,2.224773158567665970e-02,-1.087105613231541951e-02,1.065438888228129599e+00,4.576549690956413464e-10,5.534196439669798739e-04,-2.755900759553366747e-04
2.423264479679017995e+02,-9.928493513275295421e-06,2.280115122964363958e-02,-1.114664620827075618e-02,1.065963759748314033e+00,4.192607844897438575e-10,5.537365875036871776e-04,-2.757481910536842967e-04
2.433924117276501136e+02,-9.928074252490805678e-06,2.335488781714732676e-02,-1.142239439932444048e-02,1.066473492270375800e+00,3.799221965622960476e-10,5.540557451434065250e-04,-2.759071698553664659e-04
2.444588852199204894e+02,-9.927694330294243382e-06,2.390894356229073328e-02,-1.169830156917980694e-02,1.066998973226588987e+00,3.410705580980763919e-10,5.543756568939274543e-04,-2.760662592896367951e-04
2.455258841931470783e+02,-9.927353259736145305e-06,2.446331921918466074e-02,-1.197436782846944374e-02,1.066342436412327288e+00,2.002883168631238917e-04,5.438662785023466728e-04,-2.708107737007404286e-04
2.465922266295594056e+02,1.903609636033877430e-04,2.500718549768700741e-02,-1.224517860217018417e-02,1.065913877223067630e+00,-8.619062613288229046e-05,5.376544976812384913e-04,-2.677079368783134850e-04
2.476581405067824733e+02,1.041703374705054525e-04,2.554483999536824590e-02,-1.251288653904849765e-02,1.066420744142988042e+00,-1.130018105739963628e-04,5.379549922278521745e-04,-2.678565970462218337e-04
2.487245612509254613e+02,-8.831473103490910235e-06,2.608279498759609807e-02,-1.278074313609471949e-02,1.066959452275199283e+00,-9.751147473033915472e-08,5.382577485941453244e-04,-2.680076220267970516e-04
2.497915207032006606e+02,-8.928984578221249390e-06,2.662105273619024340e-02,-1.304875075812151654e-02,1.067466672047913789e+00,5.631073268610533070e-08,5.385598606528069210e-04,-2.681564840866894339e-04
2.508589873752485744e+02,-8.872673845535144059e-06,2.715961259684305032e-02,-1.331690724220820597e-02,1.067957305369901633e+00,1.439065245997255449e-09,5.388584300915315317e-04,-2.683069571572400253e-04
2.519269446806184760e+02,-8.871234780289146804e-06,2.769847102693458185e-02,-1.358521419936544600e-02,1.068464825033345278e+00,9.114986281048484667e-10,5.391621554279059370e-04,-2.684560211691569553e-04
2.529954095056518213e+02,-8.870323281661041955e-06,2.823763318236248779e-02,-1.385367022053460295e-02,1.068955737661639205e+00,9.760928817771380873e-10,5.394623375925104714e-04,-2.686082085444317646e-04
2.540643652433134605e+02,-8.869347188779264817e-06,2.877709551995499826e-02,-1.412227842907903472e-02,1.069462845098598791e+00,9.386891411244929892e-10,5.397647716018291741e-04,-2.687574757864723968e-04
2.551338280884120593e+02,-8.868408499638140324e-06,2.931686029155682743e-02,-1.439103590486550711e-02,1.069954757337342244e+00,9.006159988107385536e-10,5.400694517133410033e-04,-2.689083561287271967e-04
2.562037828457494015e+02,-8.867507883639329586e-06,2.985692974327016844e-02,-1.465994426099423431e-02,1.070445726092373206e+00,8.623982355315259292e-10,5.403705901781234722e-04,-2.690593387861036495e-04
2.572742285718417747e+02,-8.866645485403798060e-06,3.039730033344829191e-02,-1.492900359978033796e-02,1.070937187336710394e+00,8.235882498565833291e-10,5.406739726404423407e-04,-2.692104238765941765e-04
2.583451657591784851e+02,-8.865821897153941476e-06,3.093797430608873425e-02,-1.519821402365693214e-02,1.071444885898074517e+00,7.860807900127706783e-10,5.409795933614715280e-04,-2.693631248626340152e-04
2.594166106450765596e+02,-8.865035816363928706e-06,3.147895389945020578e-02,-1.546757714851956615e-02,1.071936637200963105e+00,7.468795489774695921e-10,5.412845602868823769e-04,-2.695129022392012824e-04
2.604885472822775228e+02,-8.864288936814951236e-06,3.202023845973708815e-02,-1.573709005075876743e-02,1.072428160613526416e+00,7.084572646769631910e-10,5.415888739311106037e-04,-2.696658095008228062e-04
2.615609754428910492e+02,-8.863580479550274273e-06,3.256182733366819876e-02,-1.600675586025959024e-02,1.072935216806342851e+00,6.704144293291164564e-10,5.418925348090256056e-04,-2.698173063275625949e-04
2.626339106596973920e+02,-8.862910065120945156e-06,3.310371986847722436e-02,-1.627657316658715284e-02,1.073411254254324376e+00,6.310648692689068296e-10,5.421984250652753246e-04,-2.699689061824370184e-04
2.637073219139517164e+02,-8.862279000251676250e-06,3.364591829354249969e-02,-1.654654207276958985e-02,1.073918596833664196e+00,5.921227363118200483e-10,5.425036589007808940e-04,-2.701221245714306718e-04
2.647812405107853806e+02,-8.861686877515364429e-06,3.418842195244328058e-02,-1.681666419734102053e-02,1.074426469617208113e+00,5.533815827652561158e-10,5.428111153365014485e-04,-2.702739316595322017e-04
2.658556669804025887e+02,-8.861133495932599173e-06,3.473123306777978203e-02,-1.708693812900055273e-02,1.074886745305491331e+00,5.137961195128564916e-10,5.431179117018694602e-04,-2.704273583415857385e-04
2.669305537257080800e+02,-8.860619699813086317e-06,3.527435097948165149e-02,-1.735736548734213847e-02,1.075410702405122265e+00,4.751269650746280451e-10,5.434269238935515722e-04,-2.705793731450044370e-04
2.680059644281132023e+02,-8.860144572848011689e-06,3.581777790337520306e-02,-1.762794486048714290e-02,1.075902105057593872e+00,4.365073034271111686e-10,5.437323985557074302e-04,-2.707330086041924433e-04
2.690818665331707962e+02,-8.859708065544584578e-06,3.636151030193091049e-02,-1.789867786909133535e-02,1.076394015427922568e+00,3.961375707527099244e-10,5.440400869645284354e-04,-2.708867490447339210e-04
2.701582605485987187e+02,-8.859311927973831868e-06,3.690555038889543893e-02,-1.816956461813606927e-02,1.076885688468280478e+00,3.575769727905321214e-10,5.443471127049223646e-04,-2.710390767394384171e-04
2.712351462370669992e+02,-8.858954351001041336e-06,3.744989750160036129e-02,-1.844060369487550768e-02,1.077377873615091630e+00,3.180087446274241147e-10,5.446563454268096849e-04,-2.711945449484845505e-04
2.723125241106820908e+02,-8.858636342256413911e-06,3.799455384702717098e-02,-1.871179823982399223e-02,1.077870576296163563e+00,2.780930983437718013e-10,5.449677794044927026e-04,-2.713470823949015731e-04
2.733903946869782544e+02,-8.858358249158070140e-06,3.853952162643166368e-02,-1.898314532221889381e-02,1.078362287825427757e+00,2.385851613929262927e-10,5.452756769189215369e-04,-2.715012431623482769e-04
2.744687569748036822e+02,-8.858119663996677213e-06,3.908479730335058522e-02,-1.925464656538124208e-02,1.078853755456123054e+00,1.992925342507727467e-10,5.455829091862846036e-04,-2.716555095240644202e-04
2.755476107302598052e+02,-8.857920371462426441e-06,3.963038021253686982e-02,-1.952630207490530651e-02,1.079347259999508424e+00,1.595910190650917876e-10,5.458980653501102620e-04,-2.718098816036074172e-04
2.766269579902593136e+02,-8.857760780443361349e-06,4.017627827788698008e-02,-1.979811195650891392e-02,1.079839006480028729e+00,1.194948945311614290e-10,5.462068206446291097e-04,-2.719658798493035379e-04
2.777067969967393424e+02,-8.857641285548830187e-06,4.072248509853160919e-02,-2.007007783635821746e-02,1.080330505695258125e+00,7.994357125510307988e-11,5.465149075980987869e-04,-2.721189438236737423e-04
2.787871275024346005e+02,-8.857561341977575084e-06,4.126900000612970798e-02,-2.034219678018189120e-02,1.080824057794131932e+00,4.054609393797981888e-11,5.468309012877717312e-04,-2.722751549515262104e-04
2.798679515602287324e+02,-8.857520795883637105e-06,4.181583090741747971e-02,-2.061447193513341741e-02,1.081315835460941344e+00,-7.457590283971218120e-14,5.471405004000631789e-04,-2.724299519682275850e-04
2.809492673956896738e+02,-8.857520870459539944e-06,4.236297140781754289e-02,-2.088690188710164500e-02,1.081808134519235409e+00,-4.012276496864807061e-11,5.474522831421732572e-04,-2.725848553231866034e-04
2.820310755302089092e+02,-8.857560993224508592e-06,4.291042369095971615e-02,-2.115948674242483160e-02,1.082300960217423835e+00,-7.994124592096397107e-11,5.477662437976885124e-04,-2.727413875383243036e-04
2.831133764904263330e+02,-8.857640934470429556e-06,4.345818993475740466e-02,-2.143222812996315590e-02,1.082761680880764743e+00,-1.199888082162726792e-10,5.480795247247774449e-04,-2.728980275872594508e-04
2.841961381713070978e+02,-8.857760923278645829e-06,4.400626945948218210e-02,-2.170512615755041536e-02,1.083285858084025222e+00,-1.597452030630176637e-10,5.483921264634802895e-04,-2.730532523683125434e-04
2.852794240293911230e+02,-8.857920668481708847e-06,4.455466158594566239e-02,-2.197817940991872790e-02,1.083777940348625179e+00,-2.004418731298471647e-10,5.487040495560438491e-04,-2.732085839886981560e-04
2.863632019697397482e+02,-8.858121110354838694e-06,4.510336563550170624e-02,-2.225138799390742605e-02,1.084271333583274100e+00,-2.401831400138939665e-10,5.490209890176497853e-04,-2.733670706967609998e-04
2.874474733033230223e+02,-8.858361293494852588e-06,4.565238662451935603e-02,-2.252475506460418705e-02,1.084731769399979839e+00,-2.808026893283801020e-10,5.493343958648810865e-04,-2.735226180393159068e-04
2.885322050727230021e+02,-8.858642096184180968e-06,4.620172102038423712e-02,-2.279827768264350296e-02,1.085256575714652172e+00,-3.213695517468147462e-10,5.496499651162917166e-04,-2.736797974952250023e-04
2.896174616484376543e+02,-8.858963465735927783e-06,4.675137098550052883e-02,-2.307195748013872796e-02,1.085718047429793387e+00,-3.610230610657713928e-10,5.499676910631842719e-04,-2.738355602342340545e-04
2.907031796958674477e+02,-8.859324488796993554e-06,4.730133867656371310e-02,-2.334579304037296202e-02,1.086210406769282599e+00,-4.021203032099400715e-10,5.502818860355293551e-04,-2.739944819061188030e-04
2.917893901026367303e+02,-8.859726609100203494e-06,4.785162056259924246e-02,-2.361978752227908082e-02,1.086735295575692817e+00,-4.422152940495628366e-10,5.505982356726127347e-04,-2.741519875352239899e-04
2.928761253982124231e+02,-8.860168824394253057e-06,4.840221879827185519e-02,-2.389393950981430481e-02,1.090469461615043656e+00,-3.731623056271735962e-04,5.769877581168411651e-04,-2.873450541257364932e-04
2.939665948598274667e+02,-3.820224744515678594e-04,4.897920655638869636e-02,-2.418128456394004130e-02,1.099930782150863706e+00,-5.400456488963887268e-04,6.451767617171935698e-04,-3.214274810104562896e-04
2.950665256419783304e+02,-9.220681233479565862e-04,4.962438331810588993e-02,-2.450271204495049759e-02,1.101330550805869279e+00,9.048065544134830827e-04,6.456790320441899156e-04,-3.216713663134439238e-04
2.961678561927841997e+02,-1.726156893447345267e-05,5.027006235015007984e-02,-2.482438341126394152e-02,1.101389356951358423e+00,2.576147765755224041e-06,6.460837636647065452e-04,-3.218772522305263228e-04
2.972692455497355581e+02,-1.468542116871822863e-05,5.091614611381478639e-02,-2.514626066349446784e-02,1.101969833428029233e+00,-8.541056989347365665e-07,6.465214076412234556e-04,-3.220955321237214952e-04
2.983712153831635874e+02,-1.553952686765296519e-05,5.156266752145600984e-02,-2.546835619561818934e-02,1.102519395479816922e+00,-1.756416468349594902e-08,6.469635908798385127e-04,-3.223139896079071920e-04
2.994737347786434043e+02,-1.555709103233646114e-05,5.220963111233584836e-02,-2.579067018522609653e-02,1.103068490979410399e+00,-7.937237566932531718e-09,6.474046461898488869e-04,-3.225341544699049379e-04
3.005768032696228147e+02,-1.556502826990339367e-05,5.285703575852569724e-02,-2.611320433969600147e-02,1.103647647021944067e+00,-9.554274562692267317e-09,6.478389246905927323e-04,-3.227544988982818108e-04
3.016804509166447588e+02,-1.557458254446608594e-05,5.350487468321628998e-02,-2.643595883859428328e-02,1.104231238772683810e+00,-9.643666638333011840e-09,6.482890271644892177e-04,-3.229750231436949448e-04
3.027846821554174426e+02,-1.558422621110441895e-05,5.415316371038077919e-02,-2.675893386173797822e-02,1.104778989117221499e+00,-9.716180206504856009e-09,6.487266976851063793e-04,-3.231926654112086961e-04
3.038894611445346641e+02,-1.559394239131092381e-05,5.480189040806588557e-02,-2.708212652714918692e-02,1.105361720174300899e+00,-9.789381685054639745e-09,6.491745223939984766e-04,-3.234166111003820843e-04
3.049948228647089650e+02,-1.560373177299597845e-05,5.545106493045988405e-02,-2.740554313824956900e-02,1.105910177338216727e+00,-9.863416874393766444e-09,6.496155672042688844e-04,-3.236376763050413663e-04
3.061007330420471817e+02,-1.561359518987037222e-05,5.610068049766415293e-02,-2.772918081455461037e-02,1.106492033817232823e+00,-9.938284715649736874e-09,6.500611110747261945e-04,-3.238558573138636265e-04
3.072072250758644145e+02,-1.562353347458602195e-05,5.675074160873887913e-02,-2.805303667186847399e-02,1.107041199268735454e+00,-1.001295246740493950e-08,6.505055124652187049e-04,-3.240803484476847962e-04
3.083142662751331500e+02,-1.563354642705342689e-05,5.740124712120409783e-02,-2.837711702031615879e-02,1.107589878057581245e+00,-1.008827438421641340e-08,6.509487724472573511e-04,-3.243019568848759526e-04
3.094218561531907312e+02,-1.564363470143764331e-05,5.805219589365135519e-02,-2.870141897720103474e-02,1.108172022418727920e+00,-1.016314046536502449e-08,6.513965127317652981e-04,-3.245237469069184311e-04
3.105300281756094591e+02,-1.565379784190300833e-05,5.870359240638312048e-02,-2.902594272410795317e-02,1.108723063741365422e+00,-1.023856087973819490e-08,6.518487197456623861e-04,-3.247487877690406755e-04
3.116387512393508246e+02,-1.566403640278274652e-05,5.935544112612878287e-02,-2.935069151187699385e-02,1.109304317537350926e+00,-1.031569247259217850e-08,6.522941532975390366e-04,-3.249709437199849171e-04
3.127480555568881755e+02,-1.567435209525533870e-05,6.000773527942632191e-02,-2.967566245559697877e-02,1.109854425191883820e+00,-1.039024873883648108e-08,6.527440484171073698e-04,-3.251932820234754162e-04
3.138579099820800593e+02,-1.568474234399417518e-05,6.066047932784342928e-02,-3.000085573762045418e-02,1.110402377976015487e+00,-1.046606354637645802e-08,6.531871795694491056e-04,-3.254188749315344020e-04
3.149683123600560748e+02,-1.569520840754055164e-05,6.131366650741287838e-02,-3.032627461255198859e-02,1.110987233872435809e+00,-1.054358682308105121e-08,6.536459717831136218e-04,-3.256415807093085424e-04
3.160792995939285106e+02,-1.570575199436363269e-05,6.196731247919599200e-02,-3.065191619326129713e-02,1.111535898979354897e+00,-1.062095396834377629e-08,6.540923889000252456e-04,-3.258675436094808642e-04
3.171908354929078655e+02,-1.571637294833197647e-05,6.262140486809601725e-02,-3.097778373687077799e-02,1.112118180031586689e+00,-1.069821449504188417e-08,6.545432463067879514e-04,-3.260936928989217887e-04
3.183029536729394522e+02,-1.572707116282701835e-05,6.327594811440280520e-02,-3.130387742976969978e-02,1.112669229226469270e+00,-1.077541824917374320e-08,6.549985304484806647e-04,-3.263169528372258932e-04
3.194156229021659215e+02,-1.573784658107619210e-05,6.393094664485128586e-02,-3.163019438260692567e-02,1.113218099877258283e+00,-1.085246523920127331e-08,6.554470524361838413e-04,-3.265434736878028432e-04
3.205288410020431797e+02,-1.574869904631539337e-05,6.458639369728746971e-02,-3.195673785629472852e-02,1.113769829796979138e+00,-1.093098941580661451e-08,6.559055800412216808e-04,-3.267701817171314582e-04
3.216426108318401589e+02,-1.575963003573119998e-05,6.524229927732869139e-02,-3.228350803801185998e-02,1.114351902458395216e+00,-1.100822321319083752e-08,6.563573440398345893e-04,-3.269939981694267028e-04
3.227569627342985541e+02,-1.577063825894439082e-05,6.589865662136852598e-02,-3.261050203618128668e-02,1.114902667208070852e+00,-1.108823941617438527e-08,6.568135135509162170e-04,-3.272241593658686831e-04
3.238718654015066249e+02,-1.578172649836056521e-05,6.655547013491944219e-02,-3.293772619554715536e-02,1.115452924731584972e+00,-1.116666255974348696e-08,6.572685020194701799e-04,-3.274483494863783539e-04
3.249873183262382099e+02,-1.579289316092030869e-05,6.721273863693891237e-02,-3.326517454503353372e-02,1.116036959053190003e+00,-1.124492608130215504e-08,6.577278799094893325e-04,-3.276758068672183666e-04
3.261033552852913999e+02,-1.580413808700161085e-05,6.787046651684840171e-02,-3.359285035190075208e-02,1.116555328462197849e+00,-1.132478684289447176e-08,6.581860680003465136e-04,-3.279065358126470597e-04
3.272199106137535978e+02,-1.581546287384450532e-05,6.852865258484874822e-02,-3.392075688771339914e-02,1.117136674645394123e+00,-1.140305594098941578e-08,6.586375053958537507e-04,-3.281312884278464459e-04
3.283370472883989919e+02,-1.582686592978549474e-05,6.918729009024460197e-02,-3.424888817614124559e-02,1.117690037670456604e+00,-1.148409932897302569e-08,6.591044412963958932e-04,-3.283623972152038828e-04
3.294547373260694485e+02,-1.583835002911446776e-05,6.984639453154099786e-02,-3.457725057335644947e-02,1.118272137093811125e+00,-1.156385108810781032e-08,6.595590594084405067e-04,-3.285906122582685218e-04
3.305730094631632596e+02,-1.584991388020257557e-05,7.050595359094943837e-02,-3.490584118561471799e-02,1.118790107477195761e+00,-1.164484385907961755e-08,6.600180432554808574e-04,-3.288221039958669212e-04
3.316917995706404554e+02,-1.586155872406165519e-05,7.116597163420491923e-02,-3.523466328961058491e-02,1.119374634718838024e+00,-1.172442088750110553e-08,6.604813793129327149e-04,-3.290476123787369755e-04
3.328111742053592934e+02,-1.587328314494915630e-05,7.182645301351785194e-02,-3.556371090198932189e-02,1.119925973640363281e+00,-1.180553757630311987e-08,6.609435103649557997e-04,-3.292794861253015015e-04
3.339311001789996567e+02,-1.588508868252545942e-05,7.248739652388280774e-02,-3.589299038811462339e-02,1.120444037970457885e+00,-1.188618901851320412e-08,6.614044375529842812e-04,-3.295115533191034229e-04
3.350515442169701146e+02,-1.589697487154397262e-05,7.314880096143579202e-02,-3.622250194143372681e-02,1.121061554956725104e+00,-1.196852958064334015e-08,6.618696983847344173e-04,-3.297407230556242963e-04
3.361726057719268397e+02,-1.590894340112461596e-05,7.381067065982052644e-02,-3.655224266448935111e-02,1.121578560231796473e+00,-1.204935245812744152e-08,6.623282139515962452e-04,-3.299700837341434934e-04
3.372941843321586362e+02,-1.592099275358274340e-05,7.447299887377212269e-02,-3.688221274822349460e-02,1.122131254624548546e+00,-1.213153424622876808e-08,6.627965871618679561e-04,-3.302058220728751325e-04
3.384163155867831847e+02,-1.593312428782897217e-05,7.513579546093399064e-02,-3.721241857029636974e-02,1.122683423207831765e+00,-1.221217709252488690e-08,6.632637391123241688e-04,-3.304324752951906530e-04
3.395389990099910165e+02,-1.594533646492149706e-05,7.579905920004631481e-02,-3.754285104559156039e-02,1.123267911351547355e+00,-1.229570112781837722e-08,6.637296709603862643e-04,-3.306686030197930615e-04
3.406622669213425638e+02,-1.595763216604931543e-05,7.646278887100670107e-02,-3.787351964861135345e-02,1.123786180560728098e+00,-1.237933247449861363e-08,6.641943838671254818e-04,-3.309018326335330662e-04
3.417860531019032919e+02,-1.597001149852381405e-05,7.712698325487382656e-02,-3.820442148124488652e-02,1.124371383826087367e+00,-1.246114724196012175e-08,6.646633933629769730e-04,-3.311321603217953768e-04
3.429104244857293793e+02,-1.598247264576577417e-05,7.779164664823680353e-02,-3.853555364156668189e-02,1.124890286315292087e+00,-1.254436660620082125e-08,6.651311752497307550e-04,-3.313657789491553096e-04
3.440353147720446714e+02,-1.599501701237197499e-05,7.845677782348653428e-02,-3.886691942051583720e-02,1.125476210192857707e+00,-1.262799095851666010e-08,6.656032377319320847e-04,-3.315995935286239482e-04
3.451607909822375291e+02,-1.600764500333049165e-05,7.912238106121846637e-02,-3.919851901404446115e-02,1.126026938822349166e+00,-1.271097115945394023e-08,6.660685605828220446e-04,-3.318336043420452852e-04
3.462868179210598782e+02,-1.602035597448994559e-05,7.978844962180128841e-02,-3.953035261838650644e-02,1.126547676522079655e+00,-1.279517710607211943e-08,6.665436587462159057e-04,-3.320709131030205596e-04
3.474133655975819579e+02,-1.603315115159601771e-05,8.045499328054750432e-02,-3.986242353148952700e-02,1.127132028041046397e+00,-1.287919070472169115e-08,6.670120159693732065e-04,-3.323022168318506830e-04
3.485404976256230043e+02,-1.604603034230073940e-05,8.112200529651687753e-02,-4.019472574832137768e-02,1.127651632946651716e+00,-1.296315392251902216e-08,6.674846328349470781e-04,-3.325399215388033514e-04
3.496681492585696560e+02,-1.605899349622325842e-05,8.178948992935182460e-02,-4.052726566986018103e-02,1.128236693528663181e+00,-1.304879199578144484e-08,6.679560071638501739e-04,-3.327747221847296433e-04
3.507963859520983192e+02,-1.607204228821903987e-05,8.245744593651567478e-02,-4.086004039204491067e-02,1.128756931849693501e+00,-1.313238801811135708e-08,6.684316251761718286e-04,-3.330097204853332826e-04
3.519251428839480127e+02,-1.608517467623715123e-05,8.312587756169184661e-02,-4.119305011253024396e-02,1.129342706256750262e+00,-1.321947135919548694e-08,6.689059920339801568e-04,-3.332480233214224485e-04
3.530544855902047630e+02,-1.609839414759634671e-05,8.379478355372582676e-02,-4.152629813585166640e-02,1.129861793473423859e+00,-1.330351813566820482e-08,6.693791089337902678e-04,-3.334834198594899268e-04
3.541843473836781868e+02,-1.611169766573201492e-05,8.446416266265961703e-02,-4.185978155571115633e-02,1.130415163723910155e+00,-1.338918432751745927e-08,6.698564511031790403e-04,-3.337190149124147354e-04
3.553147625474020970e+02,-1.612508685005953238e-05,8.513401911376279607e-02,-4.219350057062357107e-02,1.130969770489912207e+00,-1.347467328751758976e-08,6.703380050741003515e-04,-3.339579184741328644e-04
3.564457323178920092e+02,-1.613856152334704997e-05,8.580435711883689642e-02,-4.252745848909770393e-02,1.131522023189006632e+00,-1.356177804327513958e-08,6.708128240015404087e-04,-3.341970242427341753e-04
3.575772543410810158e+02,-1.615212330139032511e-05,8.647516994283843683e-02,-4.286165551334043811e-02,1.132073705094114757e+00,-1.364805940369518116e-08,6.712863867907176152e-04,-3.344363325127053255e-04
3.587093280461751306e+02,-1.616577136079402029e-05,8.714645632962915445e-02,-4.319609184585314343e-02,1.132595224733563555e+00,-1.373461470548014915e-08,6.717696133620026933e-04,-3.346727307492469716e-04
3.598419232709086941e+02,-1.617950597549950044e-05,8.781822594299115714e-02,-4.353076457660239040e-02,1.133182556905865113e+00,-1.382064245456605467e-08,6.722515642164084149e-04,-3.349124428209671045e-04
3.609751058278145592e+02,-1.619332661795406649e-05,8.849047750720756556e-02,-4.386567701942335751e-02,1.133701092858871107e+00,-1.390897719760669023e-08,6.727267885598409158e-04,-3.351523582765178477e-04
3.621088069206734303e+02,-1.620723559515167318e-05,8.916320429576740647e-02,-4.420082937769987536e-02,1.134255874517407392e+00,-1.399688747558827727e-08,6.732116473308069615e-04,-3.353893614520334077e-04
3.632430627951908377e+02,-1.622123248262726146e-05,8.983641594309821343e-02,-4.453621873915190876e-02,1.134810086643426530e+00,-1.408386750184121607e-08,6.736952230512738282e-04,-3.356327994800539782e-04
3.643778728818342643e+02,-1.623531635012910267e-05,9.051011116614948726e-02,-4.487185153863196274e-02,1.135328600544141864e+00,-1.417146601605153702e-08,6.741720759468050606e-04,-3.358733268672906003e-04
3.655132014823784061e+02,-1.624948781614515421e-05,9.118428324209629232e-02,-4.520772486549925334e-02,1.135918581009718764e+00,-1.425928181145841951e-08,6.746639712792157351e-04,-3.361140588277466978e-04
3.666491200633881249e+02,-1.626374709795661263e-05,9.185894721337550806e-02,-4.554383892432700004e-02,1.136437714756993955e+00,-1.434870264373558617e-08,6.751436979146041573e-04,-3.363549956598571589e-04
3.677855577781451188e+02,-1.627809580060034822e-05,9.253409091129011221e-02,-4.588019391998685720e-02,1.136991388452543106e+00,-1.443799095954791047e-08,6.756275764461389111e-04,-3.365961376631254609e-04
3.689225491665976620e+02,-1.629253379155989613e-05,9.320971848773625112e-02,-4.621679005764998266e-02,1.137512926378065004e+00,-1.452645284974202894e-08,6.761155934411899882e-04,-3.368374851372077372e-04
3.700600620929757270e+02,-1.630706024440963816e-05,9.388583408117744111e-02,-4.655362754278719040e-02,1.138069059975578057e+00,-1.461507584132689286e-08,6.766077354679461697e-04,-3.370821616880473326e-04
3.711981311529513050e+02,-1.632167532025096505e-05,9.456244181664538728e-02,-4.689070970447523773e-02,1.138619085976756651e+00,1.057027801317272019e-07,6.770823131509312587e-04,-3.373239231128019600e-04
3.723367502389280617e+02,-1.621597254011923785e-05,9.523952412979631854e-02,-4.722803362758803969e-02,1.161960931974419964e+00,-2.647868964452343779e-03,8.356216291192930523e-04,-4.165732329344321028e-04
3.734987111709024816e+02,-2.664084936992462942e-03,9.607514575891561159e-02,-4.764460686052247179e-02,1.167231918378831779e+00,2.334689596857356109e-03,8.470367349698720849e-04,-4.222503103972277683e-04
3.746659430892813134e+02,-3.293953401351067253e-04,9.692218249388548368e-02,-4.806685717091969956e-02,1.166613638389947027e+00,2.981077909829501289e-04,8.476279525916619040e-04,-4.225569414510257915e-04
3.758325567276712604e+02,-3.128754915215659635e-05,9.776981044647714558e-02,-4.848941411237072535e-02,1.167126888641575988e+00,-4.630382436748903317e-06,8.484006846173064442e-04,-4.229421266144783864e-04
3.769996836163128364e+02,-3.591793158890549967e-05,9.861821113109445203e-02,-4.891235623898520374e-02,1.167776464516236956e+00,-4.675971530301837285e-07,8.491816347467040504e-04,-4.233308560686807609e-04
3.781674600808290734e+02,-3.638552874193568340e-05,9.946739276584115608e-02,-4.933568709505388450e-02,1.168458336416904331e+00,-5.763701804387409743e-08,8.499599863303897163e-04,-4.237200036073113241e-04
3.793359184172459777e+02,-3.644316575997955750e-05,1.003173527521715458e-01,-4.975940709866119582e-02,1.169142714762870128e+00,-6.383121138191948834e-08,8.507465163947319775e-04,-4.241095700066102592e-04
3.805050611320088478e+02,-3.650699697136147698e-05,1.011680992685662778e-01,-5.018351666866780608e-02,1.169788522417547938e+00,-6.545432475225796331e-08,8.515196619075932061e-04,-4.244995560454961625e-04
3.816748496544263958e+02,-3.657245129611373495e-05,1.020196189304738710e-01,-5.060801622471330224e-02,1.170440480520255733e+00,-6.576314538010084821e-08,8.523117293977172659e-04,-4.248899625039284644e-04
3.828452901349466515e+02,-3.663821444149383580e-05,1.028719306598715882e-01,-5.103290618721723071e-02,1.171124825613503617e+00,-6.607797379044492514e-08,8.531011558526313543e-04,-4.252870653720444705e-04
3.840164149605601551e+02,-3.670429241528428072e-05,1.037250318157242196e-01,-5.145819325258927518e-02,1.171770488036145252e+00,-6.639940251445484434e-08,8.538772072080036413e-04,-4.256751814217876739e-04
3.851881854485963004e+02,-3.677069181779873557e-05,1.045789090229322232e-01,-5.188386843401106285e-02,1.172426064447165572e+00,-6.672336388679762486e-08,8.546828355367186436e-04,-4.260699967958900269e-04
3.863606115130434659e+02,-3.683741518168553319e-05,1.054335918584689419e-01,-5.230993843080695288e-02,1.173106593873342263e+00,-6.705009266883455062e-08,8.554643395550926011e-04,-4.264652397535928507e-04
3.875337181069168082e+02,-3.690446527435436774e-05,1.062890561980240345e-01,-5.273640367056054573e-02,1.173759592775866167e+00,-6.737269228780911473e-08,8.562646346658708829e-04,-4.268609110949020402e-04
3.887074776996926744e+02,-3.697183796664217686e-05,1.071453208326899054e-01,-5.316326458165544777e-02,1.174407504788973711e+00,-6.770287399295379796e-08,8.570515490952945736e-04,-4.272570116227378256e-04
3.898818852044816481e+02,-3.703954084063513065e-05,1.080023723817851999e-01,-5.359052159327818560e-02,1.175061609014562691e+00,-6.803201797231887967e-08,8.578571968265447101e-04,-4.276535421409571880e-04
3.910569468134962108e+02,-3.710757285860744953e-05,1.088602295786117446e-01,-5.401817513541914278e-02,1.175744474425926001e+00,-6.836700341313344149e-08,8.586494611533823651e-04,-4.280505034560677657e-04
3.922326912879221368e+02,-3.717593986202058297e-05,1.097188790397651270e-01,-5.444622563887521055e-02,1.176395950990865913e+00,-6.869725405131015027e-08,8.594497280274837614e-04,-4.284541930601321047e-04
3.934090872389130027e+02,-3.724463711607189313e-05,1.105783287677926108e-01,-5.487467983193534266e-02,1.177049861299224176e+00,-6.903358075260819559e-08,8.602579639986202009e-04,-4.288520237975129712e-04
3.945861371002122269e+02,-3.731367069682450132e-05,1.114385867317912310e-01,-5.530353185573285563e-02,1.177698632200417705e+00,-6.936919667940871391e-08,8.610528263331140852e-04,-4.292502877731238509e-04
3.957638357324126446e+02,-3.738303989350391003e-05,1.122996395581243451e-01,-5.573278214350597948e-02,1.178387590965712661e+00,-6.971096787686546824e-08,8.618662914248731433e-04,-4.296489858012647600e-04
3.969422233233783572e+02,-3.745275086138077550e-05,1.131615058495492182e-01,-5.616243112930724424e-02,1.179003476522154870e+00,-7.004979856222381344e-08,8.626663802750317300e-04,-4.300607337167569599e-04
3.981212267999005121e+02,-3.752280065994299932e-05,1.140241722298242499e-01,-5.659249186302400120e-02,1.179693559507938971e+00,-7.039380391310137318e-08,8.634850142268529760e-04,-4.304540029372028176e-04
3.993009203594084511e+02,-3.759319446385610069e-05,1.148876572440511029e-01,-5.702294586596120402e-02,1.180310445667430486e+00,-7.073803900515889757e-08,8.642902693776904899e-04,-4.308666393617391344e-04
4.004812308050758816e+02,-3.766393250286125959e-05,1.157519475134287934e-01,-5.745381250532294315e-02,1.180997830294302275e+00,-7.108375582236617102e-08,8.651034032697429987e-04,-4.312670981290803174e-04
4.016622286353701838e+02,-3.773501625868362576e-05,1.166170509166985364e-01,-5.788507960345202347e-02,1.181615700320151063e+00,-7.143190740075382053e-08,8.659137829567925548e-04,-4.316743134766543033e-04
4.028438443356903349e+02,-3.780644816608437958e-05,1.174829646996553290e-01,-5.831675391692867777e-02,1.182304175898593712e+00,-7.178273767074702140e-08,8.667320021739782776e-04,-4.320819760276622956e-04
4.040261485115889286e+02,-3.787823090375512660e-05,1.183496967018293072e-01,-5.874883589295634007e-02,1.182923022575948835e+00,-7.213580953235036080e-08,8.675474463615273635e-04,-4.324837627728492229e-04
4.052090715341648774e+02,-3.795036671328747696e-05,1.192172441481908346e-01,-5.918131965572918929e-02,1.183578399433770301e+00,-7.248624669780185910e-08,8.683706909100863403e-04,-4.328986434055520638e-04
4.063926499335986477e+02,-3.802285295998527882e-05,1.200856148391009209e-01,-5.961421829913474135e-02,1.184266579532788910e+00,-7.284507272994206195e-08,8.691911396487145280e-04,-4.333076526738949275e-04
4.075769165131314367e+02,-3.809569803271522088e-05,1.209548059787496355e-01,-6.004752595180863628e-02,1.184884951156902844e+00,-7.320176161326660000e-08,8.700087959830071771e-04,-4.337171125597602539e-04
4.087618014642883395e+02,-3.816889979432848748e-05,1.218248147747326426e-01,-6.048124306436839653e-02,1.185539926221963469e+00,-7.356314720834031219e-08,8.708342077857339492e-04,-4.341270239218986138e-04
4.099473413905103030e+02,-3.824246294153682779e-05,1.226956489825183766e-01,-6.091537008829029515e-02,1.186163041305178467e+00,-7.392307137189297770e-08,8.716673417420855996e-04,-4.345373876210867348e-04
4.111335044318154814e+02,-3.831638601290872077e-05,1.235673163242604622e-01,-6.134990747591138188e-02,1.186853282873812532e+00,-7.428878356268900753e-08,8.724976384684446362e-04,-4.349545448657995972e-04
4.123203577146892940e+02,-3.839067479647140978e-05,1.244398139627289068e-01,-6.178486202077718148e-02,1.187469620224419486e+00,-7.465396384299119665e-08,8.733145845306877764e-04,-4.353658213518823983e-04
4.135078273349137135e+02,-3.846532876031440098e-05,1.253131285472595946e-01,-6.222022784212906388e-02,1.188130391916615736e+00,-7.502142182815323048e-08,8.741602509568235924e-04,-4.357775527815410666e-04
4.146959577268303292e+02,-3.854035018214255421e-05,1.261872887982164182e-01,-6.265600539491060494e-02,1.188781984291324534e+00,-7.538884362154221579e-08,8.749820384071349544e-04,-4.361960886640897650e-04
4.158847397111216537e+02,-3.861573902576409642e-05,1.270622708366235531e-01,-6.309220148357469471e-02,1.189443740995329790e+00,-7.576466174504404433e-08,8.758324704945252837e-04,-4.366150895480785943e-04
4.170741834521169835e+02,-3.869150368750914047e-05,1.279381033071180784e-01,-6.352881657312277330e-02,1.190061841082524552e+00,-7.613345645844665386e-08,8.766590398003315521e-04,-4.370282021418231411e-04
4.182642452931995081e+02,-3.876763714396758712e-05,1.288147623469184100e-01,-6.396584477526459644e-02,1.190686155308412708e+00,-7.651207228969266654e-08,8.775037071208913186e-04,-4.374481301609584039e-04
4.194549314485079208e+02,-3.884414921625727979e-05,1.296922660540393013e-01,-6.440329290542555485e-02,1.191374035681974419e+00,-7.689122316904584446e-08,8.783350172290593783e-04,-4.378685258667469604e-04
4.206463054841898952e+02,-3.892104043942632563e-05,1.305706010712683607e-01,-6.484116143129230181e-02,1.191999241038502078e+00,-7.726818461821618805e-08,8.791843680933941751e-04,-4.382893901624246302e-04
4.218383047252283973e+02,-3.899830862404454182e-05,1.314497854393617549e-01,-6.527945082145472644e-02,1.192622890010227366e+00,-7.765043522647119929e-08,8.800308030196546394e-04,-4.387107239535309455e-04
4.230309276152386246e+02,-3.907595905927101302e-05,1.323298162423814095e-01,-6.571816154540825738e-02,1.193279553221429978e+00,-7.803524411323251118e-08,8.808743255837858666e-04,-4.391325281478813958e-04
4.242242071684600546e+02,-3.915399430338424553e-05,1.332106905679651954e-01,-6.615729407355613878e-02,1.193904017208808455e+00,-7.842260332431864791e-08,8.817253643397804375e-04,-4.395548036552759941e-04
4.254181111856688631e+02,-3.923241690670856418e-05,1.340924159323049758e-01,-6.659684887721141477e-02,1.194561538472896700e+00,-7.880911078688958770e-08,8.825734703426235672e-04,-4.399775513879988775e-04
4.266126727241417598e+02,-3.931122601749545377e-05,1.349749894026475994e-01,-6.703682642859941365e-02,1.195221468492377426e+00,-7.920154991474860108e-08,8.834290537786948505e-04,-4.404007722605962627e-04
4.278078941926341372e+02,-3.939042756741020237e-05,1.358584184564262942e-01,-6.747722720086000991e-02,1.195845198377980978e+00,-7.959285436343109619e-08,8.842816841208578360e-04,-4.408308465415067268e-04
4.290037393910121182e+02,-3.947002042177363346e-05,1.367427001405471521e-01,-6.791805804740151664e-02,1.196471253951017388e+00,-7.998695050578832465e-08,8.851417531851035747e-04,-4.412550220772165632e-04
4.302002106449631356e+02,-3.955000737227942179e-05,1.376278418937322556e-01,-6.835931306947873320e-02,1.197095707778544238e+00,-8.038329000627339634e-08,8.859988488648384841e-04,-4.416860585087500901e-04
4.313973063527416798e+02,-3.963039066228569518e-05,1.385138407425970941e-01,-6.880099912798748329e-02,1.197753319285936868e+00,-8.078579274554173028e-08,8.868529748332631968e-04,-4.421111924325926701e-04
4.325950596720276167e+02,-3.971117645503123691e-05,1.394006937174303573e-01,-6.924311032042007596e-02,1.236359058831112634e+00,-7.882708528103403445e-03,1.145928704479770577e-03,-5.716424097739064569e-04
4.338314187308587293e+02,-7.922419704558434153e-03,1.405466224219101279e-01,-6.981475273019398242e-02,1.272930912158471983e+00,-8.811442230660746638e-04,1.342196654148419821e-03,-6.697043649435269197e-04
4.351043496430172013e+02,-8.803563927624508817e-03,1.418888190760585477e-01,-7.048445709513750934e-02,1.278788568098491396e+00,8.612250365473641048e-03,1.344529626424478819e-03,-6.707995729236526650e-04
4.363831382111156927e+02,-1.913135621508670644e-04,1.432333487024830265e-01,-7.115525666806116201e-02,1.275145367843776967e+00,4.005355284759508664e-05,1.346273074410681003e-03,-6.717045548543659761e-04
4.376582835789594697e+02,-1.512600093032719778e-04,1.445796217768937075e-01,-7.182696122291552798e-02,1.276013067869541828e+00,-1.998809628585729737e-05,1.348336733810323596e-03,-6.727392318196523391e-04
4.389342966468290115e+02,-1.712481055891292752e-04,1.459279585107040311e-01,-7.249970045473518032e-02,1.276917599855778462e+00,-1.424496033470515777e-06,1.350410193024037531e-03,-6.737821072893279695e-04
4.402112142466847899e+02,-1.726726016225997909e-04,1.472783687037280687e-01,-7.317348256202450829e-02,1.277831945909838396e+00,-5.999763271969304687e-07,1.352513909531782854e-03,-6.748139521194768120e-04
4.414890461925946283e+02,-1.732725779497967214e-04,1.486308826132598515e-01,-7.384829651414398510e-02,1.278736336879774171e+00,-7.456777698799813090e-07,1.354596377710876043e-03,-6.758668452735705490e-04
4.427677825294744025e+02,-1.740182557196767027e-04,1.499854789909707276e-01,-7.452416335941755565e-02,1.279650487113826784e+00,-7.553083760056277830e-07,1.356708906524367597e-03,-6.769151404121959148e-04
4.440474330165882293e+02,-1.747735640956823305e-04,1.513421878974950952e-01,-7.520107849982975157e-02,1.280562519179511582e+00,-7.601387792475198558e-07,1.358820595166787548e-03,-6.779716863883900047e-04
4.453279955357677409e+02,-1.755337028749298504e-04,1.527010084926618827e-01,-7.587905018621814157e-02,1.281437179405088500e+00,-7.654959855939418977e-07,1.360931408163762457e-03,-6.790236368249547017e-04
4.466094327151728294e+02,-1.762991988605237923e-04,1.540619399008256452e-01,-7.655807382304309627e-02,1.282352700123226441e+00,-7.709073730622739273e-07,1.363061720020403156e-03,-6.800902971170613709e-04
4.478917854152960558e+02,-1.770701062335860662e-04,1.554250016208460483e-01,-7.723816412016015764e-02,1.283234660981520392e+00,-7.763803607685373486e-07,1.365201193136461599e-03,-6.811523775559075178e-04
4.491750200762775762e+02,-1.778464865943546035e-04,1.567902028139825099e-01,-7.791931649771606516e-02,1.284149594858945420e+00,-7.819107551534682128e-07,1.367339559609520583e-03,-6.822163141738946113e-04
4.504591696711365216e+02,-1.786283973495080717e-04,1.581575423735920305e-01,-7.860153281188995977e-02,1.285030820806127849e+00,-7.874903986453075846e-07,1.369486947582293501e-03,-6.832950172415558354e-04
4.517442004919426495e+02,-1.794158877481533793e-04,1.595270293211743240e-01,-7.928482782913151561e-02,1.285913568415026020e+00,-7.931174023574660056e-07,1.371643266455474519e-03,-6.843691577478883126e-04
4.530301140603576755e+02,-1.802090051505108453e-04,1.608986725876297985e-01,-7.996919698687940392e-02,1.286837237610484408e+00,-7.987903350218890971e-07,1.373818561022255302e-03,-6.854516461076709533e-04
4.543169512979681599e+02,-1.810077954855327344e-04,1.622724911486520538e-01,-8.065464863298707487e-02,1.287683545034894905e+00,-8.045369236480673283e-07,1.375982321097035666e-03,-6.865360403522369204e-04
4.556046348430030548e+02,-1.818123324091808018e-04,1.636484734697490895e-01,-8.134118467333931179e-02,1.288606220522524382e+00,-8.103301112264544269e-07,1.378164890130373355e-03,-6.876223464067771074e-04
4.568932410635255792e+02,-1.826226625204072562e-04,1.650266383598794628e-01,-8.202880701974608890e-02,1.289463188528770843e+00,-8.161683413392681937e-07,1.380366122199216949e-03,-6.887170446845253258e-04
4.581827042520543500e+02,-1.834388308617465244e-04,1.664070044820786798e-01,-8.271752406443061423e-02,1.290349099521677090e+00,-8.220792994426497947e-07,1.382555632888554653e-03,-6.898136800959631110e-04
4.594730533515760271e+02,-1.842609101611891742e-04,1.677895601149672344e-01,-8.340733774452657734e-02,1.291236334166114830e+00,-8.280226567214691788e-07,1.384753574966146594e-03,-6.909122586974125735e-04
4.607642896857421420e+02,-1.850889328179106434e-04,1.691743136899333810e-01,-8.409825000322398991e-02,1.292132794211056535e+00,-8.340501424743595928e-07,1.386979961860101973e-03,-6.920192744685749187e-04
4.620564224799531985e+02,-1.859229829603850030e-04,1.705612936517934830e-01,-8.479026927769256483e-02,1.292986813321249429e+00,-8.401227400322208369e-07,1.389194441547336734e-03,-6.931282591109005908e-04
4.633494092932744479e+02,-1.867631057004172238e-04,1.719504880933408197e-01,-8.548339753680346542e-02,1.293881703477666179e+00,-8.462667773284843816e-07,1.391427107196502311e-03,-6.942392188152013421e-04
4.646432909967521141e+02,-1.876093724777457082e-04,1.733419152005373221e-01,-8.617763675561866676e-02,1.294741932531621842e+00,-8.524406995206025659e-07,1.393667803736842181e-03,-6.953586612222922847e-04
4.659380329292837359e+02,-1.884618131772663107e-04,1.747355830042741642e-01,-8.687299541684095905e-02,1.295639080180819747e+00,-8.587000550854722095e-07,1.395916441790406859e-03,-6.964735987817632923e-04
4.672336720094645557e+02,-1.893205132323517829e-04,1.761314994460645711e-01,-8.756946901562272234e-02,1.296465475000275092e+00,-8.650138743022191441e-07,1.398172932097929699e-03,-6.976035511455369598e-04
4.685301374844648308e+02,-1.901855271066540021e-04,1.775296723781625008e-01,-8.826707256676825930e-02,1.297360679082544266e+00,-8.713845110399774836e-07,1.400427217664396151e-03,-6.987355309183707064e-04
4.698274981635473750e+02,-1.910569116176939796e-04,1.789300995958268969e-01,-8.896580809768663001e-02,1.298228851541409767e+00,-8.778248974139241274e-07,1.402709127011125823e-03,-6.998695445417923988e-04
4.711257270150887848e+02,-1.919347365151079037e-04,1.803328087228380228e-01,-8.966567764222842241e-02,1.299093932160815257e+00,-8.843214395068887609e-07,1.404988639734150446e-03,-7.010055984840585230e-04
4.724248209472496001e+02,-1.928190579546147925e-04,1.817377973625721732e-01,-9.036668324071248093e-02,3.250653475186027208e-01,1.841207239322128879e-04,3.516518779678456941e-04,-1.754505589850879899e-04
4.727498862947682028e+02,-8.698334022401907995e-06,1.820894492405400189e-01,-9.054213379969756892e-02,1.218396816153131113e-01,8.622844746882687267e-06,1.318971905490406993e-04,-6.581005383904381389e-05
4.728717259763835159e+02,-7.548927551922093980e-08,1.822213464310890596e-01,-9.060794385353661273e-02,4.572710842825244981e-02,7.405020269941688542e-08,4.946565445593242849e-05,-2.467417663411242135e-05
4.729174530848117683e+02,-1.439072819804053552e-09,1.822708120855449920e-01,-9.063261803017072515e-02,5.870631121126734797e-03,1.999838832973916912e-08,6.378000293988383973e-06,-3.184651130166971100e-06
4.729233237159328951e+02,1.855931550993511474e-08,1.822771900858389804e-01,-9.063580268130089213e-02,5.914678947647189489e-03,-3.731366071288349208e-08,6.397828584969733612e-06,-3.191187227830072359e-06
4.729292383948805423e+02,-1.875434520294838064e-08,1.822835879144239501e-01,-9.063899386852872220e-02,7.300169178904525324e-03,1.886040059113193905e-08,2.980345342740164938e-08,-6.525955650871217983e-09
4.729365385640594468e+02,1.060553881835593333e-10,1.822836177178773776e-01,-9.063900039448437307e-02,1.095621557618642328e-02,8.206063118078816297e-14,5.960690452333494704e-08,-1.957786724404719791e-08
4.729474947796356332e+02,1.061374488147401214e-10,1.822836773247819009e-01,-9.063901997235161712e-02,1.641231099284823358e-02,-6.791385221466184937e-14,7.947586688761276719e-08,-1.957786774364755900e-08
4.729639070906284815e+02,1.060695349625254596e-10,1.822837568006487885e-01,-9.063903955021936076e-02,6.181677517872685712e-03,-8.487656296117093530e-15,2.980344857017591664e-08,-6.525955956182549755e-09
4.729700887681463541e+02,1.060610473062293425e-10,1.822837866040973587e-01,-9.063904607617531695e-02,4.842727286472836568e-03,1.414869122426231066e-14,1.986896508432423047e-08,-6.525955997815913179e-09
4.729749314954328270e+02,1.060751959974536048e-10,1.822838064730624430e-01,-9.063905260213131476e-02,0.000000000000000000e+00,0.000000000000000000e+00,0.000000000000000000e+00,0.000000000000000000e+00
