Sigma_1,Sigma_2,Epsilon_1,Epsilon_2,dSigma_1,dSigma_2,dEpsilon_1,dEpsilon_2
-0.000000000000000000e+00,-0.000000000000000000e+00,0.000000000000000000e+00,0.000000000000000000e+00,4.005014326878432840e+00,3.337529355402577114e+00,1.462145816622835815e-05,1.055297723355595294e-05
4.005014326878432840e+00,3.337529355402577114e+00,1.462145816622835815e-05,1.055297723355595294e-05,4.005388954379087707e+00,3.337806753588982378e+00,1.462287123868447998e-05,1.055380008281997337e-05
8.010403281257520547e+00,6.675336108991559492e+00,2.924432940491283813e-05,2.110677731637592631e-05,4.005504664031986906e+00,3.337920363431199355e+00,1.462327002251583388e-05,1.055418490576490493e-05
1.201590794528950745e+01,1.001325647242275885e+01,4.386759942742867200e-05,3.166096222214083124e-05,4.005704788912131775e+00,3.338087626899973515e+00,1.462400491472925547e-05,1.055471668380011620e-05
1.602161273420163923e+01,1.335134409932273236e+01,5.849160434215792747e-05,4.221567890594094745e-05,4.005907787552413168e+00,3.338257283118613472e+00,1.462474268214463210e-05,1.055525135356247181e-05
2.002752052175405240e+01,1.668960138244134583e+01,7.311634702430255958e-05,5.277093025950341926e-05,4.006108891236799252e+00,3.338423132717981190e+00,1.462547750375852839e-05,1.055577727519945472e-05
2.403362941299085165e+01,2.002802451515932702e+01,8.774182452806108797e-05,6.332670753470287398e-05,4.006311915139413316e+00,3.338592805786682050e+00,1.462621811008483509e-05,1.055631190915483418e-05
2.803994132813026496e+01,2.336661732094600907e+01,1.023680426381459231e-04,7.388301944385770815e-05,4.006513043761867010e+00,3.338760579840254650e+00,1.462694704101554681e-05,1.055684652500287184e-05
3.204645437189213197e+01,2.670537790078626372e+01,1.169949896791614699e-04,8.443986596886058000e-05,4.006714185244781845e+00,3.338930269683011431e+00,1.462768757643192791e-05,1.055737530284075337e-05
3.605316855713691382e+01,3.004430817046927515e+01,1.316226772555933978e-04,9.499724127170133337e-05,4.006915339308193325e+00,3.339098060606513485e+00,1.462842807622218456e-05,1.055790988259559229e-05
4.006008389644510714e+01,3.338340623107578864e+01,1.462511053318155823e-04,1.055551511542969257e-04,4.007120321262924278e+00,3.339263951966835009e+00,1.462916854082991808e-05,1.055843280401676319e-05
4.406720421770803142e+01,3.672267018304262365e+01,1.608802738726455004e-04,1.161135839583136888e-04,4.007321500038933948e+00,3.339433667464504651e+00,1.462989732983285981e-05,1.055897316796150162e-05
4.807452571774696537e+01,4.006210385050712830e+01,1.755101712024783602e-04,1.266725571262751905e-04,4.007522691861105102e+00,3.339603391010243172e+00,1.463063772308222815e-05,1.055950187363311117e-05
5.208204840960807047e+01,4.340170724151737147e+01,1.901408089255605884e-04,1.372320589999083016e-04,4.007723896263009067e+00,3.339769308275634785e+00,1.463137808092534824e-05,1.056004220123518949e-05
5.608977230587107954e+01,4.674147654979300626e+01,2.047721870064859366e-04,1.477921012011434911e-04,4.007925113244461102e+00,3.339939048109179964e+00,1.463211840313957918e-05,1.056055923129777885e-05
6.009769741911554064e+01,5.008141559790218622e+01,2.194043054096255158e-04,1.583526604324412700e-04,4.008130156903398245e+00,3.340104982164760372e+00,1.463283541201979942e-05,1.056109952257916571e-05
6.410582757601893888e+01,5.342152058006694659e+01,2.340371408216453152e-04,1.689137599550204357e-04,4.008327584907746655e+00,3.340274740034892886e+00,1.463359894079808792e-05,1.056163979556466802e-05
6.811415516092668554e+01,5.676179532010183948e+01,2.486707397624434031e-04,1.794753997505851037e-04,4.008528837948247769e+00,3.340444505059778635e+00,1.463431587909910488e-05,1.056215677196889924e-05
7.212268399887493331e+01,6.010223982516161811e+01,2.633050556415425080e-04,1.900375565225540029e-04,4.008737736574445876e+00,3.340610465157503484e+00,1.463505605947383343e-05,1.056270864831649866e-05
7.613142173544937918e+01,6.344285029031912160e+01,2.779401117010163414e-04,2.006002651708705016e-04,4.008931384860744629e+00,3.340780246198868042e+00,1.463579620399508034e-05,1.056321394952370652e-05
8.014035312031012381e+01,6.678363053651798964e+01,2.925759079050114218e-04,2.111634791203942081e-04,4.009140308867131353e+00,3.340946223981191565e+00,1.463653631310606745e-05,1.056377742829583922e-05
8.414949342917725517e+01,7.012457676049918120e+01,3.072124442181174892e-04,2.217272565486900473e-04,4.009341613936697968e+00,3.341123653760391221e+00,1.463727638636248872e-05,1.056429433298532801e-05
8.815883504311395313e+01,7.346570041425957243e+01,3.218497206044799780e-04,2.322915508816753754e-04,4.009542931584164194e+00,3.341285829607429037e+00,1.463801642420762021e-05,1.056481121989186829e-05
9.216837797469811733e+01,7.680698624386700146e+01,3.364877370286875982e-04,2.428563621015672437e-04,4.009744261809473187e+00,3.341448017263829229e+00,1.463875642641898362e-05,1.056537464352210192e-05
9.617812223650759051e+01,8.014843426113083069e+01,3.511264934551065818e-04,2.534217367450893456e-04,4.009945604612312309e+00,3.341625472397055319e+00,1.463949639277404647e-05,1.056589149432170119e-05
1.001880678411199028e+02,8.349005973352788601e+01,3.657659898478806283e-04,2.639876282394110468e-04,4.010146957568309745e+00,3.341787675135364566e+00,1.464021304941833966e-05,1.056643160454273471e-05
1.041982147986882126e+02,8.683184740866325058e+01,3.804062028972989679e-04,2.745540598439537815e-04,4.010348325339236908e+00,3.341965147227355715e+00,1.464095294540656731e-05,1.056694841950357039e-05
1.082085631240274495e+02,9.017381255589060629e+01,3.950471558427055352e-04,2.851210082634573519e-04,4.010557340818024841e+00,3.342127366757495111e+00,1.464171607915308376e-05,1.056748849339298911e-05
1.122191204648454743e+02,9.351593992264810140e+01,4.096888719218586190e-04,2.956884967568503410e-04,4.010751098816797366e+00,3.342289594600174496e+00,1.464243262991180754e-05,1.056802854898080410e-05
1.162298715636622717e+02,9.685822951724827590e+01,4.243313045517704265e-04,3.062565253058311451e-04,4.010960139858823936e+00,3.342467092047343158e+00,1.464319569170318682e-05,1.056854531048917164e-05
1.202408317035210956e+02,1.002006966092956191e+02,4.389745002434736133e-04,3.168250706163203167e-04,4.011161555456013161e+00,3.342636970983903666e+00,1.464391217186869400e-05,1.056910860549632736e-05
1.242519932589771088e+02,1.035433335802795227e+02,4.536184124153423074e-04,3.273941792218166441e-04,4.011362989316921812e+00,3.342799221761296735e+00,1.464467516192464970e-05,1.056962533089127578e-05
1.282633562482940306e+02,1.068861328020408195e+02,4.682630875772669570e-04,3.379638045527079198e-04,4.011564429879825866e+00,3.342969112671966059e+00,1.464539157127288990e-05,1.057014203872095638e-05
1.322749206781738565e+02,1.102291019147127855e+02,4.829084791485398469e-04,3.485339465914288762e-04,4.011758255888452140e+00,3.343139017189002971e+00,1.464615448936920899e-05,1.057070527835015511e-05
1.362866789340623086e+02,1.135722409319017885e+02,4.975546336379090559e-04,3.591046518697790313e-04,4.011967354495141080e+00,3.343308925053790404e+00,1.464687082811989578e-05,1.057122195028575070e-05
1.402986462885574497e+02,1.169155498569555789e+02,5.122015044660289517e-04,3.696758738200647820e-04,4.012176472445759146e+00,3.343478841240269617e+00,1.464763367425435565e-05,1.057173860443273283e-05
1.443108227610032088e+02,1.202590286981958485e+02,5.268491381402833074e-04,3.802476124244975149e-04,4.012370329635558619e+00,3.343648771499786676e+00,1.464834994262741944e-05,1.057230178890168236e-05
1.483231930906387674e+02,1.236026774696956352e+02,5.414974880829107268e-04,3.908199142133991972e-04,4.012579466060572031e+00,3.343811075137296029e+00,1.464906617638169102e-05,1.057284168073929905e-05
1.523357725566993395e+02,1.269464885448329312e+02,5.561465542592924178e-04,4.013927558941384963e-04,4.012773354889503707e+00,3.343981013563364968e+00,1.464982891502888962e-05,1.057333500714419941e-05
1.563485459115888432e+02,1.302904695583962962e+02,5.707963831743213074e-04,4.119660909012826957e-04,4.012982523959749415e+00,3.344158598914191316e+00,1.465059161701064757e-05,1.057387486357529681e-05
1.603615284355485926e+02,1.336346281573104875e+02,5.854469747913319550e-04,4.225399657648579925e-04,4.013191698574274824e+00,3.344320934037369852e+00,1.465130774417808777e-05,1.057446124717571854e-05
1.643747201341228674e+02,1.369789490913478573e+02,6.000982825355100428e-04,4.331144270120337110e-04,4.013385625480793806e+00,3.344483264883365337e+00,1.465207037419126446e-05,1.057495452035789318e-05
1.683881057596036612e+02,1.403234323562312227e+02,6.147503529097013072e-04,4.436893815323916042e-04,4.013579556887748367e+00,3.344660875980821402e+00,1.465278643097446803e-05,1.057549432164440811e-05
1.724016853164914096e+02,1.436680932322120441e+02,6.294031393406757753e-04,4.542648758540360123e-04,4.013804037486607967e+00,3.344823229993892255e+00,1.465350245269207968e-05,1.057603410462248884e-05
1.764154893539780176e+02,1.470129164622059363e+02,6.440566417933678550e-04,4.648409099586585012e-04,4.013982733255971880e+00,3.345000851368922667e+00,1.465426497565189279e-05,1.057652732511845523e-05
1.804294720872339894e+02,1.503579173135748590e+02,6.587109067690197477e-04,4.754174372837769564e-04,4.014191978999718913e+00,3.345163229171305375e+00,1.465502746172096804e-05,1.057711361592168775e-05
1.844436640662337084e+02,1.537030805427461644e+02,6.733659342307407158e-04,4.859945508996986441e-04,4.014401229168043983e+00,3.345325601141951211e+00,1.465574337684188207e-05,1.057760680100490068e-05
1.884580652954017523e+02,1.570484061438881156e+02,6.880216776075825979e-04,4.965721577007035448e-04,4.014610500915438251e+00,3.345503262410232992e+00,1.465650579115748177e-05,1.057819305420328558e-05
1.924726757963171906e+02,1.603939094062983486e+02,7.026781833987400796e-04,5.071503507549068304e-04,4.014804506979459120e+00,3.345665651020112819e+00,1.465722163588787080e-05,1.057868620342797533e-05
1.964874803032966497e+02,1.637395750573184614e+02,7.173354050346279504e-04,5.177290369583348057e-04,4.014998534324007551e+00,3.345843322100250816e+00,1.465798397822567350e-05,1.057922587753014863e-05
2.005024788376206573e+02,1.670854183794187122e+02,7.319933890128536239e-04,5.283082628358649543e-04,4.015207834857733360e+00,3.346005734966666978e+00,1.465869975211949675e-05,1.057976553332036409e-05
2.045176866724783906e+02,1.704314241143853792e+02,7.466520887649731207e-04,5.388880283691853184e-04,4.015417157715461371e+00,3.346183423320269412e+00,1.465946202225561473e-05,1.058030517079851327e-05
2.085331038301938520e+02,1.737776075377056486e+02,7.613115507872287354e-04,5.494683335399838317e-04,4.015611213248774902e+00,3.346345853137506765e+00,1.466017772597629550e-05,1.058084478996383724e-05
2.125487150434426269e+02,1.771239533908431554e+02,7.759717285132050309e-04,5.600491783299476689e-04,4.109220800864164858e+00,3.424397153377412906e+00,2.892222537204995831e-04,1.675249585804845787e-04
2.166579358443067918e+02,1.805483505442205683e+02,1.065193982233704614e-03,7.275741369104322476e-04,4.483740762332558916e+00,3.736842204515625099e+00,1.358560869262134254e-03,7.787835655424336445e-04
2.211416766066393507e+02,1.842851927487361934e+02,2.423754851495838868e-03,1.506357702452865892e-03,4.503779744135954388e+00,3.753653660596796726e+00,1.364752752070666486e-03,7.823320128815646878e-04
2.256454563507753051e+02,1.880388464093329901e+02,3.788507603566505354e-03,2.288689715334430580e-03,4.523891226220683848e+00,3.770701992604813313e+00,1.370992681701853951e-03,7.859090342084329613e-04
2.301693475769959889e+02,1.918095484019378034e+02,5.159500285268359306e-03,3.074598749542863541e-03,4.544218793900370201e+00,3.787913822251198326e+00,1.377300099115290333e-03,7.895251106816180732e-04
2.347135663708963591e+02,1.955974622241890017e+02,6.536800384383649638e-03,3.864123860224481614e-03,4.564718131288231007e+00,3.805305256176580997e+00,1.383674625323281539e-03,7.931786759500444872e-04
2.392782845021845901e+02,1.994027674803655827e+02,7.920475009706931177e-03,4.657302536174526102e-03,4.585421565861423687e+00,3.822847033502767999e+00,1.390115692895290550e-03,7.968712247157817841e-04
2.438637060680460138e+02,2.032256145138683507e+02,9.310590702602221727e-03,5.454173760890307886e-03,4.606316363624443966e+00,3.840617094093516926e+00,1.396626785947254965e-03,8.006033183945776219e-04
2.484700224316704578e+02,2.070662316079618677e+02,1.070721748854947669e-02,6.254777079284885508e-03,4.627388746979164580e+00,3.858524747150994472e+00,1.403207309051583002e-03,8.043758841806171456e-04
2.530974111786496223e+02,2.109247563551128621e+02,1.211042479760105969e-02,7.059152963465502653e-03,4.648702712941144455e+00,3.876632588722969786e+00,1.409858869124890057e-03,8.081891043806646580e-04
2.577461138915907668e+02,2.148013889438358319e+02,1.352028366672594975e-02,7.867342067846167311e-03,4.670167861391519182e+00,3.894941987467433364e+00,1.416583054666888108e-03,8.120435278845990201e-04
2.624162817529822860e+02,2.186963309313032653e+02,1.493686672139283786e-02,8.679385595730766331e-03,4.683522378546854270e+00,3.906106452084941338e+00,1.402735715820755541e-03,8.041328340963813104e-04
2.670998041315291402e+02,2.226024373833882066e+02,1.633960243721359340e-02,9.483518429827147642e-03,4.693463820959891564e+00,3.914980815461746033e+00,1.382391194987196703e-03,7.925136617923378424e-04
2.717932679524890318e+02,2.265174181988499527e+02,1.772199363220079010e-02,1.027603209161948548e-02,4.714434973505035487e+00,3.933307055176641143e+00,1.388817206340410559e-03,7.962040555864052793e-04
2.765077029259940673e+02,2.304507252540265938e+02,1.911081083854120066e-02,1.107223614720589076e-02,4.736122383269162128e+00,3.951489248038797086e+00,1.395399230224671216e-03,7.999764377028765333e-04
2.812438253092632294e+02,2.344022145020653909e+02,2.050621006876587188e-02,1.187221258490876730e-02,4.757781043255931763e+00,3.969992881606145829e+00,1.402016648941288579e-03,8.037701641820972631e-04
2.860016063525191612e+02,2.383722073836715367e+02,2.190822671770716046e-02,1.267598274909086456e-02,4.779671069838116182e+00,3.988700319041697639e+00,1.408705447064156208e-03,8.076049556830968562e-04
2.907812774223572774e+02,2.423609077027132344e+02,2.331693216477131667e-02,1.348358770477396142e-02,4.801733049011431831e+00,4.007597312555645885e+00,1.415469368826728636e-03,8.114806206969381319e-04
2.955830104713687092e+02,2.463685050152688802e+02,2.473240153359804530e-02,1.429506832547089955e-02,4.824029503305496291e+00,4.026716930928472493e+00,1.422301962981108864e-03,8.154006358698940443e-04
3.004070399746742055e+02,2.503952219461973527e+02,2.615470349657915416e-02,1.511046896134079359e-02,4.846567442782600210e+00,4.046013643774898583e+00,1.429220009771702687e-03,8.193633285639677355e-04
3.052536074174568057e+02,2.544412355899722513e+02,2.758392350635085685e-02,1.592983228990476133e-02,4.869281373065973639e+00,4.065551431047225606e+00,1.436206869377405770e-03,8.233714268531637515e-04
3.101228887905227793e+02,2.585067870210194769e+02,2.902013037572826262e-02,1.675320371675792508e-02,4.892240114811727381e+00,4.085253705515469846e+00,1.443276366597190385e-03,8.274232528861086289e-04
3.150151289053345067e+02,2.625920407265349468e+02,3.046340674232545301e-02,1.758062696964403371e-02,5.001542867624209521e+00,4.182253887036324613e+00,1.630092395962793456e-03,9.343090802894048197e-04
3.200166717729587162e+02,2.667742946135712714e+02,3.209349913828824646e-02,1.851493604993343853e-02,5.078778761217051851e+00,4.241710688775640392e+00,1.732458573031850357e-03,9.927906019326498965e-04
3.250954505341757681e+02,2.710160053023469118e+02,3.382595771132009682e-02,1.950772665186608842e-02,5.108132516822820435e+00,4.266906803405049686e+00,1.742982948424592893e-03,9.987987489114558137e-04
3.302035830509985885e+02,2.752829121057519615e+02,3.556894065974468971e-02,2.050652540077754424e-02,5.136460100687145314e+00,4.293592098908618482e+00,1.753455768185661900e-03,1.004808342853692749e-03
3.353400431516857338e+02,2.795765042046605799e+02,3.732239642793035161e-02,2.151133374363123699e-02,5.166443655518719424e+00,4.319543127382587500e+00,1.764249442053916761e-03,1.010994064381199459e-03
3.405064868072044533e+02,2.838960473320431674e+02,3.908664586998426838e-02,2.252232780801243645e-02,5.196805805967585457e+00,4.345922233690259873e+00,1.775200952165545409e-03,1.017269180113487825e-03
3.457032926131720387e+02,2.882419695657334273e+02,4.086184682214981378e-02,2.353959698812592427e-02,5.227613984462720964e+00,4.372608173378807805e+00,1.786308611762814358e-03,1.023636078476768130e-03
3.509309065976347597e+02,2.926145777391122351e+02,4.264815543391262814e-02,2.456323306660269240e-02,5.258746861718464061e+00,4.399666097895590156e+00,1.797576424438333820e-03,1.030094223442745704e-03
3.561896534593532238e+02,2.970142438370078253e+02,4.444573185835096196e-02,2.559332729004543810e-02,5.290339509265038487e+00,4.427131009580023147e+00,1.809014022310609371e-03,1.036645976146530895e-03
3.614799929686182622e+02,3.014413748465878484e+02,4.625474588066157133e-02,2.662997326619196900e-02,5.322331431126599455e+00,4.455007210175665477e+00,1.820616720788856280e-03,1.043295127248534265e-03
3.668023243997448617e+02,3.058963820567635139e+02,4.807536260145042761e-02,2.767326839344050327e-02,5.354730618005305587e+00,4.483236750441562890e+00,1.832394024602369831e-03,1.050046887529233058e-03
3.721570550177501673e+02,3.103796188072050768e+02,4.990775662605279744e-02,2.872331528096973632e-02,5.387608443536919367e+00,4.511883654138102884e+00,1.844352491903525348e-03,1.056894860748756187e-03
3.775446634612870866e+02,3.148915024613431797e+02,5.175210911795632279e-02,2.978021014171849251e-02,5.420870068712360990e+00,4.540954631921465534e+00,1.856481640929233401e-03,1.063850014054523035e-03
3.829655335299994476e+02,3.194324570932646452e+02,5.360859075888555619e-02,3.084406015577301555e-02,5.454594170293091793e+00,4.570484498544544749e+00,1.868807707324039724e-03,1.070911700896601954e-03
3.884201277002925394e+02,3.240029415918091900e+02,5.547739846620959592e-02,3.191497185666961750e-02,5.488815673299711762e+00,4.600383073750776930e+00,1.881322879435015638e-03,1.078082152148766848e-03
3.939089433735922512e+02,3.286033246655599669e+02,5.735872134564461156e-02,3.299305400881838435e-02,5.523509255555779873e+00,4.630812219107667715e+00,1.894030618282992184e-03,1.085363576908388028e-03
3.994324526291480311e+02,3.332341368846676346e+02,5.925275196392760374e-02,3.407841758572677238e-02,5.717487556468654475e+00,4.804836402306534637e+00,2.172641185176349410e-03,1.244808515884231193e-03
4.051499401856166855e+02,3.380389732869741692e+02,6.142539314910395315e-02,3.532322610161100357e-02,5.946308333464287443e+00,4.996754983416735740e+00,2.484949226658907107e-03,1.423415922181973936e-03
4.110962485190809730e+02,3.430357282703909050e+02,6.391034237576286026e-02,3.674664202379297751e-02,6.004516899486304737e+00,5.036682706906560725e+00,2.509265120720652331e-03,1.437161402057171578e-03
4.171007654185672777e+02,3.480724109772974657e+02,6.641960749648351259e-02,3.818380342585014908e-02,6.051426557292700181e+00,5.087298512327208755e+00,2.532064411308182494e-03,1.450269035576233490e-03
4.231521919758599779e+02,3.531597094896246745e+02,6.895167190779169508e-02,3.963407246142638257e-02,6.104823542571296002e+00,5.134837799903152700e+00,2.556284247956508437e-03,1.464140468290603403e-03
4.292570155184312739e+02,3.582945472895278272e+02,7.150795615574820352e-02,4.109821292971698597e-02,6.159391540885565064e+00,5.183246295164735784e+00,2.581060689789541063e-03,1.478333535195698600e-03
4.354164070593168390e+02,3.634777935846925629e+02,7.408901684553774458e-02,4.257654646491268458e-02,6.215123304975122664e+00,5.232790714791747178e+00,2.606412797656082470e-03,1.492851261441024979e-03
4.416315303642919616e+02,3.687105842994843101e+02,7.669542964319382705e-02,4.406939772635370955e-02,6.271976445505117681e+00,5.283425819315482386e+00,2.632353672012005541e-03,1.507710828620487109e-03
4.479035068097970793e+02,3.739940101187997925e+02,7.932778331520583259e-02,4.557710855497419666e-02,6.330042511886176726e+00,5.335230124966358289e+00,2.658901514995634652e-03,1.522917855133053278e-03
4.542335493216832560e+02,3.793292402437661508e+02,8.198668483020146724e-02,4.710002641010724994e-02,6.389352767596051308e+00,5.388223066289526741e+00,2.686085011851149784e-03,1.538489206639244433e-03
4.606229020892793073e+02,3.847174633100556775e+02,8.467276984205261703e-02,4.863851561674649437e-02,6.450041033646584765e+00,5.442455604368603872e+00,2.713937682572331589e-03,1.554438716282455224e-03
4.670729431229258921e+02,3.901599189144242814e+02,8.738670752462494862e-02,5.019295433302894960e-02,7.394394451138680324e+00,6.309198538318810279e+00,4.030314904836670986e-03,2.308322310669026767e-03
4.744673375740645724e+02,3.964691174527430917e+02,9.141702242946161960e-02,5.250127664369797637e-02,8.017647710904213909e+00,6.794373875514224892e+00,4.759314478217910316e-03,2.724791547464737451e-03
4.824849852849687863e+02,4.032634913282573166e+02,9.617633690767952992e-02,5.522606819116271382e-02,8.179318464932634924e+00,6.924636257693521202e+00,4.861809786174620118e-03,2.782752172384474199e-03
4.906643037499014213e+02,4.101881275859508378e+02,1.010381466938541500e-01,5.800882036354718801e-02,8.321913195597858248e+00,7.084155226996244892e+00,4.963527237247744583e-03,2.841118088456821844e-03
4.989862169454992795e+02,4.172722828129470827e+02,1.060016739311018946e-01,6.084993845200400986e-02,8.490994716142097332e+00,7.239657728937402226e+00,5.075802545876265115e-03,2.905397006264798243e-03
5.074772116616413768e+02,4.245119405418844849e+02,1.110774764769781597e-01,6.375533545826880810e-02,2.153950177188335147e+00,1.833621164035832862e+00,1.288390161683541923e-03,7.374268916489623571e-04
5.096311618388297120e+02,4.263455617059203178e+02,1.123658666386617017e-01,6.449276234991777046e-02,3.247120404058478016e+00,2.771616001284201047e+00,1.945093204292522304e-03,1.113324460055076237e-03
5.128782822428881900e+02,4.291171777072045188e+02,1.143109598429542240e-01,6.560608680997284670e-02,1.201524923722331550e+00,1.026606950415782649e+00,7.203018038375169629e-04,4.122944248401566592e-04
5.140798071666105216e+02,4.301437846576203015e+02,1.150312616467917409e-01,6.601838123481300336e-02,2.846241622125944559e-02,2.315973486258826597e-02,1.062557973136035727e-07,7.253573601484486488e-08
5.141082695828317810e+02,4.301669443924828897e+02,1.150313679025890545e-01,6.601845377054901820e-02,5.930680296273749263e-03,4.951664537486522022e-03,2.125115823592427233e-08,1.673901509069430915e-08
5.141142002631280548e+02,4.301718960570203762e+02,1.150313891537472905e-01,6.601847050956410889e-02,8.861992808419927314e-03,7.393838989003143070e-03,3.187673619509112655e-08,2.231868667657010974e-08
5.141230622559364747e+02,4.301792898960093794e+02,1.150314210304834855e-01,6.601849282825078546e-02,5.386231912893890694e-03,4.528744971082687698e-03,2.125115709794567209e-08,1.673901464660509930e-08
5.141284484878493686e+02,4.301838186409804621e+02,1.150314422816405835e-01,6.601850956726543207e-02,0.000000000000000000e+00,0.000000000000000000e+00,0.000000000000000000e+00,0.000000000000000000e+00
