Sigma_1,Sigma_2,Epsilon_1,Epsilon_2,dSigma_1,dSigma_2,dEpsilon_1,dEpsilon_2
-0.000000000000000000e+00,-0.000000000000000000e+00,0.000000000000000000e+00,0.000000000000000000e+00,9.900017009495464260e-01,9.900017009495464260e-01,3.394291403391938764e-06,3.394291403391938764e-06
9.900017009495464260e-01,9.900017009495464260e-01,3.394291403391938764e-06,3.394291403391938764e-06,9.900252304193418729e-01,9.900252304193418729e-01,3.394372286340132970e-06,3.394372286340132970e-06
1.980026931368888299e+00,1.980026931368888299e+00,6.788663689732071734e-06,6.788663689732071734e-06,9.900336204120741002e-01,9.900336204120741002e-01,3.394401145680761523e-06,3.394401145680761523e-06
2.970060551780962399e+00,2.970060551780962399e+00,1.018306483541283326e-05,1.018306483541283326e-05,9.900468982195764767e-01,9.900468982195764767e-01,3.394446375592797958e-06,3.394446375592797958e-06
3.960107450000538876e+00,3.960107450000538876e+00,1.357751121100563121e-05,1.357751121100563121e-05,9.900607722955454548e-01,9.900607722955454548e-01,3.394493787444515139e-06,3.394493787444515139e-06
4.950168222296084330e+00,4.950168222296084330e+00,1.697200499845014635e-05,1.697200499845014635e-05,9.900739313018993570e-01,9.900739313018993570e-01,3.394539016342331262e-06,3.394539016342331262e-06
5.940242153597983688e+00,5.940242153597983688e+00,2.036654401479247762e-05,2.036654401479247762e-05,9.900873289424660939e-01,9.900873289424660939e-01,3.394585699764165570e-06,3.394585699764165570e-06
6.930329482540449781e+00,6.930329482540449781e+00,2.376112971455664319e-05,2.376112971455664319e-05,9.901007267781443133e-01,9.901007267781443133e-01,3.394630927430649899e-06,3.394630927430649899e-06
7.920430209318594095e+00,7.920430209318594095e+00,2.715576064198729308e-05,2.715576064198729308e-05,9.901146016808279882e-01,9.901146016808279882e-01,3.394677609833307059e-06,3.394677609833307059e-06
8.910544810999422083e+00,8.910544810999422083e+00,3.055043825182060014e-05,3.055043825182060014e-05,9.901275230883133105e-01,9.901275230883133105e-01,3.394724291721435750e-06,3.394724291721435750e-06
9.900672334087735393e+00,9.900672334087735393e+00,3.394516254354203589e-05,3.394516254354203589e-05,9.901409215208474279e-01,9.901409215208474279e-01,3.394768062865053217e-06,3.394768062865053217e-06
1.089081325560858282e+01,1.089081325560858282e+01,3.733993060640708911e-05,3.733993060640708911e-05,9.901543202205242977e-01,9.901543202205242977e-01,3.394817654185991462e-06,3.394817654185991462e-06
1.188096757582910712e+01,1.188096757582910712e+01,4.073474826059308057e-05,4.073474826059308057e-05,9.901686727769689611e-01,9.901686727769689611e-01,3.394861424098253417e-06,3.394861424098253417e-06
1.287113624860607608e+01,1.287113624860607608e+01,4.412960968469133399e-05,4.412960968469133399e-05,9.901811181421731334e-01,9.901811181421731334e-01,3.394908103947983768e-06,3.394908103947983768e-06
1.386131736674824921e+01,1.386131736674824921e+01,4.752451778863931776e-05,4.752451778863931776e-05,9.901954711068317039e-01,9.901954711068317039e-01,3.394951872870687623e-06,3.394951872870687623e-06
1.485151283785508092e+01,1.485151283785508092e+01,5.091946966151000538e-05,5.091946966151000538e-05,9.902079169652768798e-01,9.902079169652768798e-01,3.395004372516275770e-06,3.395004372516275770e-06
1.584172075482035780e+01,1.584172075482035780e+01,5.431447403402628115e-05,5.431447403402628115e-05,9.902213165713433796e-01,9.902213165713433796e-01,3.395045230017150364e-06,3.395045230017150364e-06
1.683194207139170118e+01,1.683194207139170118e+01,5.770951926404343152e-05,5.770951926404343152e-05,9.902356702030843394e-01,9.902356702030843394e-01,3.395091908050476158e-06,3.395091908050476158e-06
1.782217774159478552e+01,1.782217774159478552e+01,6.110461117209390767e-05,6.110461117209390767e-05,9.902481165795080642e-01,9.902481165795080642e-01,3.395138585347194995e-06,3.395138585347194995e-06
1.881242585817429358e+01,1.881242585817429358e+01,6.449974975744110267e-05,6.449974975744110267e-05,9.902624706309879343e-01,9.902624706309879343e-01,3.395185262129371811e-06,3.395185262129371811e-06
1.980268832880528151e+01,1.980268832880528151e+01,6.789493501957047448e-05,6.789493501957047448e-05,9.902768247777977706e-01,9.902768247777977706e-01,3.395226117912605889e-06,3.395226117912605889e-06
2.079296515358307929e+01,2.079296515358307929e+01,7.129016113748308037e-05,7.129016113748308037e-05,9.902892718861409094e-01,9.902892718861409094e-01,3.395278614169757315e-06,3.395278614169757315e-06
2.178325442546922019e+01,2.178325442546922019e+01,7.468543975165283769e-05,7.468543975165283769e-05,9.903017190761502775e-01,9.903017190761502775e-01,3.395325289408233525e-06,3.395325289408233525e-06
2.277355614454537047e+01,2.277355614454537047e+01,7.808076504106107121e-05,7.808076504106107121e-05,9.903160738288043774e-01,9.903160738288043774e-01,3.395366143707045752e-06,3.395366143707045752e-06
2.376387221837417485e+01,2.376387221837417485e+01,8.147613118476811696e-05,8.147613118476811696e-05,9.903285215581512091e-01,9.903285215581512091e-01,3.395418638361204266e-06,3.395418638361204266e-06
2.475420073993232606e+01,2.475420073993232606e+01,8.487154982312932123e-05,8.487154982312932123e-05,9.903428767190227688e-01,9.903428767190227688e-01,3.395459491670397407e-06,3.395459491670397407e-06
2.574454361665134883e+01,2.574454361665134883e+01,8.826700931479971863e-05,8.826700931479971863e-05,9.903572322345617351e-01,9.903572322345617351e-01,3.395506165112120224e-06,3.395506165112120224e-06
2.673490084888591056e+01,2.673490084888591056e+01,9.166251547991183886e-05,9.166251547991183886e-05,9.903696804364834350e-01,9.903696804364834350e-01,3.395552837595177927e-06,3.395552837595177927e-06
2.772527052932239400e+01,2.772527052932239400e+01,9.505806831750701678e-05,9.505806831750701678e-05,9.903840363717613116e-01,9.903840363717613116e-01,3.395599510007735384e-06,3.395599510007735384e-06
2.871565456569415531e+01,2.871565456569415531e+01,9.845366782751475217e-05,9.845366782751475217e-05,9.903964849804793857e-01,9.903964849804793857e-01,3.395646181461627728e-06,3.395646181461627728e-06
2.970605105067463469e+01,2.970605105067463469e+01,1.018493140089763799e-04,1.018493140089763799e-04,9.904089337861172737e-01,9.904089337861172737e-01,3.395692852622961668e-06,3.395692852622961668e-06
3.069645998446075197e+01,3.069645998446075197e+01,1.052450068615993416e-04,1.052450068615993416e-04,9.904232903445233660e-01,9.904232903445233660e-01,3.395739523491737204e-06,3.395739523491737204e-06
3.168688327480527533e+01,3.168688327480527533e+01,1.086407463850910788e-04,1.086407463850910788e-04,9.904376471192648523e-01,9.904376471192648523e-01,3.395786193401847627e-06,3.395786193401847627e-06
3.267732092192454019e+01,3.267732092192454019e+01,1.120365325784929264e-04,1.120365325784929264e-04,9.904520041103737071e-01,9.904520041103737071e-01,3.395832863241403593e-06,3.395832863241403593e-06
3.366777292603491389e+01,3.366777292603491389e+01,1.154323654417343300e-04,1.154323654417343300e-04,9.904625457638758235e-01,9.904625457638758235e-01,3.395867891928995726e-06,3.395867891928995726e-06
3.465823547179878972e+01,3.465823547179878972e+01,1.188282333336633257e-04,1.188282333336633257e-04,9.904769035536133970e-01,9.904769035536133970e-01,3.395926200972217775e-06,3.395926200972217775e-06
3.564871237535240311e+01,3.564871237535240311e+01,1.222241595346355435e-04,1.222241595346355435e-04,9.904912611678327039e-01,9.904912611678327039e-01,3.395972868823889058e-06,3.395972868823889058e-06
3.663920363652023582e+01,3.663920363652023582e+01,1.256201324034594325e-04,1.256201324034594325e-04,9.905056185604763641e-01,9.905056185604763641e-01,3.396007896530291777e-06,3.396007896530291777e-06
3.762970925508071218e+01,3.762970925508071218e+01,1.290161402999897243e-04,1.290161402999897243e-04,9.905161618314295424e-01,9.905161618314295424e-01,3.396066203467044530e-06,3.396066203467044530e-06
3.862022541691214172e+01,3.862022541691214172e+01,1.324122065034567689e-04,1.324122065034567689e-04,9.905305196077947016e-01,9.905305196077947016e-01,3.396101230223279571e-06,3.396101230223279571e-06
3.961075593651993643e+01,3.961075593651993643e+01,1.358083077336800484e-04,1.358083077336800484e-04,9.905448785109740584e-01,9.905448785109740584e-01,3.396159536051679547e-06,3.396159536051679547e-06
4.060130081503091048e+01,4.060130081503091048e+01,1.392044672697317280e-04,1.392044672697317280e-04,9.905592366969955265e-01,9.905592366969955265e-01,3.396194561857746909e-06,3.396194561857746909e-06
4.159186005172790601e+01,4.159186005172790601e+01,1.426006618315894749e-04,1.426006618315894749e-04,9.905697808016995509e-01,9.905697808016995509e-01,3.396252866577875425e-06,3.396252866577875425e-06
4.258242983252960556e+01,4.258242983252960556e+01,1.459969146981673503e-04,1.459969146981673503e-04,9.905879546385989443e-01,9.905879546385989443e-01,3.396287891433720897e-06,3.396287891433720897e-06
4.357301778716820451e+01,4.357301778716820451e+01,1.493932025896010712e-04,1.493932025896010712e-04,9.905984986545277593e-01,9.905984986545277593e-01,3.396334555247484477e-06,3.396334555247484477e-06
4.456361628582273227e+01,4.456361628582273227e+01,1.527895371448485557e-04,1.527895371448485557e-04,9.906090428479359389e-01,9.906090428479359389e-01,3.396381218990693601e-06,3.396381218990693601e-06
4.555422532867066820e+01,4.555422532867066820e+01,1.561859183638392493e-04,1.561859183638392493e-04,9.906272183725519653e-01,9.906272183725519653e-01,3.396439521494170775e-06,3.396439521494170775e-06
4.654485254704322017e+01,4.654485254704322017e+01,1.595823578853334201e-04,1.595823578853334201e-04,9.906377624425957151e-01,9.906377624425957151e-01,3.396474544449599575e-06,3.396474544449599575e-06
4.753549030948581589e+01,4.753549030948581589e+01,1.629788324297830196e-04,1.629788324297830196e-04,9.906521225521984775e-01,9.906521225521984775e-01,3.396521206204815594e-06,3.396521206204815594e-06
4.852614243203801436e+01,4.852614243203801436e+01,1.663753536359878352e-04,1.663753536359878352e-04,9.906664828781543974e-01,9.906664828781543974e-01,3.396567867889450053e-06,3.396567867889450053e-06
4.951680891491616876e+01,4.951680891491616876e+01,1.697719215038772853e-04,1.697719215038772853e-04,9.906808434204492642e-01,9.906808434204492642e-01,3.396614528837396240e-06,3.396614528837396240e-06
5.050748975833661802e+01,5.050748975833661802e+01,1.731685360327146815e-04,1.731685360327146815e-04,9.906913888082868880e-01,9.906913888082868880e-01,3.396661189048708366e-06,3.396661189048708366e-06
5.149818114714490491e+01,5.149818114714490491e+01,1.765651972217633899e-04,1.765651972217633899e-04,9.907057497573532601e-01,9.907057497573532601e-01,3.396707849189357616e-06,3.396707849189357616e-06
5.248888689690225817e+01,5.248888689690225817e+01,1.799619050709527475e-04,1.799619050709527475e-04,9.907201109227870006e-01,9.907201109227870006e-01,3.396754508371328200e-06,3.396754508371328200e-06
5.347960700782504517e+01,5.347960700782504517e+01,1.833586595793240757e-04,1.833586595793240757e-04,9.907344723045596879e-01,9.907344723045596879e-01,3.396801167482690117e-06,3.396801167482690117e-06
5.447034148012960486e+01,5.447034148012960486e+01,1.867554607468067658e-04,1.867554607468067658e-04,9.907450178346195457e-01,9.907450178346195457e-01,3.396836186494197989e-06,3.396836186494197989e-06
5.546108649796422441e+01,5.546108649796422441e+01,1.901522969333009638e-04,1.901522969333009638e-04,9.907593802570531238e-01,9.907593802570531238e-01,3.396894483534895412e-06,3.396894483534895412e-06
5.645184587822127753e+01,5.645184587822127753e+01,1.935491914168358592e-04,1.935491914168358592e-04,9.907737422619433687e-01,9.907737422619433687e-01,3.396941141102217910e-06,3.396941141102217910e-06
5.744261962048322090e+01,5.744261962048322090e+01,1.969461325579380771e-04,1.969461325579380771e-04,9.907881038031973731e-01,9.907881038031973731e-01,3.396976158688352291e-06,3.396976158688352291e-06
5.843340772428641827e+01,5.843340772428641827e+01,2.003431087166264294e-04,2.003431087166264294e-04,9.907986514347726370e-01,9.907986514347726370e-01,3.397034454066425683e-06,3.397034454066425683e-06
5.942420637572119091e+01,5.942420637572119091e+01,2.037401431706928551e-04,2.037401431706928551e-04,9.908168288471799201e-01,9.908168288471799201e-01,3.397069470924274359e-06,3.397069470924274359e-06
6.041502320456837083e+01,6.041502320456837083e+01,2.071372126416171295e-04,2.071372126416171295e-04,9.908273769085909066e-01,9.908273769085909066e-01,3.397127765415876950e-06,3.397127765415876950e-06
6.140585058147696174e+01,6.140585058147696174e+01,2.105343404070330064e-04,2.105343404070330064e-04,9.908379237298561293e-01,9.908379237298561293e-01,3.397162781101459132e-06,3.397162781101459132e-06
6.239668850520681787e+01,6.239668850520681787e+01,2.139315031881344655e-04,2.139315031881344655e-04,9.908561032218372588e-01,9.908561032218372588e-01,3.397221074262637237e-06,3.397221074262637237e-06
6.338754460842865512e+01,6.338754460842865512e+01,2.173287242623971028e-04,2.173287242623971028e-04,9.908666504268666131e-01,9.908666504268666131e-01,3.397256089219906610e-06,3.397256089219906610e-06
6.437841125885552174e+01,6.437841125885552174e+01,2.207259803516170094e-04,2.207259803516170094e-04,9.908810148482700697e-01,9.908810148482700697e-01,3.397314381494586808e-06,3.397314381494586808e-06
6.536929227370379181e+01,6.536929227370379181e+01,2.241232947331115962e-04,2.241232947331115962e-04,9.908953779762725844e-01,9.908953779762725844e-01,3.397349395057599293e-06,3.397349395057599293e-06
6.636018765168006439e+01,6.636018765168006439e+01,2.275206441281691955e-04,2.275206441281691955e-04,9.909097428534323626e-01,9.909097428534323626e-01,3.397407686445835795e-06,3.397407686445835795e-06
6.735109739453349675e+01,6.735109739453349675e+01,2.309180518146150313e-04,2.309180518146150313e-04,9.909241063910911862e-01,9.909241063910911862e-01,3.397442699280481260e-06,3.397442699280481260e-06
6.834202150092458794e+01,6.834202150092458794e+01,2.343154945138955125e-04,2.343154945138955125e-04,9.909308405158299138e-01,9.909308405158299138e-01,3.397500989116221566e-06,3.397500989116221566e-06
6.933295234144041785e+01,6.933295234144041785e+01,2.377129955030117341e-04,2.377129955030117341e-04,9.909528356453591869e-01,9.909528356453591869e-01,3.397536001222554222e-06,3.397536001222554222e-06
7.032390517708577704e+01,7.032390517708577704e+01,2.411105315042342883e-04,2.411105315042342883e-04,9.909595685143983701e-01,9.909595685143983701e-01,3.397571012710837429e-06,3.397571012710837429e-06
7.131486474560017541e+01,7.131486474560017541e+01,2.445081025169451258e-04,2.445081025169451258e-04,9.909739344560506424e-01,9.909739344560506424e-01,3.397629301184874016e-06,3.397629301184874016e-06
7.230583868005622605e+01,7.230583868005622605e+01,2.479057318181299998e-04,2.479057318181299998e-04,9.909883006486097656e-01,9.909883006486097656e-01,3.397687589025628115e-06,3.397687589025628115e-06
7.329682698070483582e+01,7.329682698070483582e+01,2.513034194071556279e-04,2.513034194071556279e-04,9.910026653632968419e-01,9.910026653632968419e-01,3.397722598787265152e-06,3.397722598787265152e-06
7.428782964606813266e+01,7.428782964606813266e+01,2.547011420059428930e-04,2.547011420059428930e-04,9.910170302597975933e-01,9.910170302597975933e-01,3.397757608596878136e-06,3.397757608596878136e-06
7.527884667632793025e+01,7.527884667632793025e+01,2.580988996145397712e-04,2.580988996145397712e-04,9.910313971129198762e-01,9.910313971129198762e-01,3.397815894853883911e-06,3.397815894853883911e-06
7.626987807344085013e+01,7.626987807344085013e+01,2.614967155093936551e-04,2.614967155093936551e-04,9.910381328014494784e-01,9.910381328014494784e-01,3.397874180477498778e-06,3.397874180477498778e-06
7.726091620624229961e+01,7.726091620624229961e+01,2.648945896898711539e-04,2.648945896898711539e-04,9.910601297250281050e-01,9.910601297250281050e-01,3.397909188560465591e-06,3.397909188560465591e-06
7.825197633596732771e+01,7.825197633596732771e+01,2.682924988784316195e-04,2.682924988784316195e-04,9.910668639734296903e-01,9.910668639734296903e-01,3.397944196247319141e-06,3.397944196247319141e-06
7.924304319994075740e+01,7.924304319994075740e+01,2.716904430746789386e-04,2.716904430746789386e-04,9.910812316861665749e-01,9.910812316861665749e-01,3.398002480065249499e-06,3.398002480065249499e-06
8.023412443162692398e+01,8.023412443162692398e+01,2.750884455547441881e-04,2.750884455547441881e-04,9.911032311690775032e-01,9.911032311690775032e-01,3.398060763693769738e-06,3.398060763693769738e-06
8.122522766279600148e+01,8.122522766279600148e+01,2.784865063184379578e-04,2.784865063184379578e-04,9.911099640640372854e-01,9.911099640640372854e-01,3.398072493284972143e-06,3.398072493284972143e-06
8.221633762686003877e+01,8.221633762686003877e+01,2.818845788117229300e-04,2.818845788117229300e-04,9.911243343735804956e-01,9.911243343735804956e-01,3.398154052252993183e-06,3.398154052252993183e-06
8.320746196123361926e+01,8.320746196123361926e+01,2.852827328639759232e-04,2.852827328639759232e-04,9.911310694876647176e-01,9.911310694876647176e-01,3.398189057484779334e-06,3.398189057484779334e-06
8.419859303072128398e+01,8.419859303072128398e+01,2.886809219214607025e-04,2.886809219214607025e-04,9.911530679515578868e-01,9.911530679515578868e-01,3.398224062320506431e-06,3.398224062320506431e-06
8.518974609867284187e+01,8.518974609867284187e+01,2.920791459837812089e-04,2.920791459837812089e-04,9.911674370315211036e-01,9.911674370315211036e-01,3.398282342812646625e-06,3.398282342812646625e-06
8.618091353570436297e+01,8.618091353570436297e+01,2.954774283265938556e-04,2.954774283265938556e-04,9.911741726592424584e-01,9.911741726592424584e-01,3.398317346919898282e-06,3.398317346919898282e-06
8.717208770836360543e+01,8.717208770836360543e+01,2.988757456735137538e-04,2.988757456735137538e-04,9.911885421431350096e-01,9.911885421431350096e-01,3.398375626525486359e-06,3.398375626525486359e-06
8.816327625050674044e+01,8.816327625050674044e+01,3.022741213000392402e-04,3.022741213000392402e-04,9.912105415299805600e-01,9.912105415299805600e-01,3.398410629460335997e-06,3.398410629460335997e-06
8.915448679203672100e+01,8.915448679203672100e+01,3.056725319294995762e-04,3.056725319294995762e-04,9.912172797689322579e-01,9.912172797689322579e-01,3.398468907957218933e-06,3.398468907957218933e-06
9.014570407180565326e+01,9.014570407180565326e+01,3.090710008374567951e-04,3.090710008374567951e-04,9.912316478388021324e-01,9.912316478388021324e-01,3.398503909941711157e-06,3.398503909941711157e-06
9.113693571964445539e+01,9.113693571964445539e+01,3.124695047473985063e-04,3.124695047473985063e-04,9.912383842860776895e-01,9.912383842860776895e-01,3.398538911530035907e-06,3.398538911530035907e-06
9.212817410393053308e+01,9.212817410393053308e+01,3.158680436589285422e-04,3.158680436589285422e-04,9.912603888314492906e-01,9.912603888314492906e-01,3.398620464163931015e-06,3.398620464163931015e-06
9.311943449276198237e+01,9.311943449276198237e+01,3.192666641230924732e-04,3.192666641230924732e-04,9.912747553490959262e-01,9.912747553490959262e-01,3.398632189001882676e-06,3.398632189001882676e-06
9.411070924811107830e+01,9.411070924811107830e+01,3.226652963120943559e-04,3.226652963120943559e-04,9.912814945227665930e-01,9.912814945227665930e-01,3.398690464806257937e-06,3.398690464806257937e-06
9.510199074263384489e+01,9.510199074263384489e+01,3.260639867769006138e-04,3.260639867769006138e-04,9.913034976859051994e-01,9.913034976859051994e-01,3.398748739977242288e-06,3.398748739977242288e-06
9.609329424031975009e+01,9.609329424031975009e+01,3.294627355168778561e-04,3.294627355168778561e-04,9.913102350506619587e-01,9.913102350506619587e-01,3.398783739110337009e-06,3.398783739110337009e-06
9.708460447537041205e+01,9.708460447537041205e+01,3.328615192559881931e-04,3.328615192559881931e-04,9.913246067613670220e-01,9.913246067613670220e-01,3.398842013172616219e-06,3.398842013172616219e-06
9.807592908213177907e+01,9.807592908213177907e+01,3.362603612691608093e-04,3.362603612691608093e-04,9.913389764179640906e-01,9.913389764179640906e-01,3.398877011355245104e-06,3.398877011355245104e-06
9.906726805854974316e+01,9.906726805854974316e+01,3.396592382805160544e-04,3.396592382805160544e-04,9.913533462563464127e-01,9.913533462563464127e-01,3.398912009141814936e-06,3.398912009141814936e-06
1.000586214048060896e+02,1.000586214048060896e+02,3.430581502896578694e-04,3.430581502896578694e-04,9.913677186276146358e-01,9.913677186276146358e-01,3.398970281620128982e-06,3.398970281620128982e-06
1.010499891234337042e+02,1.010499891234337042e+02,3.464571205712779984e-04,3.464571205712779984e-04,9.913820912497754989e-01,9.913820912497754989e-01,3.399028553464997909e-06,3.399028553464997909e-06
1.020413712146834797e+02,1.020413712146834797e+02,3.498561491247429963e-04,3.498561491247429963e-04,9.913888296360511276e-01,9.913888296360511276e-01,3.399063549746695126e-06,3.399063549746695126e-06
1.030327600443195308e+02,1.030327600443195308e+02,3.532552126744896914e-04,3.532552126744896914e-04,9.914108323573884718e-01,9.914108323573884718e-01,3.399098545632279079e-06,3.399098545632279079e-06
1.040241708766769193e+02,1.040241708766769193e+02,3.566543112201219705e-04,3.566543112201219705e-04,9.914175734986088173e-01,9.914175734986088173e-01,3.399156815893128632e-06,3.399156815893128632e-06
1.050155884501755281e+02,1.050155884501755281e+02,3.600534680360150991e-04,3.600534680360150991e-04,9.914319445140620246e-01,9.914319445140620246e-01,3.399191810828246750e-06,3.399191810828246750e-06
1.060070203946895901e+02,1.060070203946895901e+02,3.634526598468433459e-04,3.634526598468433459e-04,9.914463182006727493e-01,9.914463182006727493e-01,3.399250079980391161e-06,3.399250079980391161e-06
1.069984667128902629e+02,1.069984667128902629e+02,3.668519099268237370e-04,3.668519099268237370e-04,9.914606921382045357e-01,9.914606921382045357e-01,3.399308348499090453e-06,3.399308348499090453e-06
1.079899274050284674e+02,1.079899274050284674e+02,3.702512182753228275e-04,3.702512182753228275e-04,9.914750637911424747e-01,9.914750637911424747e-01,3.399343341929281746e-06,3.399343341929281746e-06
1.089814024688196099e+02,1.089814024688196099e+02,3.736505616172521092e-04,3.736505616172521092e-04,9.914894356258514563e-01,9.914894356258514563e-01,3.399378334963305565e-06,3.399378334963305565e-06
1.099728919044454614e+02,1.099728919044454614e+02,3.770499399522154148e-04,3.770499399522154148e-04,9.915038102239321915e-01,9.915038102239321915e-01,3.399436601897931273e-06,3.399436601897931273e-06
1.109643957146693936e+02,1.109643957146693936e+02,3.804493765541133461e-04,3.804493765541133461e-04,9.915105501452217140e-01,9.915105501452217140e-01,3.399471593981489258e-06,3.399471593981489258e-06
1.119559062648146153e+02,1.119559062648146153e+02,3.838488481480948353e-04,3.838488481480948353e-04,9.915325574961997290e-01,9.915325574961997290e-01,3.399529859807355614e-06,3.399529859807355614e-06
1.129474388223108150e+02,1.129474388223108150e+02,3.872483780079021909e-04,3.872483780079021909e-04,9.915393004260266707e-01,9.915393004260266707e-01,3.399588124999776851e-06,3.399588124999776851e-06
1.139389781227368417e+02,1.139389781227368417e+02,3.906479661329019678e-04,3.906479661329019678e-04,9.915536732559928623e-01,9.915536732559928623e-01,3.399623115578299590e-06,3.399623115578299590e-06
1.149305317959928345e+02,1.149305317959928345e+02,3.940475892484802674e-04,3.940475892484802674e-04,9.915680462677300966e-01,9.915680462677300966e-01,3.399658105760709065e-06,3.399658105760709065e-06
1.159220998422605646e+02,1.159220998422605646e+02,3.974472473542409764e-04,3.974472473542409764e-04,9.915824194612667952e-01,9.915824194612667952e-01,3.399693095768941461e-06,3.399693095768941461e-06
1.169136822617218314e+02,1.169136822617218314e+02,4.008469404500099179e-04,4.008469404500099179e-04,9.915967983224902582e-01,9.915967983224902582e-01,3.399774632200952985e-06,3.399774632200952985e-06
1.179052790600443217e+02,1.179052790600443217e+02,4.042467150822108709e-04,4.042467150822108709e-04,9.916111719717548567e-01,9.916111719717548567e-01,3.399809621100371819e-06,3.399809621100371819e-06
1.188968902320160765e+02,1.188968902320160765e+02,4.076465247033112427e-04,4.076465247033112427e-04,9.916179132722362510e-01,9.916179132722362510e-01,3.399844609603623179e-06,3.399844609603623179e-06
1.198885081452883128e+02,1.198885081452883128e+02,4.110463693129148659e-04,4.110463693129148659e-04,9.916399197896055284e-01,9.916399197896055284e-01,3.399879597266780486e-06,3.399879597266780486e-06
1.208801480650779183e+02,1.208801480650779183e+02,4.144462489101816464e-04,4.144462489101816464e-04,9.916466670721177934e-01,9.916466670721177934e-01,3.399961131608612852e-06,3.399961131608612852e-06
1.218717947321500361e+02,1.218717947321500361e+02,4.178462100417902592e-04,4.178462100417902592e-04,9.916610357723243396e-01,9.916610357723243396e-01,3.399949571912216136e-06,3.399949571912216136e-06
1.228634557679223605e+02,1.228634557679223605e+02,4.212461596137024753e-04,4.212461596137024753e-04,9.916754160410761187e-01,9.916754160410761187e-01,3.400031104923190335e-06,3.400031104923190335e-06
1.238551311839634366e+02,1.238551311839634366e+02,4.246461907186256657e-04,4.246461907186256657e-04,9.916897966299131895e-01,9.916897966299131895e-01,3.400112637063333349e-06,3.400112637063333349e-06
1.248468209805933498e+02,1.248468209805933498e+02,4.280463033556889990e-04,4.280463033556889990e-04,9.917041658293328510e-01,9.917041658293328510e-01,3.400101076558663914e-06,3.400101076558663914e-06
1.258385251464226826e+02,1.258385251464226826e+02,4.314464044322476629e-04,4.314464044322476629e-04,9.917185468739404541e-01,9.917185468739404541e-01,3.400182607589830736e-06,3.400182607589830736e-06
1.268302436932966231e+02,1.268302436932966231e+02,4.348465870398374937e-04,4.348465870398374937e-04,9.917329222916180242e-01,9.917329222916180242e-01,3.400217592068794682e-06,3.400217592068794682e-06
1.278219766155882411e+02,1.278219766155882411e+02,4.382468046319062884e-04,4.382468046319062884e-04,9.917396651270422581e-01,9.917396651270422581e-01,3.400252576373418920e-06,3.400252576373418920e-06
1.288137162807152833e+02,1.288137162807152833e+02,4.416470572082797073e-04,4.416470572082797073e-04,9.917540468955792221e-01,9.917540468955792221e-01,3.400334105202842180e-06,3.400334105202842180e-06
1.298054703276108626e+02,1.298054703276108626e+02,4.450473913134825495e-04,4.450473913134825495e-04,9.917760557148085354e-01,9.917760557148085354e-01,3.400369088398652855e-06,3.400369088398652855e-06
1.307972463833256711e+02,1.307972463833256711e+02,4.484477604018812023e-04,4.484477604018812023e-04,9.917827991099272822e-01,9.917827991099272822e-01,3.400404071198241847e-06,3.400404071198241847e-06
1.317890291824355984e+02,1.317890291824355984e+02,4.518481644730794442e-04,4.518481644730794442e-04,9.918048083445967222e-01,9.918048083445967222e-01,3.400439053157790995e-06,3.400439053157790995e-06
1.327808339907801951e+02,1.327808339907801951e+02,4.552486035262372352e-04,4.552486035262372352e-04,9.918115520513310912e-01,9.918115520513310912e-01,3.400474035164990829e-06,3.400474035164990829e-06
1.337726455428315262e+02,1.337726455428315262e+02,4.586490775614022260e-04,4.586490775614022260e-04,9.918183021317190651e-01,9.918183021317190651e-01,3.400555561127566705e-06,3.400555561127566705e-06
1.347644638449632453e+02,1.347644638449632453e+02,4.620496331225297927e-04,4.620496331225297927e-04,9.918403120298364684e-01,9.918403120298364684e-01,3.400590541803962582e-06,3.400590541803962582e-06
1.357563041569930817e+02,1.357563041569930817e+02,4.654502236643337553e-04,4.654502236643337553e-04,9.918470562443815197e-01,9.918470562443815197e-01,3.400625522084136775e-06,3.400625522084136775e-06
1.367481512132374633e+02,1.367481512132374633e+02,4.688508491864178921e-04,4.688508491864178921e-04,9.918690729658976579e-01,9.918690729658976579e-01,3.400707046288624618e-06,3.400707046288624618e-06
1.377400202862033609e+02,1.377400202862033609e+02,4.722515562327065167e-04,4.722515562327065167e-04,9.918758175842583569e-01,9.918758175842583569e-01,3.400742025459931039e-06,3.400742025459931039e-06
1.387318961037876193e+02,1.387318961037876193e+02,4.756522982581664477e-04,4.756522982581664477e-04,9.918978219052974055e-01,9.918978219052974055e-01,3.400730460452895242e-06,3.400730460452895242e-06
1.397237939256929167e+02,1.397237939256929167e+02,4.790530287186193430e-04,4.790530287186193430e-04,9.919045798356762589e-01,9.919045798356762589e-01,3.400858526617772919e-06,3.400858526617772919e-06
1.407156985055285929e+02,1.407156985055285929e+02,4.824538872452371159e-04,4.824538872452371159e-04,9.919113183694605596e-01,9.919113183694605596e-01,3.400846960596465990e-06,3.400846960596465990e-06
1.417076098238980535e+02,1.417076098238980535e+02,4.858547342058335819e-04,4.858547342058335819e-04,9.919333364003364295e-01,9.919333364003364295e-01,3.400928481712061843e-06,3.400928481712061843e-06
1.426995431602983899e+02,1.426995431602983899e+02,4.892556626875456437e-04,4.892556626875456437e-04,9.919553481445575471e-01,9.919553481445575471e-01,3.400963458585672811e-06,3.400963458585672811e-06
1.436914985084429475e+02,1.436914985084429475e+02,4.926566261461313165e-04,4.926566261461313165e-04,9.919620937901356683e-01,9.919620937901356683e-01,3.400998435285160909e-06,3.400998435285160909e-06
1.446834606022330831e+02,1.446834606022330831e+02,4.960576245814164774e-04,4.960576245814164774e-04,9.919688395395382940e-01,9.919688395395382940e-01,3.401033411144500744e-06,3.401033411144500744e-06
1.456754294417726214e+02,1.456754294417726214e+02,4.994586579925609782e-04,4.994586579925609782e-04,9.919908586779229154e-01,9.919908586779229154e-01,3.401114929725448759e-06,3.401114929725448759e-06
1.466674203004505443e+02,1.466674203004505443e+02,5.028597729222864269e-04,5.028597729222864269e-04,9.919976048312548755e-01,9.919976048312548755e-01,3.401149904919630561e-06,3.401149904919630561e-06
1.476594179052817992e+02,1.476594179052817992e+02,5.062609228272060575e-04,5.062609228272060575e-04,9.920043510884113402e-01,9.920043510884113402e-01,3.401184879273880940e-06,3.401184879273880940e-06
1.486514222563702106e+02,1.486514222563702106e+02,5.096621077064799384e-04,5.096621077064799384e-04,9.920263640673567807e-01,9.920263640673567807e-01,3.401219853675619374e-06,3.401219853675619374e-06
1.496434486204375673e+02,1.496434486204375673e+02,5.130633275601555578e-04,5.130633275601555578e-04,9.920483843132217316e-01,9.920483843132217316e-01,3.401301369500091785e-06,3.401301369500091785e-06
1.506354970047507891e+02,1.506354970047507891e+02,5.164646289296556496e-04,5.164646289296556496e-04,9.920551311819565399e-01,9.920551311819565399e-01,3.401336342570863633e-06,3.401336342570863633e-06
1.516275521359327456e+02,1.516275521359327456e+02,5.198659652722265132e-04,5.198659652722265132e-04,9.920618781546011178e-01,9.920618781546011178e-01,3.401371315245576427e-06,3.401371315245576427e-06
1.526196140140873467e+02,1.526196140140873467e+02,5.232673365874720896e-04,5.232673365874720896e-04,9.920838920567121022e-01,9.920838920567121022e-01,3.401406287745841091e-06,3.401406287745841091e-06
1.536116979061440588e+02,1.536116979061440588e+02,5.266687428752179307e-04,5.266687428752179307e-04,9.920906465326311263e-01,9.920906465326311263e-01,3.401487801035557243e-06,3.401487801035557243e-06
1.546037885526766900e+02,1.546037885526766900e+02,5.300702306762534880e-04,5.300702306762534880e-04,9.921126609422969977e-01,9.921126609422969977e-01,3.401522772204963740e-06,3.401522772204963740e-06
1.555959012136189870e+02,1.555959012136189870e+02,5.334717534484584517e-04,5.334717534484584517e-04,9.921194086304296889e-01,9.921194086304296889e-01,3.401557742978094344e-06,3.401557742978094344e-06
1.565880206222494166e+02,1.565880206222494166e+02,5.368733111914365461e-04,5.368733111914365461e-04,9.921414234555641087e-01,9.921414234555641087e-01,3.401592713576993658e-06,3.401592713576993658e-06
1.575801620457049808e+02,1.575801620457049808e+02,5.402749039050135397e-04,5.402749039050135397e-04,9.921481788313997185e-01,9.921481788313997185e-01,3.401674224331953551e-06,3.401674224331953551e-06
1.585723102245363805e+02,1.585723102245363805e+02,5.436765781293454933e-04,5.436765781293454933e-04,9.921549196051273611e-01,9.921549196051273611e-01,3.401662652983690298e-06,3.401662652983690298e-06
1.595644651441415078e+02,1.595644651441415078e+02,5.470782407823291836e-04,5.470782407823291836e-04,9.921769499380559409e-01,9.921769499380559409e-01,3.401790703309350017e-06,3.401790703309350017e-06
1.605566420940795638e+02,1.605566420940795638e+02,5.504800314856385336e-04,5.504800314856385336e-04,9.921989582639696437e-01,9.921989582639696437e-01,3.401779130946707211e-06,3.401779130946707211e-06
1.615488410523435334e+02,1.615488410523435334e+02,5.538818106165852408e-04,5.538818106165852408e-04,9.921904396867375908e-01,9.921904396867375908e-01,3.401814099247856861e-06,3.401814099247856861e-06
1.625410314920302710e+02,1.625410314920302710e+02,5.572836247158330977e-04,5.572836247158330977e-04,9.922277306975217925e-01,9.922277306975217925e-01,3.401895606913382664e-06,3.401895606913382664e-06
1.635332592227277928e+02,1.635332592227277928e+02,5.606855203227464803e-04,5.606855203227464803e-04,9.922192124202524610e-01,9.922192124202524610e-01,3.401930574105393491e-06,3.401930574105393491e-06
1.645254784351480453e+02,1.645254784351480453e+02,5.640874508968518738e-04,5.640874508968518738e-04,9.922412289877229341e-01,9.922412289877229341e-01,3.401965540457256056e-06,3.401965540457256056e-06
1.655177196641357682e+02,1.655177196641357682e+02,5.674894164373091299e-04,5.674894164373091299e-04,9.922632535595994341e-01,9.922632535595994341e-01,3.402047046364531195e-06,3.402047046364531195e-06
1.665099829176953676e+02,1.665099829176953676e+02,5.708914634836736611e-04,5.708914634836736611e-04,9.922700031864621906e-01,9.922700031864621906e-01,3.402082011829191122e-06,3.402082011829191122e-06
1.675022529208818298e+02,1.675022529208818298e+02,5.742935454955028522e-04,5.742935454955028522e-04,9.922767529171778733e-01,9.922767529171778733e-01,3.402116977119511339e-06,3.402116977119511339e-06
1.684945296737990077e+02,1.684945296737990077e+02,5.776956624726223635e-04,5.776956624726223635e-04,9.922987704077002036e-01,9.922987704077002036e-01,3.402151941569683292e-06,3.402151941569683292e-06
1.694868284442067079e+02,1.694868284442067079e+02,5.810978144141920468e-04,5.810978144141920468e-04,9.923207881578264278e-01,9.923207881578264278e-01,3.402186906067668562e-06,3.402186906067668562e-06
1.704791492323645343e+02,1.704791492323645343e+02,5.845000013202597154e-04,5.845000013202597154e-04,9.923122786235296644e-01,9.923122786235296644e-01,3.402268408663356586e-06,3.402268408663356586e-06
1.714714615109880640e+02,1.714714615109880640e+02,5.879022697289230720e-04,5.879022697289230720e-04,9.923495645892046468e-01,9.923495645892046468e-01,3.402303372052094613e-06,3.402303372052094613e-06
1.724638110755772686e+02,1.724638110755772686e+02,5.913045731009751666e-04,5.913045731009751666e-04,9.923410473794831432e-01,9.923410473794831432e-01,3.402338334600684376e-06,3.402338334600684376e-06
1.734561521229567518e+02,1.734561521229567518e+02,5.947069114355758510e-04,5.947069114355758510e-04,9.923630740626094848e-01,9.923630740626094848e-01,3.402419835438013317e-06,3.402419835438013317e-06
1.744485151970193613e+02,1.744485151970193613e+02,5.981093312710138643e-04,5.981093312710138643e-04,9.923850929838806678e-01,9.923850929838806678e-01,3.402454797321119787e-06,3.402454797321119787e-06
1.754409002900032419e+02,1.754409002900032419e+02,6.015117860683349841e-04,6.015117860683349841e-04,9.923918441454588901e-01,9.923918441454588901e-01,3.402489758364403254e-06,3.402489758364403254e-06
1.764332921341487008e+02,1.764332921341487008e+02,6.049142758266993873e-04,6.049142758266993873e-04,9.923985954109753038e-01,9.923985954109753038e-01,3.402524719455174776e-06,3.402524719455174776e-06
1.774256907295596761e+02,1.774256907295596761e+02,6.083168005461545621e-04,6.083168005461545621e-04,9.924206149034944247e-01,9.924206149034944247e-01,3.402559679705798035e-06,3.402559679705798035e-06
1.784181113444631706e+02,1.784181113444631706e+02,6.117193602258603601e-04,6.117193602258603601e-04,9.924426429998334243e-01,9.924426429998334243e-01,3.402641177675303809e-06,3.402641177675303809e-06
1.794105539874630040e+02,1.794105539874630040e+02,6.151220014035356639e-04,6.151220014035356639e-04,9.924341266498686309e-01,9.924341266498686309e-01,3.402676136816679825e-06,3.402676136816679825e-06
1.804029881141128726e+02,1.804029881141128726e+02,6.185246775403523438e-04,6.185246775403523438e-04,9.924714150847933070e-01,9.924714150847933070e-01,3.402711096005760737e-06,3.402711096005760737e-06
1.813954595291976659e+02,1.813954595291976659e+02,6.219273886363581045e-04,6.219273886363581045e-04,9.924629074251072325e-01,9.924629074251072325e-01,3.402792591550773613e-06,3.402792591550773613e-06
1.823879224366227731e+02,1.823879224366227731e+02,6.253301812279088781e-04,6.253301812279088781e-04,9.924849195601268548e-01,9.924849195601268548e-01,3.402781012592820571e-06,3.402781012592820571e-06
1.833804073561829000e+02,1.833804073561829000e+02,6.287329622405016987e-04,6.287329622405016987e-04,9.925069489659108513e-01,9.925069489659108513e-01,3.402862507028694625e-06,3.402862507028694625e-06
1.843729143051488109e+02,1.843729143051488109e+02,6.321358247475303933e-04,6.321358247475303933e-04,9.925137016622613828e-01,9.925137016622613828e-01,3.402897464315868085e-06,3.402897464315868085e-06
1.853654280068110722e+02,1.853654280068110722e+02,6.355387222118462614e-04,6.355387222118462614e-04,9.925204631293524926e-01,9.925204631293524926e-01,3.402978957325799442e-06,3.402978957325799442e-06
1.863579484699404247e+02,1.863579484699404247e+02,6.389417011691720608e-04,6.389417011691720608e-04,9.925424760031091864e-01,9.925424760031091864e-01,3.402967377099438279e-06,3.402967377099438279e-06
1.873504909459435339e+02,1.873504909459435339e+02,6.423446685462714991e-04,6.423446685462714991e-04,9.925645065164587777e-01,9.925645065164587777e-01,3.403048869000013972e-06,3.403048869000013972e-06
1.883430554524599927e+02,1.883430554524599927e+02,6.457477174152715131e-04,6.457477174152715131e-04,9.925559912338712820e-01,9.925559912338712820e-01,3.403083824385388402e-06,3.403083824385388402e-06
1.893356114436938640e+02,1.893356114436938640e+02,6.491508012396569015e-04,6.491508012396569015e-04,9.925780222431797029e-01,9.925780222431797029e-01,3.403165314860021398e-06,3.403165314860021398e-06
1.903281894659370437e+02,1.903281894659370437e+02,6.525539665545169229e-04,6.525539665545169229e-04,9.926000358557018899e-01,9.926000358557018899e-01,3.403153733365360534e-06,3.403153733365360534e-06
1.913207895017927456e+02,1.913207895017927456e+02,6.559571202878822834e-04,6.559571202878822834e-04,9.926067986263547027e-01,9.926067986263547027e-01,3.403235222730529447e-06,3.403235222730529447e-06
1.923133963004191003e+02,1.923133963004191003e+02,6.593603555106128129e-04,6.593603555106128129e-04,9.926288215517899971e-01,9.926288215517899971e-01,3.403270176214213266e-06,3.403270176214213266e-06
1.933060251219708903e+02,1.933060251219708903e+02,6.627636256868270261e-04,6.627636256868270261e-04,9.926355848184869046e-01,9.926355848184869046e-01,3.403351664153439482e-06,3.403351664153439482e-06
1.942986607067893772e+02,1.942986607067893772e+02,6.661669773509804656e-04,6.661669773509804656e-04,9.926423301638465091e-01,9.926423301638465091e-01,3.403340081390370496e-06,3.403340081390370496e-06
1.952913030369532237e+02,1.952913030369532237e+02,6.695703174323708361e-04,6.695703174323708361e-04,9.926643627882754117e-01,9.926643627882754117e-01,3.403421568220241049e-06,3.403421568220241049e-06
1.962839673997414991e+02,1.962839673997414991e+02,6.729737390005910772e-04,6.729737390005910772e-04,9.926711175270668264e-01,9.926711175270668264e-01,3.403456519801908997e-06,3.403456519801908997e-06
1.972766385172685659e+02,1.972766385172685659e+02,6.763771955203929861e-04,6.763771955203929861e-04,9.926931507513927500e-01,9.926931507513927500e-01,3.403538005205728433e-06,3.403538005205728433e-06
1.982693316680199587e+02,1.982693316680199587e+02,6.797807335255987146e-04,6.797807335255987146e-04,9.926998966277267300e-01,9.926998966277267300e-01,3.403526421174251325e-06,3.403526421174251325e-06
1.992620315646476854e+02,1.992620315646476854e+02,6.831842599467729659e-04,6.831842599467729659e-04,9.989761337589300183e-01,9.989761337589300183e-01,1.909052515954837072e-05,1.909052515954837072e-05
2.002610076984066154e+02,2.002610076984066154e+02,7.022747851063213366e-04,7.022747851063213366e-04,1.106795556105026890e+00,1.106795556105026890e+00,2.877558561384317400e-04,2.877558561384317400e-04
2.013678032545116423e+02,2.013678032545116423e+02,9.900306412447530766e-04,9.900306412447530766e-04,1.109046085810462046e+00,1.109046085810462046e+00,2.883466323859446966e-04,2.883466323859446966e-04
2.024768493403221044e+02,2.024768493403221044e+02,1.278377273630697773e-03,1.278377273630697773e-03,1.109927500243600207e+00,1.109927500243600207e+00,2.885769699029793519e-04,2.885769699029793519e-04
2.035867768405657046e+02,2.035867768405657046e+02,1.566954243533677125e-03,1.566954243533677125e-03,1.111247691812906169e+00,1.111247691812906169e+00,2.889301625597223699e-04,2.889301625597223699e-04
2.046980245323786107e+02,2.046980245323786107e+02,1.855884406093399495e-03,1.855884406093399495e-03,1.112615606920769551e+00,1.112615606920769551e+00,2.892842332204023040e-04,2.892842332204023040e-04
2.058106401392993803e+02,2.058106401392993803e+02,2.145168639313801799e-03,2.145168639313801799e-03,1.113939623569990545e+00,1.113939623569990545e+00,2.896396448390228459e-04,2.896396448390228459e-04
2.069245797628693708e+02,2.069245797628693708e+02,2.434808284152824645e-03,2.434808284152824645e-03,1.115311381904291466e+00,1.115311381904291466e+00,2.899958380261648781e-04,2.899958380261648781e-04
2.080398911447736623e+02,2.080398911447736623e+02,2.724804122178989523e-03,2.724804122178989523e-03,1.116654454181741585e+00,1.116654454181741585e+00,2.903529970134572681e-04,2.903529970134572681e-04
2.091565455989554039e+02,2.091565455989554039e+02,3.015157119192446791e-03,3.015157119192446791e-03,1.118014815615367752e+00,1.118014815615367752e+00,2.907114914100601341e-04,2.907114914100601341e-04
2.102745604145707716e+02,2.102745604145707716e+02,3.305868610602506925e-03,3.305868610602506925e-03,1.119377020515685217e+00,1.119377020515685217e+00,2.910705767081469934e-04,2.910705767081469934e-04
2.113939374350864568e+02,2.113939374350864568e+02,3.596939187310653919e-03,3.596939187310653919e-03,1.120741111830909631e+00,1.120741111830909631e+00,2.914304371860851513e-04,2.914304371860851513e-04
2.125146785469173665e+02,2.125146785469173665e+02,3.888369624496739070e-03,3.888369624496739070e-03,1.122107330738884912e+00,1.122107330738884912e+00,2.917921842884325240e-04,2.917921842884325240e-04
2.136367858776562514e+02,2.136367858776562514e+02,4.180161808785171594e-03,4.180161808785171594e-03,1.123475368896350801e+00,1.123475368896350801e+00,2.921543317646983773e-04,2.921543317646983773e-04
2.147602612465526022e+02,2.147602612465526022e+02,4.472316140549869971e-03,4.472316140549869971e-03,1.124860720045433027e+00,1.124860720045433027e+00,2.925176200781112040e-04,2.925176200781112040e-04
2.158851219665980352e+02,2.158851219665980352e+02,4.764833760627981175e-03,4.764833760627981175e-03,1.126232816036690565e+00,1.126232816036690565e+00,2.928824179566340974e-04,2.928824179566340974e-04
2.170113547826347258e+02,2.170113547826347258e+02,5.057716178584615273e-03,5.057716178584615273e-03,1.127622005628609259e+00,1.127622005628609259e+00,2.932472408755061252e-04,2.932472408755061252e-04
2.181389767882633350e+02,2.181389767882633350e+02,5.350963419460121398e-03,5.350963419460121398e-03,1.129013367102970733e+00,1.129013367102970733e+00,2.936139403726563402e-04,2.936139403726563402e-04
2.192679901553663058e+02,2.192679901553663058e+02,5.644577359832777738e-03,5.644577359832777738e-03,1.130391316491113685e+00,1.130391316491113685e+00,2.939814026762825258e-04,2.939814026762825258e-04
2.203983814718574195e+02,2.203983814718574195e+02,5.938558762509060264e-03,5.938558762509060264e-03,1.131801983437497938e+00,1.131801983437497938e+00,2.943499965030356436e-04,2.943499965030356436e-04
2.215301834552949174e+02,2.215301834552949174e+02,6.232908759012095908e-03,6.232908759012095908e-03,1.133183976203042675e+00,1.133183976203042675e+00,2.947197199155236064e-04,2.947197199155236064e-04
2.226633674314979601e+02,2.226633674314979601e+02,6.527628478927619514e-03,6.527628478927619514e-03,1.134598469538389054e+00,1.134598469538389054e+00,2.950894609865840901e-04,2.950894609865840901e-04
2.237979659010363491e+02,2.237979659010363491e+02,6.822717939914203604e-03,6.822717939914203604e-03,1.136000142230471965e+00,1.136000142230471965e+00,2.954625480652778649e-04,2.954625480652778649e-04
2.249339660432668211e+02,2.249339660432668211e+02,7.118180487979481469e-03,7.118180487979481469e-03,1.137403367136130328e+00,1.137403367136130328e+00,2.958345392538802923e-04,2.958345392538802923e-04
2.260713694104029514e+02,2.260713694104029514e+02,7.414015027233361761e-03,7.414015027233361761e-03,1.138824184515442539e+00,1.138824184515442539e+00,2.962083925733896561e-04,2.962083925733896561e-04
2.272101935949183940e+02,2.272101935949183940e+02,7.710223419806751417e-03,7.710223419806751417e-03,1.140231691930324587e+00,1.140231691930324587e+00,2.965833660796132407e-04,2.965833660796132407e-04
2.283504252868487185e+02,2.283504252868487185e+02,8.006806785886364658e-03,8.006806785886364658e-03,1.141656648149279363e+00,1.141656648149279363e+00,2.969594578195525192e-04,2.969594578195525192e-04
2.294920819349979979e+02,2.294920819349979979e+02,8.303766243705917177e-03,8.303766243705917177e-03,1.143083687154870631e+00,1.143083687154870631e+00,2.973366658349952535e-04,2.973366658349952535e-04
2.306351656221528685e+02,2.306351656221528685e+02,8.601102909540912431e-03,8.601102909540912431e-03,1.144512814844858895e+00,1.144512814844858895e+00,2.977149881664767350e-04,2.977149881664767350e-04
2.317796784369977274e+02,2.317796784369977274e+02,8.898817897707389166e-03,8.898817897707389166e-03,1.145943866726241822e+00,1.145943866726241822e+00,2.980936846138822205e-04,2.980936846138822205e-04
2.329256223037239693e+02,2.329256223037239693e+02,9.196911582321271386e-03,9.196911582321271386e-03,1.147377359114159390e+00,1.147377359114159390e+00,2.984749681420682116e-04,2.984749681420682116e-04
2.340729996628381286e+02,2.340729996628381286e+02,9.495386550463339598e-03,9.495386550463339598e-03,1.148812616346702953e+00,1.148812616346702953e+00,2.988558838343795959e-04,2.988558838343795959e-04
2.352218122791848316e+02,2.352218122791848316e+02,9.794242434297719194e-03,9.794242434297719194e-03,1.150265569010997524e+00,1.150265569010997524e+00,2.992386442096650612e-04,2.992386442096650612e-04
2.363720778481958291e+02,2.363720778481958291e+02,1.009348107850738425e-02,1.009348107850738425e-02,1.151705236137331667e+00,1.151705236137331667e+00,2.996225090557153720e-04,2.996225090557153720e-04
2.375237830843331608e+02,2.375237830843331608e+02,1.039310358756309963e-02,1.039310358756309963e-02,1.153162449232780773e+00,1.153162449232780773e+00,3.000074763938303385e-04,3.000074763938303385e-04
2.386769455335659416e+02,2.386769455335659416e+02,1.069311106395692997e-02,1.069311106395692997e-02,1.154606204619284426e+00,1.154606204619284426e+00,3.003928073310804803e-04,3.003928073310804803e-04
2.398315517381852260e+02,2.398315517381852260e+02,1.099350387128801045e-02,1.099350387128801045e-02,1.156083306923846976e+00,1.156083306923846976e+00,3.007807108409820546e-04,3.007807108409820546e-04
2.409876350451090730e+02,2.409876350451090730e+02,1.129428458212899250e-02,1.129428458212899250e-02,1.157531532926384443e+00,1.157531532926384443e+00,3.011689737567081748e-04,3.011689737567081748e-04
2.421451665780354574e+02,2.421451665780354574e+02,1.159545355588570067e-02,1.159545355588570067e-02,1.159012787116864729e+00,1.159012787116864729e+00,3.015583312213337280e-04,3.015583312213337280e-04
2.433041793651523221e+02,2.433041793651523221e+02,1.189701188710703440e-02,1.189701188710703440e-02,1.160465332491781965e+00,1.160465332491781965e+00,3.019487812418522599e-04,3.019487812418522599e-04
2.444646446976441041e+02,2.444646446976441041e+02,1.219896066834888666e-02,1.219896066834888666e-02,1.161950936246341826e+00,1.161950936246341826e+00,3.023403218209031601e-04,3.023403218209031601e-04
2.456265956338904459e+02,2.456265956338904459e+02,1.250130099016978982e-02,1.250130099016978982e-02,1.159996681478475011e+00,1.159996681478475011e+00,2.957103523969668857e-04,2.957103523969668857e-04
2.467865923153689209e+02,2.467865923153689209e+02,1.279701134256675671e-02,1.279701134256675671e-02,1.159907864283638901e+00,1.159907864283638901e+00,2.930035534232811739e-04,2.930035534232811739e-04
2.479465001796525598e+02,2.479465001796525598e+02,1.309001489599003788e-02,1.309001489599003788e-02,1.161339379745328415e+00,1.161339379745328415e+00,2.933720521994895997e-04,2.933720521994895997e-04
2.491078395593978883e+02,2.491078395593978883e+02,1.338338694818952748e-02,1.338338694818952748e-02,1.162772978171886962e+00,1.162772978171886962e+00,2.937416714321704203e-04,2.937416714321704203e-04
2.502706125375697752e+02,2.502706125375697752e+02,1.367712861962169790e-02,1.367712861962169790e-02,1.164209029841686061e+00,1.164209029841686061e+00,2.941138786412798856e-04,2.941138786412798856e-04
2.514348215674114613e+02,2.514348215674114613e+02,1.397124249826297779e-02,1.397124249826297779e-02,1.165646448992220030e+00,1.165646448992220030e+00,2.944842631410968248e-04,2.944842631410968248e-04
2.526004680164036813e+02,2.526004680164036813e+02,1.426572676140407461e-02,1.426572676140407461e-02,1.167101812666885507e+00,1.167101812666885507e+00,2.948572321943322694e-04,2.948572321943322694e-04
2.537675698290705668e+02,2.537675698290705668e+02,1.456058399359840688e-02,1.456058399359840688e-02,1.168528325459988082e+00,1.168528325459988082e+00,2.952313139948439802e-04,2.952313139948439802e-04
2.549360981545305549e+02,2.549360981545305549e+02,1.485581530759325086e-02,1.485581530759325086e-02,1.170003407114961647e+00,1.170003407114961647e+00,2.956065066075357767e-04,2.956065066075357767e-04
2.561061015616455165e+02,2.561061015616455165e+02,1.515142181420078664e-02,1.515142181420078664e-02,1.171449273434063798e+00,1.171449273434063798e+00,2.959813408200655943e-04,2.959813408200655943e-04
2.572775508350795803e+02,2.572775508350795803e+02,1.544740315502085223e-02,1.544740315502085223e-02,1.172913131806865294e+00,1.172913131806865294e+00,2.963587501100921340e-04,2.963587501100921340e-04
2.584504639668864456e+02,2.584504639668864456e+02,1.574376190513094437e-02,1.574376190513094437e-02,1.174363630322602603e+00,1.174363630322602603e+00,2.967372643914376051e-04,2.967372643914376051e-04
2.596248275972090482e+02,2.596248275972090482e+02,1.604049916952238197e-02,1.604049916952238197e-02,1.175847280998368660e+00,1.175847280998368660e+00,2.971168817165956155e-04,2.971168817165956155e-04
2.608006748782074169e+02,2.608006748782074169e+02,1.633761605123897759e-02,1.633761605123897759e-02,1.177301697881489417e+00,1.177301697881489417e+00,2.974961346033332121e-04,2.974961346033332121e-04
2.619779765760889063e+02,2.619779765760889063e+02,1.663511218584231080e-02,1.663511218584231080e-02,1.178789671569347774e+00,1.178789671569347774e+00,2.978779530373974749e-04,2.978779530373974749e-04
2.631567662476582541e+02,2.631567662476582541e+02,1.693299013887970828e-02,1.693299013887970828e-02,1.180279826194407633e+00,1.180279826194407633e+00,2.982608686579908686e-04,2.982608686579908686e-04
2.643370460738526617e+02,2.643370460738526617e+02,1.723125100753769914e-02,1.723125100753769914e-02,1.181741115138038367e+00,1.181741115138038367e+00,2.986448795066730388e-04,2.986448795066730388e-04
2.655187871889907001e+02,2.655187871889907001e+02,1.752989588704437218e-02,1.752989588704437218e-02,1.183235631170532542e+00,1.183235631170532542e+00,2.990299836215619400e-04,2.990299836215619400e-04
2.667020228201612326e+02,2.667020228201612326e+02,1.782892587066593412e-02,1.782892587066593412e-02,1.184731960851479471e+00,1.184731960851479471e+00,2.994147156914588048e-04,2.994147156914588048e-04
2.678867547810127121e+02,2.678867547810127121e+02,1.812834058635739293e-02,1.812834058635739293e-02,1.186231263717161255e+00,1.186231263717161255e+00,2.998034642253330495e-04,2.998034642253330495e-04
2.690729860447298734e+02,2.690729860447298734e+02,1.842814405058272598e-02,1.842814405058272598e-02,1.187732005558927995e+00,1.187732005558927995e+00,3.001903738690282764e-04,3.001903738690282764e-04
2.702607180502888014e+02,2.702607180502888014e+02,1.872833442445175425e-02,1.872833442445175425e-02,1.189235348856698238e+00,1.189235348856698238e+00,3.005798322483869967e-04,3.005798322483869967e-04
2.714499533991454996e+02,2.714499533991454996e+02,1.902891425670014125e-02,1.902891425670014125e-02,1.190741305419464879e+00,1.190741305419464879e+00,3.009718356294412145e-04,3.009718356294412145e-04
2.726406947045649645e+02,2.726406947045649645e+02,1.932988609232958246e-02,1.932988609232958246e-02,1.192248709831062570e+00,1.192248709831062570e+00,3.013619968249905967e-04,3.013619968249905967e-04
2.738329434143960270e+02,2.738329434143960270e+02,1.963124808915457306e-02,1.963124808915457306e-02,1.193790257605257921e+00,1.193790257605257921e+00,3.017561602065600701e-04,3.017561602065600701e-04
2.750267336720012850e+02,2.750267336720012850e+02,1.993300424936113313e-02,1.993300424936113313e-02,1.195271411933390482e+00,1.195271411933390482e+00,3.021499394616974921e-04,3.021499394616974921e-04
2.762220050839346754e+02,2.762220050839346754e+02,2.023515418882283062e-02,2.023515418882283062e-02,1.196817073205465931e+00,1.196817073205465931e+00,3.025447941901703020e-04,3.025447941901703020e-04
2.774188221571401414e+02,2.774188221571401414e+02,2.053769898301300093e-02,2.053769898301300093e-02,1.198365014030571274e+00,1.198365014030571274e+00,3.029407223994230736e-04,3.029407223994230736e-04
2.786171871711707126e+02,2.786171871711707126e+02,2.084063970541242400e-02,2.084063970541242400e-02,1.199853314468214194e+00,1.199853314468214194e+00,3.033391810345377471e-04,3.033391810345377471e-04
2.798170404856389268e+02,2.798170404856389268e+02,2.114397888644696175e-02,2.114397888644696175e-02,1.201437371513350172e+00,1.201437371513350172e+00,3.037387078283319830e-04,3.037387078283319830e-04
2.810184778571522770e+02,2.810184778571522770e+02,2.144771759427529373e-02,2.144771759427529373e-02,1.202960992655164318e+00,1.202960992655164318e+00,3.041378427234460446e-04,3.041378427234460446e-04
2.822214388498074413e+02,2.822214388498074413e+02,2.175185543699873977e-02,2.175185543699873977e-02,1.204487293453041730e+00,1.204487293453041730e+00,3.045395007075166194e-04,3.045395007075166194e-04
2.834259261432604831e+02,2.834259261432604831e+02,2.205639493770625639e-02,2.205639493770625639e-02,1.206077874293043806e+00,1.206077874293043806e+00,3.049407636654608011e-04,3.049407636654608011e-04
2.846320040175535269e+02,2.846320040175535269e+02,2.236133570137171719e-02,2.236133570137171719e-02,1.207609193924497504e+00,1.207609193924497504e+00,3.053460015242578929e-04,3.053460015242578929e-04
2.858396132114780244e+02,2.858396132114780244e+02,2.266668170289597509e-02,2.266668170289597509e-02,1.209173625532457663e+00,1.209173625532457663e+00,3.057508398835694086e-04,3.057508398835694086e-04
2.870487868370104820e+02,2.870487868370104820e+02,2.297243254277954450e-02,2.297243254277954450e-02,1.210709160587782662e+00,1.210709160587782662e+00,3.061567343334986591e-04,3.061567343334986591e-04
2.882594959975982647e+02,2.882594959975982647e+02,2.327858927711304315e-02,2.327858927711304315e-02,1.212309479616067165e+00,1.212309479616067165e+00,3.065636828520623691e-04,3.065636828520623691e-04
2.894718054772143319e+02,2.894718054772143319e+02,2.358515295996510552e-02,2.358515295996510552e-02,1.213881336347299111e+00,1.213881336347299111e+00,3.069731383497087407e-04,3.069731383497087407e-04
2.906856868135616310e+02,2.906856868135616310e+02,2.389212609831481426e-02,2.389212609831481426e-02,1.215455132173076436e+00,1.215455132173076436e+00,3.073821880319668742e-04,3.073821880319668742e-04
2.919011419457347074e+02,2.919011419457347074e+02,2.419950828634678114e-02,2.419950828634678114e-02,1.217031699129847766e+00,1.217031699129847766e+00,3.077937397379312823e-04,3.077937397379312823e-04
2.931181736448645552e+02,2.931181736448645552e+02,2.450730202608471242e-02,2.450730202608471242e-02,1.230304239220913587e+00,1.230304239220913587e+00,3.283398523967785698e-04,3.283398523967785698e-04
2.943484778840854688e+02,2.943484778840854688e+02,2.483564187848149099e-02,2.483564187848149099e-02,1.254017210923109360e+00,1.254017210923109360e+00,3.664983915089708999e-04,3.664983915089708999e-04
2.956024950950085781e+02,2.956024950950085781e+02,2.520214026999046189e-02,2.520214026999046189e-02,1.256113730466267953e+00,1.256113730466267953e+00,3.671194188593802921e-04,3.671194188593802921e-04
2.968586088254748461e+02,2.968586088254748461e+02,2.556925968884984218e-02,2.556925968884984218e-02,1.258013634780525081e+00,1.258013634780525081e+00,3.676990581716541029e-04,3.676990581716541029e-04
2.981166224602553712e+02,2.981166224602553712e+02,2.593695874702149629e-02,2.593695874702149629e-02,1.259983987659893501e+00,1.259983987659893501e+00,3.682954259030951638e-04,3.682954259030951638e-04
2.993766064479152647e+02,2.993766064479152647e+02,2.630525417292459145e-02,2.630525417292459145e-02,1.261991069029647861e+00,1.261991069029647861e+00,3.688997905155234902e-04,3.688997905155234902e-04
3.006385975169449125e+02,3.006385975169449125e+02,2.667415396344011494e-02,2.667415396344011494e-02,1.264000205859645121e+00,1.264000205859645121e+00,3.695005357575477378e-04,3.695005357575477378e-04
3.019025977228045576e+02,3.019025977228045576e+02,2.704365449919766268e-02,2.704365449919766268e-02,1.266013953364961253e+00,1.266013953364961253e+00,3.701063643066909714e-04,3.701063643066909714e-04
3.031686116761695189e+02,3.031686116761695189e+02,2.741376086350435365e-02,2.741376086350435365e-02,1.268000969790307408e+00,1.268000969790307408e+00,3.707172670332735398e-04,3.707172670332735398e-04
3.044366126459598263e+02,3.044366126459598263e+02,2.778447813053762719e-02,2.778447813053762719e-02,1.270021402610211680e+00,1.270021402610211680e+00,3.713245423098594789e-04,3.713245423098594789e-04
3.057066340485700380e+02,3.057066340485700380e+02,2.815580267284748667e-02,2.815580267284748667e-02,1.272077878857714950e+00,1.272077878857714950e+00,3.719368831327680980e-04,3.719368831327680980e-04
3.069787119274277529e+02,3.069787119274277529e+02,2.852773955598025477e-02,2.852773955598025477e-02,1.274106801204311523e+00,1.274106801204311523e+00,3.725513849915651488e-04,3.725513849915651488e-04
3.082528187286320644e+02,3.082528187286320644e+02,2.890029094097181991e-02,2.890029094097181991e-02,1.276139547042760114e+00,1.276139547042760114e+00,3.731680430098596735e-04,3.731680430098596735e-04
3.095289582756748246e+02,3.095289582756748246e+02,2.927345898398167959e-02,2.927345898398167959e-02,1.278208423931232574e+00,1.278208423931232574e+00,3.737897454740707337e-04,3.737897454740707337e-04
3.108071666996060571e+02,3.108071666996060571e+02,2.964724872945575032e-02,2.964724872945575032e-02,1.280248881168120079e+00,1.280248881168120079e+00,3.744106989752964132e-04,3.744106989752964132e-04
3.120874155807741772e+02,3.120874155807741772e+02,3.002165942843104673e-02,3.002165942843104673e-02,1.282293197596061418e+00,1.282293197596061418e+00,3.750337939425717193e-04,3.750337939425717193e-04
3.133697087783702386e+02,3.133697087783702386e+02,3.039669322237361845e-02,3.039669322237361845e-02,1.284404298428285074e+00,1.284404298428285074e+00,3.756590254605646217e-04,3.756590254605646217e-04
3.146541130767985237e+02,3.146541130767985237e+02,3.077235224783418308e-02,3.077235224783418308e-02,1.286458185004448751e+00,1.286458185004448751e+00,3.762921662697933656e-04,3.762921662697933656e-04
3.159405712618029725e+02,3.159405712618029725e+02,3.114864441410397644e-02,3.114864441410397644e-02,1.288577167308972093e+00,1.288577167308972093e+00,3.769216517493650942e-04,3.769216517493650942e-04
3.172291484291119446e+02,3.172291484291119446e+02,3.152556606585334154e-02,3.152556606585334154e-02,1.290637143069602644e+00,1.290637143069602644e+00,3.775532589666286132e-04,3.775532589666286132e-04
3.185197855721815472e+02,3.185197855721815472e+02,3.190311932481997015e-02,3.190311932481997015e-02,1.292734328145343170e+00,1.292734328145343170e+00,3.781927540924406861e-04,3.781927540924406861e-04
3.198125199003268904e+02,3.198125199003268904e+02,3.228131207891241083e-02,3.228131207891241083e-02,1.294865216471521308e+00,1.294865216471521308e+00,3.788285855409537217e-04,3.788285855409537217e-04
3.211073851167984117e+02,3.211073851167984117e+02,3.266014066445336456e-02,3.266014066445336456e-02,1.297001916341400829e+00,1.297001916341400829e+00,3.794722905779285282e-04,3.794722905779285282e-04
3.224043870331398125e+02,3.224043870331398125e+02,3.303961295503129308e-02,3.303961295503129308e-02,1.299110217421116431e+00,1.299110217421116431e+00,3.801152086146258879e-04,3.801152086146258879e-04
3.237034972505609289e+02,3.237034972505609289e+02,3.341972816364591897e-02,3.341972816364591897e-02,1.301223434095390985e+00,1.301223434095390985e+00,3.807631013948015175e-04,3.807631013948015175e-04
3.250047206846563199e+02,3.250047206846563199e+02,3.380049126504072049e-02,3.380049126504072049e-02,1.303371333314430558e+00,1.303371333314430558e+00,3.814101993450808026e-04,3.814101993450808026e-04
3.263080920179707505e+02,3.263080920179707505e+02,3.418190146438580129e-02,3.418190146438580129e-02,1.305524212769341830e+00,1.305524212769341830e+00,3.820622598031814254e-04,3.820622598031814254e-04
3.276136162307400923e+02,3.276136162307400923e+02,3.456396372418898272e-02,3.456396372418898272e-02,1.307681181612906585e+00,1.307681181612906585e+00,3.827163954504622656e-04,3.827163954504622656e-04
3.289212974123529989e+02,3.289212974123529989e+02,3.494668011963944498e-02,3.494668011963944498e-02,1.309873847584583473e+00,1.309873847584583473e+00,3.833726012374971681e-04,3.833726012374971681e-04
3.302311712599375824e+02,3.302311712599375824e+02,3.533005272087694215e-02,3.533005272087694215e-02,1.312007447069902355e+00,1.312007447069902355e+00,3.840308721048610319e-04,3.840308721048610319e-04
3.315431787070074847e+02,3.315431787070074847e+02,3.571408359298180318e-02,3.571408359298180318e-02,1.314209298609114285e+00,1.314209298609114285e+00,3.846940775526844214e-04,3.846940775526844214e-04
3.328573880056165990e+02,3.328573880056165990e+02,3.609877767053448760e-02,3.609877767053448760e-02,1.316383700513824806e+00,1.316383700513824806e+00,3.853593346112432760e-04,3.853593346112432760e-04
3.341737717061304238e+02,3.341737717061304238e+02,3.648413700514573088e-02,3.648413700514573088e-02,1.318592973861314022e+00,1.318592973861314022e+00,3.860237658319595755e-04,3.860237658319595755e-04
3.354923646799917378e+02,3.354923646799917378e+02,3.687016077097769046e-02,3.687016077097769046e-02,1.320776653846053250e+00,1.320776653846053250e+00,3.866959842734746244e-04,3.866959842734746244e-04
3.368131413338377911e+02,3.368131413338377911e+02,3.725685675525116508e-02,3.725685675525116508e-02,1.323026922123233362e+00,1.323026922123233362e+00,3.873673655439419106e-04,3.873673655439419106e-04
3.381361682559610244e+02,3.381361682559610244e+02,3.764422412079510699e-02,3.764422412079510699e-02,1.325218098838206515e+00,1.325218098838206515e+00,3.880407779780700728e-04,3.880407779780700728e-04
3.394613863547992310e+02,3.394613863547992310e+02,3.803226489877317706e-02,3.803226489877317706e-02,1.327447053875971505e+00,1.327447053875971505e+00,3.887219522402396432e-04,3.887219522402396432e-04
3.407888334086752025e+02,3.407888334086752025e+02,3.842098685101341671e-02,3.842098685101341671e-02,1.329678391719482988e+00,1.329678391719482988e+00,3.893994071160200576e-04,3.893994071160200576e-04
3.421185118003946855e+02,3.421185118003946855e+02,3.881038625812943677e-02,3.881038625812943677e-02,1.331947602984598689e+00,1.331947602984598689e+00,3.900846090394496923e-04,3.900846090394496923e-04
3.434504594033792841e+02,3.434504594033792841e+02,3.920047086716888646e-02,3.920047086716888646e-02,1.334189419259473652e+00,1.334189419259473652e+00,3.907718147957220389e-04,3.907718147957220389e-04
3.447846488226387578e+02,3.447846488226387578e+02,3.959124268196460850e-02,3.959124268196460850e-02,1.336466327364234985e+00,1.336466327364234985e+00,3.914581557655158472e-04,3.914581557655158472e-04
3.461211151500029928e+02,3.461211151500029928e+02,3.998270083773012434e-02,3.998270083773012434e-02,1.338717743693564444e+00,1.338717743693564444e+00,3.921522181430589504e-04,3.921522181430589504e-04
3.474598328936965572e+02,3.474598328936965572e+02,4.037485305587318329e-02,4.037485305587318329e-02,1.341036064420507046e+00,1.341036064420507046e+00,3.928454041959503207e-04,3.928454041959503207e-04
3.488008689581170643e+02,3.488008689581170643e+02,4.076769846006913361e-02,4.076769846006913361e-02,1.343296214551003231e+00,1.343296214551003231e+00,3.935434332992884809e-04,3.935434332992884809e-04
3.501441651726680675e+02,3.501441651726680675e+02,4.116124189336842210e-02,4.116124189336842210e-02,1.345592514267195838e+00,1.345592514267195838e+00,3.942434367857558519e-04,3.942434367857558519e-04
3.514897576869352633e+02,3.514897576869352633e+02,4.155548533015417795e-02,4.155548533015417795e-02,1.347894193618003555e+00,1.347894193618003555e+00,3.949482671986512261e-04,3.949482671986512261e-04
3.528376518805532669e+02,3.528376518805532669e+02,4.195043359735282917e-02,4.195043359735282917e-02,1.350231144917074744e+00,1.350231144917074744e+00,3.956522014228261441e-04,3.956522014228261441e-04
3.541878830254703416e+02,3.541878830254703416e+02,4.234608579877565532e-02,4.234608579877565532e-02,1.352541720085980614e+00,1.352541720085980614e+00,3.963609497723355468e-04,3.963609497723355468e-04
3.555404247455563223e+02,3.555404247455563223e+02,4.274244674854799086e-02,4.274244674854799086e-02,1.354889562760661192e+00,1.354889562760661192e+00,3.970745024306152060e-04,3.970745024306152060e-04
3.568953143083169834e+02,3.568953143083169834e+02,4.313952125097860607e-02,4.313952125097860607e-02,1.357210073273904527e+00,1.357210073273904527e+00,3.977899962906081277e-04,3.977899962906081277e-04
3.582525243815908880e+02,3.582525243815908880e+02,4.353731124726921420e-02,4.353731124726921420e-02,1.359597807761986132e+00,1.359597807761986132e+00,3.985045739040432577e-04,3.985045739040432577e-04
3.596121221893528741e+02,3.596121221893528741e+02,4.393581582117325746e-02,4.393581582117325746e-02,1.361929323311812823e+00,1.361929323311812823e+00,3.992296384525487185e-04,3.992296384525487185e-04
3.609740515126646869e+02,3.609740515126646869e+02,4.433504545962580617e-02,4.433504545962580617e-02,1.364295276263078449e+00,1.364295276263078449e+00,3.999509216771751641e-04,3.999509216771751641e-04
3.623383467889277654e+02,3.623383467889277654e+02,4.473499638130298134e-02,4.473499638130298134e-02,1.366698677881231561e+00,1.366698677881231561e+00,4.006769734650611481e-04,4.006769734650611481e-04
3.637050454668089969e+02,3.637050454668089969e+02,4.513567335476804249e-02,4.513567335476804249e-02,1.369076780788532233e+00,1.369076780788532233e+00,4.014106314484122695e-04,4.014106314484122695e-04
3.650741222475975292e+02,3.650741222475975292e+02,4.553708398621645476e-02,4.553708398621645476e-02,1.371457502214354918e+00,1.371457502214354918e+00,4.021404954093268924e-04,4.021404954093268924e-04
3.664455797498118841e+02,3.664455797498118841e+02,4.593922448162578165e-02,4.593922448162578165e-02,1.373876763182465766e+00,1.373876763182465766e+00,4.028779502040988336e-04,4.028779502040988336e-04
3.678194565129943499e+02,3.678194565129943499e+02,4.634210243182988048e-02,4.634210243182988048e-02,1.376300698132524758e+00,1.376300698132524758e+00,4.036172929979403579e-04,4.036172929979403579e-04
3.691957572111268746e+02,3.691957572111268746e+02,4.674571972482782084e-02,4.674571972482782084e-02,1.378729319189460512e+00,1.378729319189460512e+00,4.043585183626449697e-04,4.043585183626449697e-04
3.705744865303163351e+02,3.705744865303163351e+02,4.715007824319046581e-02,4.715007824319046581e-02,1.381164656558439674e+00,1.381164656558439674e+00,4.051073045069006340e-04,4.051073045069006340e-04
3.719556511868747748e+02,3.719556511868747748e+02,4.755518554769736644e-02,4.755518554769736644e-02,1.383602697950266247e+00,1.383602697950266247e+00,4.058522740750108992e-04,4.058522740750108992e-04
3.733392538848250410e+02,3.733392538848250410e+02,4.796103782177237734e-02,4.796103782177237734e-02,1.457751411198216829e+00,1.457751411198216829e+00,5.047137696708378640e-04,5.047137696708378640e-04
3.747970052960232579e+02,3.747970052960232579e+02,4.846575159144321521e-02,4.846575159144321521e-02,1.476830321636327881e+00,1.476830321636327881e+00,5.269854080026253884e-04,5.269854080026253884e-04
3.762738356176595858e+02,3.762738356176595858e+02,4.899273699944584060e-02,4.899273699944584060e-02,1.480214810952304560e+00,1.480214810952304560e+00,5.282535942029639719e-04,5.282535942029639719e-04
3.777540504286118903e+02,3.777540504286118903e+02,4.952099059364880457e-02,4.952099059364880457e-02,1.483687161846262370e+00,1.483687161846262370e+00,5.295678155337532611e-04,5.295678155337532611e-04
3.792377375904581527e+02,3.792377375904581527e+02,5.005055840918255783e-02,5.005055840918255783e-02,1.487268471812910775e+00,1.487268471812910775e+00,5.308968016413326274e-04,5.308968016413326274e-04
3.807250060622710635e+02,3.807250060622710635e+02,5.058145521082389046e-02,5.058145521082389046e-02,1.490860715561495908e+00,1.490860715561495908e+00,5.322348501733825676e-04,5.322348501733825676e-04
3.822158667778325594e+02,3.822158667778325594e+02,5.111369006099727302e-02,5.111369006099727302e-02,1.494431847980479233e+00,1.494431847980479233e+00,5.335819341703712526e-04,5.335819341703712526e-04
3.837102986258130386e+02,3.837102986258130386e+02,5.164727199516764428e-02,5.164727199516764428e-02,1.498078182498261413e+00,1.498078182498261413e+00,5.349380265806460977e-04,5.349380265806460977e-04
3.852083768083113000e+02,3.852083768083113000e+02,5.218221002174829037e-02,5.218221002174829037e-02,1.501671392643743275e+00,1.501671392643743275e+00,5.363031002609403020e-04,5.363031002609403020e-04
3.867100482009550433e+02,3.867100482009550433e+02,5.271851312200923068e-02,5.271851312200923068e-02,1.505370027010542344e+00,1.505370027010542344e+00,5.376714766385376487e-04,5.376714766385376487e-04
3.882154182279655856e+02,3.882154182279655856e+02,5.325618459864776832e-02,5.325618459864776832e-02,1.509049848269285121e+00,1.509049848269285121e+00,5.390544371514580102e-04,5.390544371514580102e-04
3.897244680762348708e+02,3.897244680762348708e+02,5.379523903579922633e-02,5.379523903579922633e-02,1.512738849093921090e+00,1.512738849093921090e+00,5.404406517286255984e-04,5.404406517286255984e-04
3.912372069253287918e+02,3.912372069253287918e+02,5.433567968752785193e-02,5.433567968752785193e-02,1.516439155165869579e+00,1.516439155165869579e+00,5.418357472714713241e-04,5.418357472714713241e-04
3.927536460804946614e+02,3.927536460804946614e+02,5.487751543479932326e-02,5.487751543479932326e-02,1.520183023896890973e+00,1.520183023896890973e+00,5.432396962093827275e-04,5.432396962093827275e-04
3.942738291043915524e+02,3.942738291043915524e+02,5.542075513100870598e-02,5.542075513100870598e-02,1.523972682755641017e+00,1.523972682755641017e+00,5.446581069285250098e-04,5.446581069285250098e-04
3.957978017871471934e+02,3.957978017871471934e+02,5.596541323793723099e-02,5.596541323793723099e-02,1.527739549523801088e+00,1.527739549523801088e+00,5.460796734230097260e-04,5.460796734230097260e-04
3.973255413366709945e+02,3.973255413366709945e+02,5.651149291136024072e-02,5.651149291136024072e-02,1.531548100413829161e+00,1.531548100413829161e+00,5.475043801385290343e-04,5.475043801385290343e-04
3.988570894370848237e+02,3.988570894370848237e+02,5.705899729149876975e-02,5.705899729149876975e-02,1.535404818035999597e+00,1.535404818035999597e+00,5.489490918816689047e-04,5.489490918816689047e-04
4.003924942551208233e+02,4.003924942551208233e+02,5.760794638338043866e-02,5.760794638338043866e-02,1.539206579943368070e+00,1.539206579943368070e+00,5.503968847801951614e-04,5.503968847801951614e-04
4.019317008350641913e+02,4.019317008350641913e+02,5.815834326816063382e-02,5.815834326816063382e-02,1.543116965163449095e+00,1.543116965163449095e+00,5.518533636705916234e-04,5.518533636705916234e-04
4.034748178002276404e+02,4.034748178002276404e+02,5.871019663183122544e-02,5.871019663183122544e-02,1.546974593944867138e+00,1.546974593944867138e+00,5.533185003257015677e-04,5.533185003257015677e-04
4.050217923941725076e+02,4.050217923941725076e+02,5.926351513215692701e-02,5.926351513215692701e-02,1.550941095431596750e+00,1.550941095431596750e+00,5.547922664227433742e-04,5.547922664227433742e-04
4.065727334896041043e+02,4.065727334896041043e+02,5.981830739857967039e-02,5.981830739857967039e-02,1.554857081285206277e+00,1.554857081285206277e+00,5.562802447949544149e-04,5.562802447949544149e-04
4.081275905708893106e+02,4.081275905708893106e+02,6.037458764337462480e-02,6.037458764337462480e-02,1.558817453889105309e+00,1.558817453889105309e+00,5.577767862911808816e-04,5.577767862911808816e-04
4.096864080247784159e+02,4.096864080247784159e+02,6.093236442966580568e-02,6.093236442966580568e-02,1.562787764549682379e+00,1.562787764549682379e+00,5.592762572745116345e-04,5.592762572745116345e-04
4.112491957893280983e+02,4.112491957893280983e+02,6.149164068694031732e-02,6.149164068694031732e-02,1.566837215954706153e+00,1.566837215954706153e+00,5.607898452594795025e-04,5.607898452594795025e-04
4.128160330052828044e+02,4.128160330052828044e+02,6.205243053219979682e-02,6.205243053219979682e-02,1.570834120817607982e+00,1.570834120817607982e+00,5.623119101527754293e-04,5.623119101527754293e-04
4.143868671261004124e+02,4.143868671261004124e+02,6.261474244235257225e-02,6.261474244235257225e-02,1.574910362598529900e+00,1.574910362598529900e+00,5.638480185564259672e-04,5.638480185564259672e-04
4.159617774886989423e+02,4.159617774886989423e+02,6.317859046090899822e-02,6.317859046090899822e-02,1.578996835647899388e+00,1.578996835647899388e+00,5.653869440315067996e-04,5.653869440315067996e-04
4.175407743243468417e+02,4.175407743243468417e+02,6.374397740494050502e-02,6.374397740494050502e-02,1.583130447827784337e+00,1.583130447827784337e+00,5.669398484985099795e-04,5.669398484985099795e-04
4.191239047721746260e+02,4.191239047721746260e+02,6.431091725343901500e-02,6.431091725343901500e-02,1.587211641764611159e+00,1.587211641764611159e+00,5.685011039932158505e-04,5.685011039932158505e-04
4.207111164139392372e+02,4.207111164139392372e+02,6.487941835743223085e-02,6.487941835743223085e-02,1.591405115185409613e+00,1.591405115185409613e+00,5.700762639958417699e-04,5.700762639958417699e-04
4.223025215291246468e+02,4.223025215291246468e+02,6.544949462142807262e-02,6.544949462142807262e-02,1.595578801530734836e+00,1.595578801530734836e+00,5.716597066236228653e-04,5.716597066236228653e-04
4.238981003306553816e+02,4.238981003306553816e+02,6.602115432805169548e-02,6.602115432805169548e-02,1.599797780130813862e+00,1.599797780130813862e+00,5.732514022729756631e-04,5.732514022729756631e-04
4.254978981107861955e+02,4.254978981107861955e+02,6.659440573032467114e-02,6.659440573032467114e-02,1.604029602928903842e+00,1.604029602928903842e+00,5.748513212425476748e-04,5.748513212425476748e-04
4.271019277137150993e+02,4.271019277137150993e+02,6.716925705156721882e-02,6.716925705156721882e-02,1.608278792193686968e+00,1.608278792193686968e+00,5.764705738177389183e-04,5.764705738177389183e-04
4.287102065059087863e+02,4.287102065059087863e+02,6.774572762538495774e-02,6.774572762538495774e-02,1.612603922810365020e+00,1.612603922810365020e+00,5.780924038785578700e-04,5.780924038785578700e-04
4.303228104287191513e+02,4.303228104287191513e+02,6.832382002926351561e-02,6.832382002926351561e-02,1.616879177051316674e+00,1.616879177051316674e+00,5.797279214422301763e-04,5.797279214422301763e-04
4.319396896057704680e+02,4.319396896057704680e+02,6.890354795070574578e-02,6.890354795070574578e-02,1.621232784617347988e+00,1.621232784617347988e+00,5.813715230741645090e-04,5.813715230741645090e-04
4.335609223903878160e+02,4.335609223903878160e+02,6.948491947377991029e-02,6.948491947377991029e-02,1.625604145271552170e+00,1.625604145271552170e+00,5.830342927398424191e-04,5.830342927398424191e-04
4.351865265356593682e+02,4.351865265356593682e+02,7.006795376651975271e-02,7.006795376651975271e-02,1.810191809553543862e+00,1.810191809553543862e+00,7.984230784556928251e-04,7.984230784556928251e-04
4.369967183452129120e+02,4.369967183452129120e+02,7.086637684497544554e-02,7.086637684497544554e-02,1.986586540722839800e+00,1.986586540722839800e+00,1.000842878812940873e-03,1.000842878812940873e-03
4.389833048859357518e+02,4.389833048859357518e+02,7.186721972378838641e-02,7.186721972378838641e-02,1.997818047352438953e+00,1.997818047352438953e+00,1.006819030462111075e-03,1.006819030462111075e-03
4.409811229332881908e+02,4.409811229332881908e+02,7.287403875425049748e-02,7.287403875425049748e-02,2.007661246303314329e+00,2.007661246303314329e+00,1.012106290529446451e-03,1.012106290529446451e-03
4.429887841795915051e+02,4.429887841795915051e+02,7.388614504477994394e-02,7.388614504477994394e-02,2.018352016589687992e+00,2.018352016589687992e+00,1.017846562714114222e-03,1.017846562714114222e-03
4.450071361961811931e+02,4.450071361961811931e+02,7.490399160749405816e-02,7.490399160749405816e-02,2.029180474736449469e+00,2.029180474736449469e+00,1.023662199783254012e-03,1.023662199783254012e-03
4.470363166709176426e+02,4.470363166709176426e+02,7.592765380727731217e-02,7.592765380727731217e-02,2.040184776590081128e+00,2.040184776590081128e+00,1.029563793957938289e-03,1.029563793957938289e-03
4.490765014475077237e+02,4.490765014475077237e+02,7.695721760123525046e-02,7.695721760123525046e-02,2.051330580418721183e+00,2.051330580418721183e+00,1.035545337096197005e-03,1.035545337096197005e-03
4.511278320279264449e+02,4.511278320279264449e+02,7.799276293833144746e-02,7.799276293833144746e-02,2.062587986756057035e+00,2.062587986756057035e+00,1.041611860749594443e-03,1.041611860749594443e-03
4.531904200146825019e+02,4.531904200146825019e+02,7.903437479908104191e-02,7.903437479908104191e-02,2.074023533823663001e+00,2.074023533823663001e+00,1.047762862088463809e-03,1.047762862088463809e-03
4.552644435485061649e+02,4.552644435485061649e+02,8.008213766116950572e-02,8.008213766116950572e-02,2.085642744796871284e+00,2.085642744796871284e+00,1.054008826090815920e-03,1.054008826090815920e-03
4.573500862933030362e+02,4.573500862933030362e+02,8.113614648726032164e-02,8.113614648726032164e-02,2.097408857040136354e+00,2.097408857040136354e+00,1.060338214839431914e-03,1.060338214839431914e-03
4.594474951503431726e+02,4.594474951503431726e+02,8.219648470209975355e-02,8.219648470209975355e-02,2.109296574457289353e+00,2.109296574457289353e+00,1.066766965595586369e-03,1.066766965595586369e-03
4.615567917248004619e+02,4.615567917248004619e+02,8.326325166769533992e-02,8.326325166769533992e-02,2.121401180484156157e+00,2.121401180484156157e+00,1.073283531216800979e-03,1.073283531216800979e-03
4.636781929052846181e+02,4.636781929052846181e+02,8.433653519891214090e-02,8.433653519891214090e-02,2.133664515879047485e+00,2.133664515879047485e+00,1.079903780980745465e-03,1.079903780980745465e-03
4.658118574211636655e+02,4.658118574211636655e+02,8.541643897989288636e-02,8.541643897989288636e-02,2.146085082191461879e+00,2.146085082191461879e+00,1.086621624316955192e-03,1.086621624316955192e-03
4.679579425033551274e+02,4.679579425033551274e+02,8.650306060420984156e-02,8.650306060420984156e-02,2.158732456516020193e+00,2.158732456516020193e+00,1.093441916151960402e-03,1.093441916151960402e-03
4.701166749598711476e+02,4.701166749598711476e+02,8.759650252036180196e-02,8.759650252036180196e-02,2.171508095791864434e+00,2.171508095791864434e+00,1.100364021590069519e-03,1.100364021590069519e-03
4.722881830556630121e+02,4.722881830556630121e+02,8.869686654195187148e-02,8.869686654195187148e-02,2.184514878323739140e+00,2.184514878323739140e+00,1.107392748665100846e-03,1.107392748665100846e-03
4.744726979339867512e+02,4.744726979339867512e+02,8.980425929061697232e-02,8.980425929061697232e-02,2.197692139776563636e+00,2.197692139776563636e+00,1.114538311879770260e-03,1.114538311879770260e-03
4.766703900737633148e+02,4.766703900737633148e+02,9.091879760249674258e-02,9.091879760249674258e-02,5.515632656056368432e-01,5.515632656056368432e-01,2.797845033837148554e-04,2.797845033837148554e-04
4.772219533393689517e+02,4.772219533393689517e+02,9.119858210588045744e-02,9.119858210588045744e-02,8.288157748295361671e-01,8.288157748295361671e-01,4.204953953496903818e-04,4.204953953496903818e-04
4.780507691141984878e+02,4.780507691141984878e+02,9.161907750123014782e-02,9.161907750123014782e-02,4.177290267892885822e-02,4.177290267892885822e-02,1.468433137308267078e-07,1.468433137308267078e-07
4.780925420168774167e+02,4.780925420168774167e+02,9.161922434454387865e-02,9.161922434454387865e-02,5.403945050261427241e-03,5.403945050261427241e-03,1.631592246031932092e-08,1.631592246031932092e-08
4.780979459619276781e+02,4.780979459619276781e+02,9.161924066046633897e-02,9.161924066046633897e-02,0.000000000000000000e+00,0.000000000000000000e+00,0.000000000000000000e+00,0.000000000000000000e+00
