Sigma_1,Sigma_2,Epsilon_1,Epsilon_2,dSigma_1,dSigma_2,dEpsilon_1,dEpsilon_2
-0.000000000000000000e+00,-0.000000000000000000e+00,0.000000000000000000e+00,0.000000000000000000e+00,9.899971870668783369e-01,1.650000674115719712e-01,4.494272157760846510e-06,-5.342816228973863541e-07
9.899971870668783369e-01,1.650000674115719712e-01,4.494272157760846510e-06,-5.342816228973863541e-07,9.900184837328539489e-01,1.650025434968317439e-01,4.494370556323666571e-06,-5.342982793875391899e-07
1.980015670799732286e+00,3.300026109084037151e-01,8.988642714084513080e-06,-1.068579902284925544e-06,9.900196339346607477e-01,1.650032761457589925e-01,4.494374003591168374e-06,-5.342962910109217542e-07
2.970035304734393033e+00,4.950058870541627076e-01,1.348301671767568145e-05,-1.602876193295847298e-06,9.900273408021185162e-01,1.650045899341162636e-01,4.494410555644590350e-06,-5.343005782910454893e-07
3.960062645536511550e+00,6.600104769882789713e-01,1.797742727332027180e-05,-2.137176771586892787e-06,9.900355246027312539e-01,1.650058441136270648e-01,4.494445652088787388e-06,-5.343046837228717416e-07
4.950098170139242804e+00,8.250163211019060361e-01,2.247187292540905919e-05,-2.671481455309764529e-06,9.900429932315528703e-01,1.650072174973600259e-01,4.494482203210088569e-06,-5.343091528713553584e-07
5.940141163370795674e+00,9.900235385992660619e-01,2.696635512861914776e-05,-3.205790608181119887e-06,9.900509387816267548e-01,1.650084716683931640e-01,4.494515843278646625e-06,-5.343128943839575873e-07
6.930192102152422429e+00,1.155032010267659226e+00,3.146087097189779439e-05,-3.740103502565077475e-06,9.900588844533206867e-01,1.650098450428605368e-01,4.494553848042807779e-06,-5.343175455120171472e-07
7.920250986605743115e+00,1.320041855310519763e+00,3.595542481994060217e-05,-4.274421048077094622e-06,9.900663533426508067e-01,1.650110992043651859e-01,4.494588942426891941e-06,-5.343218328255451089e-07
8.910317339948393922e+00,1.485052954514884949e+00,4.045001376236749411e-05,-4.808742880902639731e-06,9.900747760340937731e-01,1.650123533620548866e-01,4.494624035802912028e-06,-5.343257563237638962e-07
9.900392115982487695e+00,1.650065307876939835e+00,4.494463779817040614e-05,-5.343068637226403627e-06,9.900827219309036309e-01,1.650137267227773652e-01,4.494656218642211626e-06,-5.343304073615432964e-07
1.089047483791339133e+01,1.815079034599717200e+00,4.943929401681261776e-05,-5.877399044587946923e-06,9.900897142883930968e-01,1.650151000801536316e-01,4.494697131723829678e-06,-5.343343309838363169e-07
1.188056455220178442e+01,1.980094134679870832e+00,5.393399114853644744e-05,-6.411733375571783240e-06,9.900976603593427683e-01,1.650163542246423365e-01,4.494729312991083559e-06,-5.343382543902197920e-07
1.287066221256112719e+01,2.145110488904513169e+00,5.842872046152753100e-05,-6.946071629962003032e-06,9.901065603280034821e-01,1.650176083632142188e-01,4.494767314710727086e-06,-5.343429055593765435e-07
1.386076877288913067e+01,2.310128097267727387e+00,6.292348777623825808e-05,-7.480414535521379576e-06,9.901135529322893092e-01,1.650188624971904439e-01,4.494805315605109801e-06,-5.343475567358355659e-07
1.485088232582141998e+01,2.475146959764917831e+00,6.741829309184336789e-05,-8.014762092257215142e-06,9.901214992744140631e-01,1.650203550469537817e-01,4.494837495415521223e-06,-5.343507526268183490e-07
1.584100382509583405e+01,2.640167314811871613e+00,7.191313058725888911e-05,-8.549112844884033491e-06,9.901294456992442150e-01,1.650216091699228116e-01,4.494869674923236951e-06,-5.343561313520884311e-07
1.683113327079507826e+01,2.805188923981794424e+00,7.640800026218212606e-05,-9.083468976236121922e-06,9.901364385590163408e-01,1.650228632944195084e-01,4.494907674112589777e-06,-5.343593272553421805e-07
1.782126970935409460e+01,2.970211787276213933e+00,8.090290793629471584e-05,-9.617828303491464102e-06,9.901453390174381752e-01,1.650241174104771780e-01,4.494945672698733171e-06,-5.343639785697066371e-07
1.881141504837153278e+01,3.135235904686691111e+00,8.539785360899344901e-05,-1.015219228206117074e-05,9.901523319533609424e-01,1.650253715219403006e-01,4.494977850527575387e-06,-5.343686295583056103e-07
1.980156738032489372e+01,3.300261276208631411e+00,8.989283145952102439e-05,-1.068656091161947635e-05,9.901612326087949612e-01,1.650268640472321025e-01,4.495015847959612674e-06,-5.343725532389439543e-07
2.079172861293368868e+01,3.465288140255863514e+00,9.438784730748063707e-05,-1.122093346485842030e-05,9.901682257130559606e-01,1.650281181521289220e-01,4.495048024464644038e-06,-5.343764768146942084e-07
2.178189683864674464e+01,3.630316258407992436e+00,9.888289533194528111e-05,-1.175530994167311451e-05,9.901771268305310514e-01,1.650293722527904627e-01,4.495097661115743078e-06,-5.343804003965820632e-07
2.277207396547727569e+01,3.795345630660782899e+00,1.033779929930610242e-04,-1.228969034206969658e-05,9.901841197113121495e-01,1.650308647618556890e-01,4.495112376044102000e-06,-5.343850515230864705e-07
2.376225808518858784e+01,3.960376495422638587e+00,1.078731053691051262e-04,-1.282407539359278305e-05,9.901930210373031116e-01,1.650318804351544877e-01,4.495162011488768625e-06,-5.343897027679196866e-07
2.475245110622589095e+01,4.125408375857793075e+00,1.123682673805938948e-04,-1.335846509636070273e-05,9.902000143399227738e-01,1.650336113500392443e-01,4.495188365962872966e-06,-5.343943540200526325e-07
2.574265112056581373e+01,4.290441987207832319e+00,1.168634557465567678e-04,-1.389285945038075537e-05,9.902070083173626358e-01,1.650343886054894682e-01,4.495237999874450614e-06,-5.343975499781585415e-07
2.673285812888317636e+01,4.455476375813321788e+00,1.213586937464312184e-04,-1.442725700035891391e-05,9.902159093598150719e-01,1.650361195111536006e-01,4.495264353024798314e-06,-5.344022011323219627e-07
2.772307403824299143e+01,4.620512495324475388e+00,1.258539580994560167e-04,-1.496165920149123587e-05,9.902229032174645340e-01,1.650368967519169061e-01,4.495302346010102363e-06,-5.344068525158415773e-07
2.871329694146045597e+01,4.785549392076392294e+00,1.303492604454661191e-04,-1.549606605400707745e-05,9.902318044223186178e-01,1.650386276550817044e-01,4.495328697941318929e-06,-5.344100483809432686e-07
2.970352874588277459e+01,4.950588019731473999e+00,1.348445891434074380e-04,-1.603047610238802072e-05,9.902387988054854873e-01,1.650398817169032029e-01,4.495378329779454790e-06,-5.344146996664882762e-07
3.069376754468826007e+01,5.115627901448377202e+00,1.393399674731868928e-04,-1.656489080205450899e-05,9.902477001957805669e-01,1.650411357741266016e-01,4.495404680608932214e-06,-5.344193509593414841e-07
3.168401524488404064e+01,5.280669037222503803e+00,1.438353721537958250e-04,-1.709931015301385048e-05,9.902527867814860940e-01,1.650428666634295993e-01,4.495442671286105363e-06,-5.344225469534937272e-07
3.267426803166552673e+01,5.445711903885933403e+00,1.483308148250819304e-04,-1.763373269996734420e-05,9.902655039890575495e-01,1.650436438829352426e-01,4.495480661138065133e-06,-5.344271982593980187e-07
3.366453353565458428e+01,5.610755547768868645e+00,1.528262954862199955e-04,-1.816815989822674222e-05,9.902705903627690986e-01,1.650448979268492877e-01,4.495507010419600010e-06,-5.344318495726071224e-07
3.465480412601735338e+01,5.775800445695717933e+00,1.573218024966395955e-04,-1.870259174779934934e-05,9.902756775929404398e-01,1.650466287941547705e-01,4.495556639084764003e-06,-5.344365007820987357e-07
3.564507980361029382e+01,5.940847074489872703e+00,1.618173591357243595e-04,-1.923702824858144808e-05,9.902883947297169698e-01,1.650474060095206141e-01,4.495582987486523028e-06,-5.344396968008013817e-07
3.663536819834001079e+01,6.105894480499393318e+00,1.663129421232108825e-04,-1.977146794538224946e-05,9.902934817363515663e-01,1.650491368676014758e-01,4.495620975030406108e-06,-5.344443481343697693e-07
3.762566168007636236e+01,6.270943617366994793e+00,1.708085630982412886e-04,-2.030591229351661923e-05,9.903023841703202379e-01,1.650503908930991415e-01,4.495658961749075810e-06,-5.344489994752463571e-07
3.861596406424668260e+01,6.435994008260093935e+00,1.753042220599903645e-04,-2.084036129299186559e-05,9.903112862561869179e-01,1.650516449140022601e-01,4.495685308824936893e-06,-5.344536507123986784e-07
3.960627535050286951e+01,6.601045653174096195e+00,1.797999073688153013e-04,-2.137481494370426427e-05,9.903163739648448427e-01,1.650528989401536251e-01,4.495734934095165728e-06,-5.344568467556551155e-07
4.059659172446771436e+01,6.766098552114249820e+00,1.842956423029104671e-04,-2.190927179045991938e-05,9.903252762189538316e-01,1.650541529523410489e-01,4.495761279847324378e-06,-5.344614982279132897e-07
4.158691700068666819e+01,6.931152705066590869e+00,1.887914035827577915e-04,-2.244373328868783267e-05,9.903341790467337091e-01,1.650558837861337835e-01,4.495799264479907785e-06,-5.344661493744025924e-07
4.257725117973340190e+01,7.096208588852724652e+00,1.932872028472376992e-04,-2.297819943806223526e-05,9.903392665355710278e-01,1.650566609732377898e-01,4.495837248509322419e-06,-5.344693456577386600e-07
4.356759044626897293e+01,7.261265249825962442e+00,1.977830400957470217e-04,-2.351266878371997392e-05,9.903481695546361152e-01,1.650583917978085680e-01,4.495875231935568279e-06,-5.344739968172790463e-07
4.455793861582360904e+01,7.426323641623771010e+00,2.022789153276825899e-04,-2.404714278053725297e-05,9.903570721564207702e-01,1.650591689661426997e-01,4.495901575588928363e-06,-5.344786483172047048e-07
4.554829568798002981e+01,7.591382810589913710e+00,2.067748169032715183e-04,-2.458162142885445767e-05,9.903659748364646020e-01,1.650608997922944354e-01,4.495927919018156754e-06,-5.344818443965176403e-07
4.653866166281649441e+01,7.756443710382208145e+00,2.112707448222896751e-04,-2.511610327325097532e-05,9.903710631804756304e-01,1.650621537658247817e-01,4.495977539687194199e-06,-5.344879508940918135e-07
4.752903272599697004e+01,7.921505864148032927e+00,2.157667223619768693e-04,-2.565059122414506713e-05,9.903799671578852326e-01,1.650629309328994765e-01,4.496027159818033686e-06,-5.344911470974849114e-07
4.851941269315485528e+01,8.086568795080932404e+00,2.202627495217949029e-04,-2.618508237124255204e-05,9.903888701303955600e-01,1.650656153945320170e-01,4.496053501268051011e-06,-5.344943433058483987e-07
4.950980156328525084e+01,8.251634410475464421e+00,2.247588030230629540e-04,-2.671957671454840044e-05,9.903977731811224317e-01,1.650654388805214978e-01,4.496079842493909537e-06,-5.345004498261162786e-07
5.050019933646637327e+01,8.416699849355985918e+00,2.292548828655568635e-04,-2.725407716437451672e-05,9.904028607210833002e-01,1.650671696840984026e-01,4.496106182829556763e-06,-5.345036459365119352e-07
5.149060219718745657e+01,8.581767019040084321e+00,2.337509890483864203e-04,-2.778858081031102865e-05,9.904117651152546387e-01,1.650689004830283579e-01,4.496155800769738656e-06,-5.345068421629070598e-07
5.248101396230271121e+01,8.746835919523112679e+00,2.382471448491561589e-04,-2.832308765247393571e-05,9.904206696567285917e-01,1.650696776045847969e-01,4.496205417505805615e-06,-5.345129488168943370e-07
5.347143463195943980e+01,8.911905597127697476e+00,2.427433502666619645e-04,-2.885760060129083005e-05,9.904257561702820567e-01,1.650714083942936838e-01,4.496208479130896435e-06,-5.345161449453216310e-07
5.446186038812972185e+01,9.076977005521991160e+00,2.472395587457928610e-04,-2.939211674623615168e-05,9.904346621703794540e-01,1.650731391793609504e-01,4.496281372058023688e-06,-5.345193411897416168e-07
5.545229505030010131e+01,9.242050144701352110e+00,2.517358401178508846e-04,-2.992663608742589330e-05,9.904435644464371080e-01,1.650739162871417420e-01,4.496284432790789015e-06,-5.345254477554002982e-07
5.644273861474653842e+01,9.407124060988493852e+00,2.562321245506416737e-04,-3.046116153518129360e-05,9.904524694046088484e-01,1.650746934182247827e-01,4.496334047114180880e-06,-5.345286440128815320e-07
5.743319108415114727e+01,9.572198754406718635e+00,2.607284585977558545e-04,-3.099569017919417513e-05,9.904575588010828824e-01,1.650764241621054396e-01,4.496383661121419392e-06,-5.345347507057306808e-07
5.842364864295223015e+01,9.737275178568824074e+00,2.652248422588772739e-04,-3.153022492989990581e-05,9.904664612543783164e-01,1.650781549287216876e-01,4.496386720398426462e-06,-5.345379468652474721e-07
5.941411510420660846e+01,9.902353333497545762e+00,2.697212289792757004e-04,-3.206476287676515328e-05,9.904753665279883990e-01,1.650789320474714827e-01,4.496436332859972147e-06,-5.345411430297244883e-07
6.040459047073459686e+01,1.006743226554501724e+01,2.742176653121356725e-04,-3.259930401979487777e-05,9.904842719489366232e-01,1.650806627760434964e-01,4.496485945005472898e-06,-5.345472497452741201e-07
6.139507474268353349e+01,1.023251292832106074e+01,2.787141512571411454e-04,-3.313385126954015189e-05,9.904893602877962167e-01,1.650814398865847465e-01,4.496512279608699293e-06,-5.345504460338448512e-07
6.238556410297132970e+01,1.039759436820764549e+01,2.832106635367498447e-04,-3.366840171557399674e-05,9.904982644481989951e-01,1.650831706357163142e-01,4.496538613765776495e-06,-5.345536422163535049e-07
6.337606236741952870e+01,1.056267753884336180e+01,2.877072021505156212e-04,-3.420295535779035024e-05,9.905033543725991763e-01,1.650839477077905570e-01,4.496588223827440670e-06,-5.345597489546036196e-07
6.436656572179212787e+01,1.072776148655115236e+01,2.922037903743430619e-04,-3.473751510674495386e-05,9.905122587010879442e-01,1.650856784476939509e-01,4.496614556882968464e-06,-5.345629451501769094e-07
6.535707798049321582e+01,1.089284716499884631e+01,2.967004049312260304e-04,-3.527207805189513077e-05,9.905211646516107749e-01,1.650874091829539481e-01,4.496664165411679188e-06,-5.345661414617462791e-07
6.634759914514482659e+01,1.105793457418180026e+01,3.011970690966377096e-04,-3.580664419335687705e-05,9.905300691825402737e-01,1.650881862412525436e-01,4.496690497587485340e-06,-5.345722481116610219e-07
6.733812921432736687e+01,1.122302276042305280e+01,3.056937595942251949e-04,-3.634121644146853807e-05,9.905389737916436843e-01,1.650889633281380497e-01,4.496716829317196507e-06,-5.345754444362882515e-07
6.832866818811901055e+01,1.138811172375119085e+01,3.101904764235423914e-04,-3.687579188590482633e-05,9.905478800918245952e-01,1.650916476891932660e-01,4.496766435984169471e-06,-5.345786406548669561e-07
6.931921606821083515e+01,1.155320337144038412e+01,3.146872428595265609e-04,-3.741037052655969328e-05,9.905491530736014738e-01,1.650914710955770914e-01,4.496792766390286626e-06,-5.345847474385112606e-07
7.030976522128443662e+01,1.171829484253596121e+01,3.191840356259168475e-04,-3.794495527399820454e-05,9.905656914176859118e-01,1.650941554463862815e-01,4.496842371968286928e-06,-5.345879436701410489e-07
7.130033091270212253e+01,1.188338899798234749e+01,3.236808779978851344e-04,-3.847954321766834559e-05,9.905669645332579876e-01,1.650949324817325703e-01,4.496868701272854676e-06,-5.345940505809825970e-07
7.229089787723538052e+01,1.204848393046408006e+01,3.281777466991579891e-04,-3.901413726824932819e-05,9.905758695566646566e-01,1.650957095480780623e-01,4.496895030131164810e-06,-5.345972467146547190e-07
7.328147374679204518e+01,1.221357964001215812e+01,3.326746417292891539e-04,-3.954873451496398291e-05,9.905847763863704358e-01,1.650974402473970315e-01,4.496944634069471956e-06,-5.346004430753384471e-07
7.427205852317841561e+01,1.237867708025955515e+01,3.371715863633586259e-04,-4.008333495803932135e-05,9.905936816121823085e-01,1.650982172699855255e-01,4.496970961604296498e-06,-5.346065498978581757e-07
7.526265220479059792e+01,1.254377529752954068e+01,3.416685573249629224e-04,-4.061794150793717953e-05,9.905949566547320728e-01,1.651009015951494519e-01,4.497020564009650192e-06,-5.346097461605774613e-07
7.625324716144532999e+01,1.270887619912469013e+01,3.461655778889725726e-04,-4.115255125409775699e-05,9.906114940841916905e-01,1.651007250104594704e-01,4.497046890886851906e-06,-5.346129425392996031e-07
7.724385865552952168e+01,1.287397692413514960e+01,3.506626247798594245e-04,-4.168716419663705660e-05,9.906127674863256516e-01,1.651024556543383426e-01,4.497073216873923637e-06,-5.346190492734907360e-07
7.823447142301584734e+01,1.303907937978948794e+01,3.551596979967333481e-04,-4.222178324591054733e-05,9.906293069839620102e-01,1.651041863305628965e-01,4.497122817639638385e-06,-5.346222456652775139e-07
7.922510072999980935e+01,1.320418356612005084e+01,3.596568208143729865e-04,-4.275640549157582484e-05,9.906305805197916925e-01,1.651059170021458300e-01,4.497149142525106499e-06,-5.346254419510022143e-07
8.021573131051960104e+01,1.336928948312219667e+01,3.641539699568980930e-04,-4.329103093352682706e-05,9.906394862380523136e-01,1.651057403646483124e-01,4.497175467408514628e-06,-5.346315488189229089e-07
8.120637079675765335e+01,1.353439522348684498e+01,3.686511454243066076e-04,-4.382566248234574997e-05,9.906407617052934711e-01,1.651084246600369454e-01,4.497225066090501221e-06,-5.346347452287345480e-07
8.219701155846294682e+01,1.369950364814688193e+01,3.731483704903971088e-04,-4.436029722757448452e-05,9.906573017683797389e-01,1.651092016862509837e-01,4.497274663790417487e-06,-5.346379414214685833e-07
8.318766886023132656e+01,1.386461284983313291e+01,3.776456451541875263e-04,-4.489493516899595310e-05,9.906662078131205362e-01,1.651099786685126247e-01,4.497300986916767575e-06,-5.346440484231188396e-07
8.417833506804444710e+01,1.402972282850164554e+01,3.821429461411042939e-04,-4.542957921741907194e-05,9.906674815916289845e-01,1.651117093180189954e-01,4.497327309153096100e-06,-5.346472447399465899e-07
8.516900254963607608e+01,1.419483453781966453e+01,3.866402734502573900e-04,-4.596422646215901853e-05,9.906763897285060239e-01,1.651134399210860693e-01,4.497376905435255395e-06,-5.346533516467291561e-07
8.615967893936458211e+01,1.435994797774075060e+01,3.911376503556926454e-04,-4.649887981380574769e-05,9.906929283980900891e-01,1.651142169308830177e-01,4.497403226791970698e-06,-5.346565479766147663e-07
8.715037186776267220e+01,1.452506219467163362e+01,3.956350535824846161e-04,-4.703353636178236245e-05,9.906942023541063236e-01,1.651159475665195941e-01,4.497429547702591016e-06,-5.346597444225032326e-07
8.814106607011677852e+01,1.469017814223815321e+01,4.001324831301872071e-04,-4.756819610620486568e-05,9.906954762853246166e-01,1.651176781542762484e-01,4.497455868167170561e-06,-5.346658512409639794e-07
8.913176154640210314e+01,1.485529582039242946e+01,4.046299389983543777e-04,-4.810286195744582966e-05,9.907120194168044236e-01,1.651175015237988930e-01,4.497528735444269923e-06,-5.346690476999103056e-07
9.012247356581890756e+01,1.502041332191622836e+01,4.091274677337986476e-04,-4.863753100514573997e-05,9.907209260779694660e-01,1.651201857298101316e-01,4.497555054376004436e-06,-5.346751545345527698e-07
9.111319449189687703e+01,1.518553350764603849e+01,4.136250227881746520e-04,-4.917220615968029274e-05,9.907222002327529253e-01,1.651209627637371113e-01,4.497581373305570545e-06,-5.346754405232537525e-07
9.210391669212962995e+01,1.535065447040977560e+01,4.181226041614802226e-04,-4.970688160020354649e-05,9.907387396004452285e-01,1.651217397056754521e-01,4.497607691788933250e-06,-5.346815473709473003e-07
9.309465543173007518e+01,1.551577621011545105e+01,4.226202118532691558e-04,-5.024156314757449379e-05,9.907400138427675529e-01,1.651244238948379461e-01,4.497634009382382812e-06,-5.346876544503551812e-07
9.408539544557284273e+01,1.568090063401028900e+01,4.271178458626515386e-04,-5.077625080202484897e-05,9.907489251713172962e-01,1.651242472924892013e-01,4.497706872963708018e-06,-5.346879402303607982e-07
9.507614437074416003e+01,1.584602488130277820e+01,4.316155527356152466e-04,-5.131093874225520977e-05,9.907578322466008558e-01,1.651269314714056691e-01,4.497733189468184917e-06,-5.346940472117974602e-07
9.606690220299076088e+01,1.601115181277418387e+01,4.361132859250834316e-04,-5.184563278946700723e-05,9.907591066438072858e-01,1.651267547696235738e-01,4.497759505526675253e-06,-5.347001542028767453e-07
9.705766130963456817e+01,1.617627856754380744e+01,4.406110454306101068e-04,-5.238033294366988398e-05,9.907756465971004900e-01,1.651284854076457975e-01,4.497785821139070606e-06,-5.347004399962519304e-07
9.804843695623166866e+01,1.634140705295145324e+01,4.451088312517491774e-04,-5.291503338366613591e-05,9.907769210819168393e-01,1.651302159463767794e-01,4.497812136527252948e-06,-5.347065471114113779e-07
9.903921387731358550e+01,1.650653726889783002e+01,4.496066433882764304e-04,-5.344973993077754728e-05,9.907934659138248890e-01,1.651319464790255154e-01,4.497884996190813604e-06,-5.347126540141756198e-07
1.000300073432274104e+02,1.667166921537685553e+01,4.541045283844672440e-04,-5.398445258479172290e-05,9.907947405783090744e-01,1.651336770055849001e-01,4.497911310046205126e-06,-5.347187611486203134e-07
1.010208020838057195e+02,1.683680289238244043e+01,4.586024396945134491e-04,-5.451917134594034322e-05,9.908036481456861111e-01,1.651335003814082825e-01,4.497937623677600479e-06,-5.347190469618973846e-07
1.020116057319514056e+02,1.700193639276384872e+01,4.631003773181910496e-04,-5.505389039290224060e-05,9.908125557911091619e-01,1.651352309997022871e-01,4.497963936418920058e-06,-5.347193328865152426e-07
1.030024182877425147e+02,1.716707162376355100e+01,4.675983412546099696e-04,-5.558860972578875585e-05,9.908214635146777027e-01,1.651369614129905017e-01,4.497990249158179653e-06,-5.347312610414037574e-07
1.039932397512571924e+02,1.733220858517654150e+01,4.720963315037681493e-04,-5.612334098683015960e-05,9.908227431696872145e-01,1.651367847804650069e-01,4.498063105125803523e-06,-5.347315469790794753e-07
1.049840624944268797e+02,1.749734536995700651e+01,4.765943946088939528e-04,-5.665807253380923908e-05,9.908392841379054516e-01,1.651404225240682422e-01,4.498089416554208481e-06,-5.347376539272379070e-07
1.059749017785647851e+02,1.766248579248107475e+01,4.810924840254481613e-04,-5.719281018773647698e-05,9.908405590884683534e-01,1.651402457814761249e-01,4.498115727092591876e-06,-5.347437611071106716e-07
1.069657423376532535e+02,1.782762603826255088e+01,4.855905997525407532e-04,-5.772755394884358766e-05,9.908494671478820237e-01,1.651419763781056815e-01,4.498142037628861077e-06,-5.347440469471201026e-07
1.079565918048011355e+02,1.799276801464065656e+01,4.900887417901696142e-04,-5.826229799579070776e-05,9.908660084532385781e-01,1.651437068658303531e-01,4.498168347497099109e-06,-5.347501540290284247e-07
1.089474578132543741e+02,1.815791172150648691e+01,4.945869101376667134e-04,-5.879704814981973618e-05,9.908672886494542809e-01,1.651435302186676779e-01,4.498241199769057244e-06,-5.347504399868974081e-07
1.099383251019038283e+02,1.832305525172515459e+01,4.990851513374357706e-04,-5.933179858980663359e-05,9.908685637986422989e-01,1.651471679326270703e-01,4.498267508548431035e-06,-5.347565470818635902e-07
1.109291936657024706e+02,1.848820241965778166e+01,5.035834188459842016e-04,-5.986655513688849718e-05,9.908851054646561352e-01,1.651469911705873983e-01,4.498293816659827866e-06,-5.347626541864723953e-07
1.119200787711671268e+02,1.865334941082836906e+01,5.080817126626440295e-04,-6.040131779107496958e-05,9.908940140065283231e-01,1.651487216379301515e-01,4.498320124325075504e-06,-5.347687613007305997e-07
1.129109727851736551e+02,1.881849813246629921e+01,5.125800327869691050e-04,-6.093608655237570018e-05,9.908952892869393736e-01,1.651485449783152148e-01,4.498346431544499209e-06,-5.347690471674791668e-07
1.139018680744605945e+02,1.898364667744461443e+01,5.170783792185136042e-04,-6.147085559954317934e-05,9.909042032608681438e-01,1.651521826678070681e-01,4.498419280342565163e-06,-5.347751544058107574e-07
1.148927722777214626e+02,1.914879886011242149e+01,5.215767984988561694e-04,-6.200563075394899010e-05,9.909131120603689169e-01,1.651520058894746512e-01,4.498445586029143836e-06,-5.347812614317606949e-07
1.158836853897818315e+02,1.931395086600189615e+01,5.260752440848853132e-04,-6.254041201538075080e-05,9.909220209379725475e-01,1.651537364498274485e-01,4.498471891713554105e-06,-5.347815474228943562e-07
1.168746074107198041e+02,1.947910460245172359e+01,5.305737159765988673e-04,-6.307519356280364515e-05,9.909309298936648247e-01,1.651554668926245029e-01,4.498498196951815180e-06,-5.347876545729312323e-07
1.178655383406134689e+02,1.964426006934434810e+01,5.350722141735506825e-04,-6.360998121737657638e-05,9.909398389273889052e-01,1.651552901030477472e-01,4.498524501300379952e-06,-5.347937617325904027e-07
1.188564781795408578e+02,1.980941535944739584e+01,5.395707386748510625e-04,-6.414477497910916679e-05,9.909411200684985488e-01,1.651570206519892281e-01,4.498597346402725961e-06,-5.347940477371139608e-07
1.198474192996093564e+02,1.997457238009938507e+01,5.440693360212537884e-04,-6.467956902684628075e-05,9.909576628615610616e-01,1.651606583047424692e-01,4.498623649662318071e-06,-5.348001547988290175e-07
1.208383769624709174e+02,2.013973303840412754e+01,5.485679596709161065e-04,-6.521436918164510977e-05,9.909589386074628692e-01,1.651585742786565447e-01,4.498649952475977827e-06,-5.348062620922245259e-07
1.218293359010783803e+02,2.030489161268278409e+01,5.530666096233920843e-04,-6.574917544373733429e-05,9.909678479768757597e-01,1.651622120384033110e-01,4.498676254843488390e-06,-5.348065479990885733e-07
1.228203037490552560e+02,2.047005382472118740e+01,5.575652858782355727e-04,-6.628398199173642286e-05,9.909767574243346644e-01,1.651639423304303023e-01,4.498702556987002783e-06,-5.348184763717797521e-07
1.238112805064795907e+02,2.063521776705161770e+01,5.620639884352225755e-04,-6.681880046810820262e-05,9.909856727548316258e-01,1.651637657566027428e-01,4.498775398171692662e-06,-5.348129412223738728e-07
1.248022661792344223e+02,2.080038153280822044e+01,5.665627638333942681e-04,-6.735361340933057649e-05,9.909945824504546863e-01,1.651654960385009474e-01,4.498801698782470444e-06,-5.348248696143638502e-07
1.257932607616848770e+02,2.096554702884672139e+01,5.710615655321767386e-04,-6.788843827894494034e-05,9.909958584384810365e-01,1.651672265574539722e-01,4.498827999169252058e-06,-5.348251556521588625e-07
1.267842566201233581e+02,2.113071425540417536e+01,5.755603935313459906e-04,-6.842326343459709920e-05,9.910124020415622681e-01,1.651670497321298114e-01,4.498854298666012108e-06,-5.348312628799465869e-07
1.277752690221649203e+02,2.129588130513630517e+01,5.800592478300120028e-04,-6.895809469747704579e-05,9.910136781170280074e-01,1.651687802448016384e-01,4.498880598160603754e-06,-5.348315488135497705e-07
1.287662827002819483e+02,2.146105008538110681e+01,5.845581284281726065e-04,-6.949292624629059556e-05,9.910302279799907410e-01,1.651724178434292867e-01,4.498953435649790528e-06,-5.348376561654515386e-07
1.297573129282619391e+02,2.162622250322453610e+01,5.890570818638223970e-04,-7.002776390245604710e-05,9.910238703119773618e-01,1.651703337907797220e-01,4.498979733833581747e-06,-5.348437633049309961e-07
1.307483367985739164e+02,2.179139283701531582e+01,5.935560615976559788e-04,-7.056260766576097809e-05,9.910480483452772660e-01,1.651739713772393259e-01,4.499006031127676664e-06,-5.348498705650957079e-07
1.317393848469191937e+02,2.195656680839255515e+01,5.980550676287836554e-04,-7.109745753632607380e-05,9.910416906959937933e-01,1.651757018713304603e-01,4.499032328419603176e-06,-5.348501566296298563e-07
1.327304265376151875e+02,2.212174251026388561e+01,6.025540999572032586e-04,-7.163230769295570366e-05,9.910506071900613279e-01,1.651755250214819171e-01,4.499105162868470217e-06,-5.348562639028456517e-07
1.337214771448052488e+02,2.228691803528536752e+01,6.070532051200717288e-04,-7.216716395685854931e-05,9.910747794901340058e-01,1.651772555092918537e-01,4.499084921012210490e-06,-5.348565498632015238e-07
1.347125519242953828e+02,2.245209529079465938e+01,6.115522900410839393e-04,-7.270202050672175083e-05,9.910684281803980866e-01,1.651789857305487885e-01,4.499157754372104870e-06,-5.348684784751219119e-07
1.357036203524757809e+02,2.261727427652520817e+01,6.160514477954560442e-04,-7.323688898519687275e-05,9.910773387812525925e-01,1.651788091328079133e-01,4.499184049239430064e-06,-5.348629432308212375e-07
1.366946976912570335e+02,2.278245308565801608e+01,6.205506318446954743e-04,-7.377175192842769398e-05,9.910862494602099559e-01,1.651824465508369144e-01,4.499210343660714484e-06,-5.348748718620268718e-07
1.376857839407172435e+02,2.294763553220885299e+01,6.250498421883561887e-04,-7.430662680028972086e-05,9.910951666666392157e-01,1.651822698141778289e-01,4.499283174413861580e-06,-5.348751578422914063e-07
1.386768791073838827e+02,2.311281780202303082e+01,6.295491253627700503e-04,-7.484150195813201226e-05,9.911040775937181024e-01,1.651840001467199670e-01,4.499309467746281758e-06,-5.348812651609352728e-07
1.396679831849776008e+02,2.327800180216975079e+01,6.340484348305163321e-04,-7.537638322329294753e-05,9.911129820571034088e-01,1.651838232693307873e-01,4.499289223829712643e-06,-5.348873724892420911e-07
1.406590961670347042e+02,2.344318562543908158e+01,6.385477240543460447e-04,-7.591127059578218963e-05,9.911066310345972852e-01,1.651874609320067577e-01,4.499362052838812125e-06,-5.348876584828558649e-07
1.416502027980693015e+02,2.360837308637108833e+01,6.430470861071848569e-04,-7.644615825426504549e-05,9.911308173618351702e-01,1.651872840464072567e-01,4.499434880773684094e-06,-5.348937659352496219e-07
1.426413336154311366e+02,2.377356037041749559e+01,6.475465209879585409e-04,-7.698105202020029511e-05,9.911397220132869279e-01,1.651890143585639237e-01,4.499414635728568937e-06,-5.348998731752346207e-07
1.436324733374444236e+02,2.393874938477605951e+01,6.520459356236871099e-04,-7.751595189337552973e-05,9.911333712489636127e-01,1.651907448049563243e-01,4.499487462352748900e-06,-5.349001594042828963e-07
1.446236067086933872e+02,2.410394012958101584e+01,6.565454230860398588e-04,-7.805085205277981263e-05,9.911575514746573390e-01,1.651905679081195899e-01,4.499513752368594632e-06,-5.349062666573460838e-07
1.456147642601680445e+02,2.426913069748913543e+01,6.610449368384084534e-04,-7.858575831943715871e-05,9.911511940952948407e-01,1.651942054037007779e-01,4.499540041938508012e-06,-5.349123740310674207e-07
1.466059154542633394e+02,2.443432490289283621e+01,6.655444768803469614e-04,-7.912067069346822613e-05,9.911601056012102617e-01,1.651940286399344870e-01,4.499566331284316802e-06,-5.349126601624561855e-07
1.475970755598645496e+02,2.459951893153277069e+01,6.700440432116312782e-04,-7.965558335363068232e-05,9.911842862667867848e-01,1.651957589275383498e-01,4.499592619740537709e-06,-5.349187675492557111e-07
1.485882598461313364e+02,2.476471469046030904e+01,6.745436358313718159e-04,-8.019050212117993803e-05,9.911779358714341015e-01,1.651974892090564140e-01,4.499665442668997727e-06,-5.349248748346687810e-07
1.495794377820027705e+02,2.492991217966936546e+01,6.790433012740408137e-04,-8.072542699601460681e-05,9.911868477033749514e-01,1.651973122908394487e-01,4.499691730036354392e-06,-5.349309823517894077e-07
1.505706246297061455e+02,2.509510949196020491e+01,6.835429930040771681e-04,-8.126035797836639622e-05,9.911957596132481285e-01,1.651990427092826508e-01,4.499718017179606469e-06,-5.349312683920780850e-07
1.515618203893193936e+02,2.526030853466948756e+01,6.880427110212567745e-04,-8.179528924675847430e-05,9.912046716011673197e-01,1.652007731245141997e-01,4.499744303433053823e-06,-5.349315546547095228e-07
1.525530250609205609e+02,2.542550930779400176e+01,6.925424553246898283e-04,-8.233022080141318383e-05,9.912135908070069945e-01,1.652025032385822101e-01,4.499817123321519369e-06,-5.349434832369092188e-07
1.535442386517275679e+02,2.559071181103258397e+01,6.970422724480113477e-04,-8.286516428465009305e-05,9.912224958569311184e-01,1.652042336435641801e-01,4.499796875058383744e-06,-5.349437694015965429e-07
1.545354611475844990e+02,2.575591604467614815e+01,7.015420693230697315e-04,-8.340010805405168959e-05,9.912314153109207382e-01,1.652040567058996601e-01,4.499869693636157283e-06,-5.349498767324512363e-07
1.555266925628954198e+02,2.592112010138204781e+01,7.060419390167058887e-04,-8.393505793078414083e-05,9.912250580716488457e-01,1.652057871045933268e-01,4.499895977687047924e-06,-5.349501630149913365e-07
1.565179176209670686e+02,2.608632588848664113e+01,7.105418349943929367e-04,-8.447000809379913216e-05,9.912492474280725219e-01,1.652075171944176191e-01,4.499968794535302158e-06,-5.349620917530586474e-07
1.575091668683951411e+02,2.625153340568105875e+01,7.150418037889282388e-04,-8.500497018555219081e-05,9.912428829294697152e-01,1.652092477366586820e-01,4.499948544907264418e-06,-5.349565565403760188e-07
1.585004097513246109e+02,2.641674265341771743e+01,7.195417523338355032e-04,-8.553992674209256683e-05,9.912670726712065061e-01,1.652109778143042718e-01,4.500021360444826646e-06,-5.349684852977421284e-07
1.594916768239958174e+02,2.658195363123202171e+01,7.240417736942803299e-04,-8.607489522739030896e-05,9.912607155613386567e-01,1.652108010109749614e-01,4.500047642293160573e-06,-5.349687716002044435e-07
1.604829375395571560e+02,2.674716443224299667e+01,7.285418213365734905e-04,-8.660986399899051340e-05,9.912848982722266555e-01,1.652125312332479723e-01,4.500073924139326095e-06,-5.349748789764736554e-07
1.614742224378293827e+02,2.691237696347624464e+01,7.330418952607128166e-04,-8.714483887796698706e-05,9.912785411810034475e-01,1.652142614494316319e-01,4.500100205317731500e-06,-5.349809863624193718e-07
1.624655009790103861e+02,2.707759122492567627e+01,7.375419954660305481e-04,-8.767981986432940643e-05,9.912874616737212818e-01,1.652140846377427863e-01,4.500173017815190836e-06,-5.349812726782444787e-07
1.634567884406841074e+02,2.724280530956341906e+01,7.420421684838457389e-04,-8.821480113700765091e-05,9.912963670898875534e-01,1.652177220250656831e-01,4.500152766127168968e-06,-5.349873801882771337e-07
1.644480848077739950e+02,2.740802303158848474e+01,7.465423212499729079e-04,-8.874978851719592804e-05,9.913205580796216054e-01,1.652175450465698248e-01,4.500225577313936298e-06,-5.349934875969233330e-07
1.654394053658536166e+02,2.757324057663505457e+01,7.510425468272868442e-04,-8.928478200479285137e-05,9.913142011176034885e-01,1.652192754038424027e-01,4.500251856289784989e-06,-5.349937739261383367e-07
1.664307195669712200e+02,2.773845985203889697e+01,7.555427986835766292e-04,-8.981977577871898971e-05,9.913078518119107230e-01,1.652210055954697054e-01,4.500324665525313669e-06,-5.349998813478491723e-07
1.674220274187831308e+02,2.790368085763436667e+01,7.600431233491019428e-04,-9.035477566006683888e-05,9.913320277656509916e-01,1.652208286057295084e-01,4.500304412916153636e-06,-5.350059888902452621e-07
1.684133594465487818e+02,2.806890168624009618e+01,7.645434277620180965e-04,-9.088978164895708414e-05,9.913409490942228786e-01,1.652244661258386316e-01,4.500377220619162545e-06,-5.350062751218143077e-07
1.694047003956430046e+02,2.823412615236593481e+01,7.690438049826372590e-04,-9.142478792407889845e-05,9.913498627165324706e-01,1.652242891278881132e-01,4.500403497614282287e-06,-5.350123826772750337e-07
1.703960502583595371e+02,2.839935044149382293e+01,7.735442084802515413e-04,-9.195980030675617348e-05,9.913587764167743899e-01,1.652260192991192866e-01,4.500429774163578096e-06,-5.350184901313493040e-07
1.713874090347763115e+02,2.856457646079294221e+01,7.780446382544151194e-04,-9.249481879688752279e-05,9.913524274795975089e-01,1.652258424603232356e-01,4.500502579481884327e-06,-5.350187764873305489e-07
1.723787614622559090e+02,2.872980230325326545e+01,7.825451408338970037e-04,-9.302983757337485334e-05,9.913765959678926265e-01,1.652294797935169868e-01,4.500435795822227240e-06,-5.350248839544965605e-07
1.733701380582238016e+02,2.889503178304678244e+01,7.870455766297192310e-04,-9.356486245732934990e-05,9.913702632622971578e-01,1.652293027792524072e-01,4.500601658949821698e-06,-5.350309915423207214e-07
1.743615083214860988e+02,2.906026108582603484e+01,7.915461782886690527e-04,-9.409989344887167062e-05,9.913944401043011112e-01,1.652310331002304622e-01,4.500581403625711005e-06,-5.350312779116647580e-07
1.753529027615903999e+02,2.922549211892626531e+01,7.960467596922947637e-04,-9.463492472678333538e-05,9.913880750832504418e-01,1.652327632469017260e-01,4.500561148483854697e-06,-5.350373854015448051e-07
1.763442908366736503e+02,2.939072488217316703e+01,8.005473208407786184e-04,-9.516996211218488018e-05,9.913969973583505180e-01,1.652325862213999130e-01,4.500633950969249071e-06,-5.350434929010606990e-07
1.773356878340320009e+02,2.955595746839456694e+01,8.050479547917478674e-04,-9.570500560508594088e-05,9.914059198494271641e-01,1.652343163579281793e-01,4.500706752158588168e-06,-5.350496006323112548e-07
1.783270937538814280e+02,2.972119178475249512e+01,8.095486615439064556e-04,-9.624005520571825214e-05,9.914148425565088019e-01,1.652379538264128200e-01,4.500779552273808173e-06,-5.350498869105416513e-07
1.793185085964379368e+02,2.988642973857890794e+01,8.140494410961802638e-04,-9.677510509262879379e-05,9.914237487143395811e-01,1.652358696245954661e-01,4.500759295570158636e-06,-5.350559944327851333e-07
1.803099323451522764e+02,3.005166560820350341e+01,8.185502003917504224e-04,-9.731016108706157892e-05,9.914326548120300231e-01,1.652395070847525460e-01,4.500739038605324795e-06,-5.350562807178595561e-07
1.813013649999643064e+02,3.021690511528825596e+01,8.230509394303557472e-04,-9.784521736777943848e-05,9.914415777989518119e-01,1.652412372007674435e-01,4.500811837395324484e-06,-5.350623884752393842e-07
1.822928065777632582e+02,3.038214635248902340e+01,8.275517512677510717e-04,-9.838027975625467786e-05,9.914505010017649056e-01,1.652410599728924012e-01,4.500884634889268897e-06,-5.350743172732630752e-07
1.832842570787650232e+02,3.054738741246191580e+01,8.320526359026403406e-04,-9.891535407352794094e-05,9.914594072872375818e-01,1.652427906132665214e-01,4.500864377017933619e-06,-5.350629610656086003e-07
1.842757164860522607e+02,3.071263020307518232e+01,8.365535002796582742e-04,-9.945041703459354954e-05,9.914683307379732469e-01,1.652445205371400050e-01,4.500937173423230631e-06,-5.350748898766969274e-07
1.852671848167902340e+02,3.087787472361232233e+01,8.410544374530815048e-04,-9.998549192447024646e-05,9.914619827134458774e-01,1.652443432951251623e-01,4.501009968532472365e-06,-5.350868190398934627e-07
1.862586467995036799e+02,3.104311906690744749e+01,8.455554474216139772e-04,-1.005205787435101399e-04,9.914861608092166989e-01,1.652479807223627972e-01,4.500989709532916307e-06,-5.350871052469053290e-07
1.872501329603128966e+02,3.120836704762981029e+01,8.500564371311468935e-04,-1.010556658487570453e-04,9.914798128951076706e-01,1.652478038335871702e-01,4.501062503331574455e-06,-5.350873916763141660e-07
1.882416127732080042e+02,3.137361485146339746e+01,8.545574996344784680e-04,-1.015907532404333594e-04,9.915039911921610383e-01,1.652495340985353778e-01,4.501042244081025594e-06,-5.350876778839494486e-07
1.892331167644001653e+02,3.153886438556193283e+01,8.590585418785594935e-04,-1.021258409183173089e-04,9.914976433885271945e-01,1.652493568382809030e-01,4.501115036347163971e-06,-5.350996069747212787e-07
1.902246144077886925e+02,3.170411374240021374e+01,8.635596569149066575e-04,-1.026609405252920301e-04,9.915065676295569119e-01,1.652529942468028423e-01,4.501187828204883390e-06,-5.350998933064435000e-07
1.912161209754182494e+02,3.186936673664701658e+01,8.680608447431115409e-04,-1.031960404185984736e-04,9.915307463202225335e-01,1.652547241252690924e-01,4.501167567382349799e-06,-5.351118224227618438e-07
1.922076517217384719e+02,3.203462146077228567e+01,8.725620123104938907e-04,-1.037311522410212355e-04,9.915243987744020160e-01,1.652526400701788134e-01,4.501240357485721683e-06,-5.351121086565263987e-07
1.931991761205128739e+02,3.219987410084246449e+01,8.770632526679796124e-04,-1.042662643496777619e-04,9.915333054256052492e-01,1.652562774642092336e-01,4.501220096634023053e-06,-5.351123951127014769e-07
1.941907094259384792e+02,3.236513037830667372e+01,8.815644727646136354e-04,-1.048013767447904634e-04,9.915422301621958923e-01,1.652561005565615915e-01,4.501292885426811351e-06,-5.351126813470758956e-07
1.951822516561006751e+02,3.253038647886323531e+01,8.860657656500404468e-04,-1.053364894261375393e-04,9.915511551147915270e-01,1.652597375614348607e-01,4.501365673145480556e-06,-5.351246106130276917e-07
1.961738028112154666e+02,3.269564621642467017e+01,8.905671313231859273e-04,-1.058716140367505670e-04,9.915600619536633076e-01,1.652595606455591337e-01,4.501345411165669566e-06,-5.351248968604938516e-07
1.971653628731691299e+02,3.286090577707022931e+01,8.950684767343515969e-04,-1.064067389336110608e-04,9.915537146386270706e-01,1.652593833449813587e-01,4.501418197573755185e-06,-5.351368260409292013e-07
1.981569165878077570e+02,3.302616516041521066e+01,8.995698949319253521e-04,-1.069418757596519900e-04,9.915778939879089648e-01,1.652630207122527395e-01,4.501397934677359679e-06,-5.351371123014735500e-07
1.991484944817956659e+02,3.319142818112746340e+01,9.040712928666027118e-04,-1.074770128719534636e-04,9.915868194362076338e-01,1.652666580732358170e-01,4.501470720218625661e-06,-5.351373987843877642e-07
2.001400813012318736e+02,3.335669483920069922e+01,9.085727635868213374e-04,-1.080121502707378513e-04,9.915804723787289277e-01,1.652626664712499860e-01,4.501543504020180837e-06,-5.351493279969019457e-07
2.011316617736106025e+02,3.352195750567194921e+01,9.130743070908415183e-04,-1.085472995987347533e-04,9.916046521218220278e-01,1.652663042162956231e-01,4.501523240439328499e-06,-5.351379714242643620e-07
2.021232664257324245e+02,3.368722380988824483e+01,9.175758303312808468e-04,-1.090824375701590176e-04,9.915983051748753496e-01,1.652699407782947105e-01,4.501596023152236274e-06,-5.351615435026356189e-07
2.031148647309072999e+02,3.385249375066653954e+01,9.220774263544330831e-04,-1.096175991136616532e-04,9.916224851190520440e-01,1.652659499566553336e-01,4.501575758876735604e-06,-5.351501871526931613e-07
2.041064872160263519e+02,3.401775970062319487e+01,9.265790021133098187e-04,-1.101527493008143464e-04,9.916161382824100201e-01,1.652734011758028032e-01,4.501648540278951373e-06,-5.351621162927690852e-07
2.050981033543087619e+02,3.418303310179899768e+01,9.310806506535887700e-04,-1.106879114171071155e-04,9.916250645206332592e-01,1.652694099577800557e-01,4.501721320829092654e-06,-5.351624026914136856e-07
2.060897284188293952e+02,3.434830251175677773e+01,9.355823719744178627e-04,-1.112230738197985292e-04,9.916339717249513797e-01,1.652730468857441792e-01,4.501701055425588044e-06,-5.351743318570496757e-07
2.070813623905543466e+02,3.451357555864252191e+01,9.400840730298434507e-04,-1.117582481516555789e-04,9.916428982108129730e-01,1.652766842054731455e-01,4.501773834443101134e-06,-5.351746183797947672e-07
2.080730052887651595e+02,3.467885224284799506e+01,9.445858468642865519e-04,-1.122934227700353736e-04,9.916670787498560458e-01,1.652726929852263993e-01,4.501753568566775957e-06,-5.351749047918157118e-07
2.090646723675150156e+02,3.484412493583322146e+01,9.490876004328533278e-04,-1.128285976748271893e-04,9.916454589415764076e-01,1.652801441577480546e-01,4.501826346495750066e-06,-5.351868339895169812e-07
2.100563178264565920e+02,3.500940507999096951e+01,9.535894267793490779e-04,-1.133637845088167063e-04,9.916696591620279833e-01,1.652761529333517387e-01,4.501899123128777318e-06,-5.351871204146161146e-07
2.110479874856186200e+02,3.517468123292432125e+01,9.580913259024778552e-04,-1.138989716292313224e-04,9.916785666177077019e-01,1.652797902364184779e-01,4.501878856124339780e-06,-5.351874068400269560e-07
2.120396660522363277e+02,3.533996102316073973e+01,9.625932047586021950e-04,-1.144341590360713494e-04,9.916874938149646823e-01,1.652796128610916071e-01,4.501951631446783446e-06,-5.351993361808293596e-07
2.130313535460512924e+02,3.550524063602183134e+01,9.670951563900489784e-04,-1.149693583722521787e-04,9.916964212280845459e-01,1.652832501518517461e-01,4.502024405917044204e-06,-5.351996226193048373e-07
2.140230499672793769e+02,3.567052388617368308e+01,9.715971807959660226e-04,-1.155045579948714836e-04,9.916900551881724368e-01,1.652830731817402921e-01,4.502004137784602726e-06,-5.351999090581055756e-07
2.150147400224675494e+02,3.583580695935542337e+01,9.760991849337506254e-04,-1.160397579039295892e-04,1.009983425235390087e+00,1.683384145499999818e-01,1.376520621743451429e-04,-4.893306818310712368e-05
2.160247234477029394e+02,3.600414537390542336e+01,1.113751247108095768e-03,-1.649728260870367128e-04,1.060627145074704458e+00,1.767971846559319715e-01,5.037260870380784808e-04,-1.819944486297671716e-04
2.170853505927776439e+02,3.618094255856135533e+01,1.617477334146174249e-03,-3.469672747168038845e-04,1.061263038565499528e+00,1.768974025963601093e-01,5.040751577037832880e-04,-1.821206766457948668e-04
2.181466136313431434e+02,3.635783996115771544e+01,2.121552491849957537e-03,-5.290879513625987513e-04,1.061928095765438229e+00,1.770280670732518047e-01,5.044158632056543363e-04,-1.822437872047075712e-04
2.192085417271085817e+02,3.653486802823096724e+01,2.625968355055611873e-03,-7.113317385673063225e-04,1.062577387674366491e+00,1.771433639582227215e-01,5.047525829999142087e-04,-1.823653743721720226e-04
2.202711191147829481e+02,3.671201139218918996e+01,3.130720938055526082e-03,-8.936971129394783451e-04,1.063227247560632804e+00,1.772622877811613762e-01,5.050901495072470000e-04,-1.824873483250076750e-04
2.213343463623435809e+02,3.688927367997035134e+01,3.635811087562773082e-03,-1.076184461264486020e-03,1.063877471865282587e+00,1.773772293753523854e-01,5.054276326223947069e-04,-1.826093363684871268e-04
2.223982238342088635e+02,3.706665090934570372e+01,4.141238720185167789e-03,-1.258793797632973147e-03,1.064528265524529616e+00,1.774996102761079442e-01,5.057659585958494339e-04,-1.827315717010137824e-04
2.234627520997333932e+02,3.724415051962181167e+01,4.647004678781017223e-03,-1.441525369333986929e-03,1.065179630373819464e+00,1.776103855687978239e-01,5.061051247984725207e-04,-1.828539612412419506e-04
2.245279317301072126e+02,3.742176090519060949e+01,5.153109803579489744e-03,-1.624379330575228880e-03,1.065831318945726025e+00,1.777324066697332228e-01,5.064440173203820991e-04,-1.829765984239120451e-04
2.255937630490529386e+02,3.759949331186034271e+01,5.659553820899871843e-03,-1.807355928999140925e-03,1.066483662959228695e+00,1.778504364546265037e-01,5.067841167409560185e-04,-1.830994834522428009e-04
2.266602467120121673e+02,3.777734374831496922e+01,6.166337937640827861e-03,-1.990455412451383726e-03,1.067136414307498171e+00,1.779682979910930385e-01,5.071243095279339558e-04,-1.832222431895113093e-04
2.277273831263196655e+02,3.795531204630606226e+01,6.673462247168761817e-03,-2.173677655640895035e-03,1.067789908388249387e+00,1.780859626882147495e-01,5.074660740083608915e-04,-1.833456243821741244e-04
2.287951730347079149e+02,3.813339800899427701e+01,7.180928321177122708e-03,-2.357023280023069160e-03,1.068443559140604293e+00,1.782034586154281897e-01,5.078068183238231698e-04,-1.834688805541543309e-04
2.298636165938485192e+02,3.831160146760970520e+01,7.688735139500945878e-03,-2.540492160577223490e-03,1.069097785348390062e+00,1.783207713101973013e-01,5.081483910418776312e-04,-1.835923851811749330e-04
2.309327143791969092e+02,3.848992223891990250e+01,8.196883530542823509e-03,-2.724084545758398423e-03,1.069752758637577017e+00,1.784417040434931323e-01,5.084915281368899281e-04,-1.837161384674198226e-04
2.320024671378344863e+02,3.866836394296339563e+01,8.705375058679713438e-03,-2.907800684225818246e-03,1.070392572329978975e+00,1.785624507719774101e-01,5.088340108074310142e-04,-1.838401406176705041e-04
2.330728597101644652e+02,3.884692639373537304e+01,9.214209069487144452e-03,-3.091640824843488750e-03,1.071063926944560762e+00,1.786792162726200672e-01,5.091780529793768495e-04,-1.839642049617337856e-04
2.341439236371090260e+02,3.902560561000799311e+01,9.723387122466521301e-03,-3.275605029805222536e-03,1.071704713942892795e+00,1.787957899538454853e-01,5.095214381065898274e-04,-1.840887053872700824e-04
2.352156283510519188e+02,3.920440139996183859e+01,1.023290856057311113e-02,-3.459693735192492618e-03,1.072361653019669347e+00,1.789198098750048871e-01,5.098663778625792120e-04,-1.842127075153410232e-04
2.362879900040715881e+02,3.938332120983684348e+01,1.074277493843569034e-02,-3.643906442707833641e-03,1.073019003052394282e+00,1.790360034481111029e-01,5.102113946779222864e-04,-1.843378938117495695e-04
2.373610090071239824e+02,3.956235721328495458e+01,1.125298633311361263e-02,-3.828244336519583211e-03,1.073661498520692703e+00,1.791558480237185336e-01,5.105572237783153472e-04,-1.844623950374795450e-04
2.384346705056446751e+02,3.974151306130867312e+01,1.176354355689192797e-02,-4.012706731557062756e-03,1.074335274006216423e+00,1.792792811863392899e-01,5.109031265719994608e-04,-1.845877070932658293e-04
2.395090057796508916e+02,3.992079234249501241e+01,1.227444668346392743e-02,-4.197294438650328585e-03,1.074978750310663145e+00,1.793949355351500685e-01,5.112498375337941325e-04,-1.847130822702283681e-04
2.405839845299615547e+02,4.010018727803016247e+01,1.278569652099772157e-02,-4.382007520920556953e-03,1.075622790021213859e+00,1.795180207593176647e-01,5.115973540422372873e-04,-1.848381464038366395e-04
2.416596073199827686e+02,4.027970529878948014e+01,1.329729387503995885e-02,-4.566845667324393593e-03,1.076298333720274059e+00,1.796370959523017063e-01,5.119456734755962329e-04,-1.849640221963672754e-04
2.427359056537030426e+02,4.045934239474178185e+01,1.380923954851555509e-02,-4.751809689520760868e-03,1.076943183148244998e+00,1.797559895967637544e-01,5.122933242862285491e-04,-1.850899615261853218e-04
2.438128488368512876e+02,4.063909838433854560e+01,1.432153287280178364e-02,-4.936899651046946190e-03,1.077604082248683426e+00,1.798784966529751728e-01,5.126417750388467809e-04,-1.852159644631177354e-04
2.448904529190999710e+02,4.081897688099152077e+01,1.483417464784063042e-02,-5.122115615510063925e-03,1.078250433425466781e+00,1.800008196440288089e-01,5.129924905360652015e-04,-1.853420310771822926e-04
2.459687033525254378e+02,4.099897770063554958e+01,1.534716713837669562e-02,-5.307457646587246218e-03,1.078912143254939338e+00,1.801191491154412461e-01,5.133410651408914366e-04,-1.854685360195163640e-04
2.470476154957803772e+02,4.117909684975099083e+01,1.586050820351758706e-02,-5.492926182606762582e-03,1.079574800024943215e+00,1.802410890579224656e-01,5.136919000057089957e-04,-1.855951049876455178e-04
2.481271902958053204e+02,4.135933793880891329e+01,1.637420010352329605e-02,-5.678521287594408100e-03,1.080222534497551123e+00,1.803666207809087041e-01,5.140435243373570051e-04,-1.857221127726897680e-04
2.492074128303028715e+02,4.153970455958982200e+01,1.688824362786065306e-02,-5.864243400367097868e-03,1.080870480870800066e+00,1.804843975598018346e-01,5.143944711102979572e-04,-1.858488101444000923e-04
2.502882833111736716e+02,4.172018895714962383e+01,1.740263809897095101e-02,-6.050092210511497960e-03,1.081550061678967722e+00,1.806057504694678073e-01,5.147462043757385086e-04,-1.859763214730539294e-04
2.513698333728526393e+02,4.190079470761909164e+01,1.791738430334668952e-02,-6.236068531984551890e-03,1.082183641034333732e+00,1.807269333178354032e-01,5.150987215179272938e-04,-1.861035226008124141e-04
2.524520170138869730e+02,4.208152164093692704e+01,1.843248302486461682e-02,-6.422172054585364304e-03,1.082864777351659313e+00,1.808479142901688874e-01,5.154534820681067053e-04,-1.862311633173798289e-04
2.535348817912386323e+02,4.226236955522709593e+01,1.894793650693272352e-02,-6.608403217902744133e-03,1.083499141534133514e+00,1.809724656348663530e-01,5.158060962155014417e-04,-1.863596190433101929e-04
2.546183809327727658e+02,4.244334202086196228e+01,1.946374260314822496e-02,-6.794762836946054325e-03,1.084165547916086325e+00,1.810968922557236738e-01,5.161609492942836885e-04,-1.864866395766186929e-04
2.557025464806888522e+02,4.262443891311768596e+01,1.997990355244250865e-02,-6.981249476522673018e-03,1.084832187863696618e+00,1.812172783660770392e-01,5.165151159046768581e-04,-1.866152255408622465e-04
2.567873786685525488e+02,4.280565619148376300e+01,2.049641866834718551e-02,-7.167864702063535265e-03,1.085483847196826446e+00,1.813374770632023569e-01,5.168700555799911334e-04,-1.867438770128222389e-04
2.578728625157493752e+02,4.298699366854696535e+01,2.101328872392717664e-02,-7.354608579076357504e-03,1.086136452784558060e+00,1.814650599983949064e-01,5.172272240838229895e-04,-1.868725940654064957e-04
2.589589989685339333e+02,4.316845872854536026e+01,2.153051594801099963e-02,-7.541481173141764000e-03,1.086804864158466444e+00,1.815849131990248111e-01,5.175837005425600046e-04,-1.870006259331270446e-04
2.600458038326923997e+02,4.335004364174438507e+01,2.204809964855355964e-02,-7.728481799074891044e-03,1.087458275399512786e+00,1.817082974107435689e-01,5.179409422287270526e-04,-1.871302250640348788e-04
2.611332621080919125e+02,4.353175193915512864e+01,2.256604059078228669e-02,-7.915612024138925923e-03,1.088111894067253616e+00,1.818314907873883612e-01,5.182974904193865529e-04,-1.872598904164007177e-04
2.622213740021591661e+02,4.371358342994251700e+01,2.308433808120167324e-02,-8.102871914555326641e-03,1.088782084516310533e+00,1.819583426953741423e-01,5.186562562373986385e-04,-1.873881195434169700e-04
2.633101560866754767e+02,4.389554177263789114e+01,2.360299433743907188e-02,-8.290260034098743611e-03,1.089437255141206151e+00,1.820773371788462214e-01,5.190157794504463018e-04,-1.875186683987107444e-04
2.643995933418166828e+02,4.407761910981673736e+01,2.412201011688951818e-02,-8.477778702497454355e-03,1.088967504881736659e+00,1.820923655505595207e-01,5.122565467872985945e-04,-1.850609755794652145e-04
2.654885608466984195e+02,4.425971147536729688e+01,2.463426666367681678e-02,-8.662839678076919570e-03,1.088071116617811640e+00,1.818890551488863139e-01,5.032058115125200015e-04,-1.817705564271954871e-04
2.665766319633162311e+02,4.444160053051618320e+01,2.513747247518933678e-02,-8.844610234504115057e-03,1.088660569846751969e+00,1.818667713014079368e-01,5.035409424033604475e-04,-1.818930688042875998e-04
2.676652925331629831e+02,4.462346730181759114e+01,2.564101341759269723e-02,-9.026503303308402656e-03,1.089314682491306030e+00,1.821014298175782642e-01,5.038826981523421289e-04,-1.820148900820231508e-04
2.687546072156542891e+02,4.480556873163516940e+01,2.614489611574503936e-02,-9.208518193390425807e-03,1.089967503813056737e+00,1.822224783442507601e-01,5.042180061182108264e-04,-1.821367718659785279e-04
2.698445747194673459e+02,4.498779120997942016e+01,2.664911412186325018e-02,-9.390654965256404335e-03,1.090622072374344498e+00,1.823394986270372442e-01,5.045584799626204320e-04,-1.822602186710587518e-04
2.709351967918416904e+02,4.517013070860645740e+01,2.715367260182587061e-02,-9.572915183927463087e-03,1.091245507325368180e+00,1.824639623265440491e-01,5.048983104773800690e-04,-1.823822222132270160e-04
2.720264422991670585e+02,4.535259467093300145e+01,2.765857091230325068e-02,-9.755297406140690103e-03,1.091901267756554716e+00,1.825844306998547495e-01,5.052403954987003121e-04,-1.825050389583707244e-04
2.731183435669236133e+02,4.553517910163285620e+01,2.816381130780195099e-02,-9.937802445099060827e-03,1.092525092548328303e+00,1.827046818200983580e-01,5.055789375290331567e-04,-1.826286695220044609e-04
2.742108686594719416e+02,4.571788378345295456e+01,2.866939024533098415e-02,-1.012043111462106529e-02,1.093181272113724845e+00,1.828247847085577860e-01,5.059197318758867912e-04,-1.827516089724541548e-04
2.753040499315856664e+02,4.590070856816151235e+01,2.917530997720687094e-02,-1.030318272359351944e-02,1.093807027582784031e+00,1.829447047107706226e-01,5.062627730510922686e-04,-1.828746097384068708e-04
2.763978569591684504e+02,4.608365327287228297e+01,2.968157275025796321e-02,-1.048605733333192631e-02,1.094432184324773516e+00,1.830681804109914879e-01,5.066022723487911827e-04,-1.829984249359754844e-04
2.774922891434932239e+02,4.626672145328327446e+01,3.018817502260675439e-02,-1.066905575826790180e-02,1.095090527888885390e+00,1.831914702778689730e-01,5.069469064329437669e-04,-1.831223019963818671e-04
2.785873796713821093e+02,4.644991292356114343e+01,3.069512192903969816e-02,-1.085217806026428367e-02,1.095749098669728028e+00,1.833108015095419319e-01,5.072908865981738680e-04,-1.832462409868639008e-04
2.796831287700518374e+02,4.663322372507068536e+01,3.120241281563787203e-02,-1.103542430125114757e-02,1.096375622536015726e+00,1.834299486033756921e-01,5.076313260072747024e-04,-1.833702419751920276e-04
2.807795043925878531e+02,4.681665367367406105e+01,3.171004414164514673e-02,-1.121879454322633959e-02,1.097004678205451000e+00,1.835564179344189029e-01,5.079797738818808694e-04,-1.834950586311109161e-04
2.818765090707933041e+02,4.700021009160847996e+01,3.221802391552702760e-02,-1.140228960185745051e-02,1.097663854636834913e+00,1.836789635476492322e-01,5.083217916096033351e-04,-1.836191840952142162e-04
2.829741729254301390e+02,4.718388905515612919e+01,3.272634570713663094e-02,-1.158590878595266473e-02,1.098293299235706399e+00,1.837975163849634441e-01,5.086689225475490850e-04,-1.837441256400066530e-04
2.840724662246658454e+02,4.736768657154109263e+01,3.323501462968418002e-02,-1.176965291159267138e-02,1.098922127754576650e+00,1.839234220177985435e-01,5.090125113059312811e-04,-1.838691298702392618e-04
2.851713883524204221e+02,4.755160999355889118e+01,3.374402714099011130e-02,-1.195352204146291064e-02,1.099584282230466670e+00,1.840416010448464590e-01,5.093612037661982006e-04,-1.839941968548187284e-04
2.862709726346508887e+02,4.773565159460373764e+01,3.425338834475630950e-02,-1.213751623831772937e-02,1.100214284757498717e+00,1.841708607512231310e-01,5.097063533399670554e-04,-1.841200809578735081e-04
2.873711869194083874e+02,4.791982245535496077e+01,3.476309469809627656e-02,-1.232163631927560288e-02,1.100877653899658526e+00,1.842887001902866473e-01,5.100565971059428660e-04,-1.842445195018235782e-04
2.884720645733080460e+02,4.810411115554524741e+01,3.527315129520221942e-02,-1.250588083877742646e-02,1.101508835940421704e+00,1.844137757381929532e-01,5.104032972819555480e-04,-1.843712843096426829e-04
2.895735734092484677e+02,4.828852493128344037e+01,3.578355459248417497e-02,-1.269025212308706914e-02,1.102140187732345566e+00,1.845387338403270405e-01,5.107493341289792710e-04,-1.844966035583865682e-04
2.906757135969808132e+02,4.847306366512376741e+01,3.629430392661315424e-02,-1.287474872664545571e-02,1.102804963676533134e+00,1.846596990006403871e-01,5.111004531088911285e-04,-1.846227407591473357e-04
2.917785185606573464e+02,4.865772336412440779e+01,3.680540437972204537e-02,-1.305937146740460304e-02,1.103438306913176348e+00,1.847842389298861576e-01,5.114509007208278835e-04,-1.847489415481625569e-04
2.928819568675705227e+02,4.884250760305429395e+01,3.731685528044287325e-02,-1.324412040895276560e-02,1.104071823838580713e+00,1.849085871308204787e-01,5.118006773514108265e-04,-1.848752059950987264e-04
2.939860286914091034e+02,4.902741619018511443e+01,3.782865595779428408e-02,-1.342899561494786433e-02,1.104737198894895300e+00,1.850326680304021920e-01,5.121497833881077932e-04,-1.850030447117997912e-04
2.950907658903039987e+02,4.921244885821551662e+01,3.834080574118239187e-02,-1.361399865965966412e-02,1.105372719544902793e+00,1.851567071973505563e-01,5.125039525426394738e-04,-1.851279264242135930e-04
2.961961386098489015e+02,4.939760556541286718e+01,3.885330969372503135e-02,-1.379912658608387771e-02,1.106007598112910273e+00,1.852803269796652330e-01,5.128545778742693573e-04,-1.852574044691746025e-04
2.973021462079618118e+02,4.958288589239253241e+01,3.936616427159930071e-02,-1.398438399055305231e-02,1.106642644258386099e+00,1.854077418621216111e-01,5.132045293744155745e-04,-1.853824139915558750e-04
2.984087888522201979e+02,4.976829363425465402e+01,3.987936880097371628e-02,-1.416976640454460819e-02,1.107311253057218892e+00,1.855309730042691285e-01,5.135595319371785705e-04,-1.855120216685685053e-04
2.995161001052774168e+02,4.995382460725892315e+01,4.039292833291089485e-02,-1.435527842621317669e-02,1.107948317405998750e+00,1.856541631267205616e-01,5.139138526329342649e-04,-1.856386712265796490e-04
3.006240484226834155e+02,5.013947877038564371e+01,4.090684218554382912e-02,-1.454091709743975634e-02,1.108585552997340073e+00,1.857808413227672872e-01,5.142674918548820195e-04,-1.857668971612970454e-04
3.017326339756807556e+02,5.032525961170841100e+01,4.142110967739871114e-02,-1.472668399460105339e-02,1.109254753945720040e+00,1.859036427765090593e-01,5.146204499979628588e-04,-1.858936756597255602e-04
3.028418887296264757e+02,5.051116325448492006e+01,4.193573012739667399e-02,-1.491257767026077895e-02,1.109862206352545400e+00,1.860336090617806803e-01,5.149784401934573430e-04,-1.860235440251413463e-04
3.039517509359790211e+02,5.069719686354670074e+01,4.245070856759013134e-02,-1.509860121428592029e-02,1.110532608897301543e+00,1.861559407568336155e-01,5.153328863807468685e-04,-1.861519653803701130e-04
3.050622835448763226e+02,5.088335280430353436e+01,4.296604145397087821e-02,-1.528475317966629041e-02,1.111172216231182119e+00,1.862819116262883767e-01,5.156895016913826124e-04,-1.862789386717078610e-04
3.061734557611075047e+02,5.106963471592982273e+01,4.348173095566226082e-02,-1.547103211833799827e-02,1.111843852086167317e+00,1.864112046086034979e-01,5.160454286861973494e-04,-1.864105173681601668e-04
3.072852996131936720e+02,5.125604592053842623e+01,4.399777638434845817e-02,-1.565744263570615843e-02,1.112451948108343913e+00,1.865330248719274664e-01,5.164006677661342470e-04,-1.865376214481642703e-04
3.083977515613020159e+02,5.144257894541035370e+01,4.451417705211459241e-02,-1.584398025715432270e-02,1.113125629799128546e+00,1.866619986197335379e-01,5.167609173460513405e-04,-1.866678185767321752e-04
3.095108771911011445e+02,5.162924094403008723e+01,4.503093796946064375e-02,-1.603064807573105488e-02,1.113735715189989151e+00,1.867870982049950612e-01,5.171204709802368349e-04,-1.867965676512900464e-04
3.106246129062911336e+02,5.181602804223508230e+01,4.554805844044088059e-02,-1.621744464338234493e-02,1.114409768261737099e+00,1.869156715951518777e-01,5.174793290713547433e-04,-1.869268971382807842e-04
3.117390226745528707e+02,5.200294371383023417e+01,4.606553776951223533e-02,-1.640437154052062571e-02,1.115052094515533554e+00,1.870403724403786327e-01,5.178374920247058588e-04,-1.870557781531410890e-04
3.128540747690684043e+02,5.218998408627061281e+01,4.658337526153694119e-02,-1.659142731867376680e-02,1.115727389982680506e+00,1.871684638625339403e-01,5.181978033593839794e-04,-1.871877556234094464e-04
3.139698021590510848e+02,5.237715255013314675e+01,4.710157306489632517e-02,-1.677861507429717625e-02,1.116339810854810821e+00,1.872927644447912598e-01,5.185602575878620057e-04,-1.873167694413785389e-04
3.150861419699058956e+02,5.256444531457793801e+01,4.762013332248418718e-02,-1.696593184373855479e-02,1.116984339027396800e+00,1.874242830783927616e-01,5.189220090571003419e-04,-1.874473651020010234e-04
3.162031263089332924e+02,5.275186959765633077e+01,4.813905533154128752e-02,-1.715337920884055581e-02,1.130451346455572548e+00,1.896484748830573608e-01,5.885220023614662344e-04,-2.127424087015571119e-04
3.173335776553888650e+02,5.294151807253938813e+01,4.872757733390275375e-02,-1.736612161754211292e-02,1.135429797558458631e+00,1.907115025201520098e-01,6.104758807734741999e-04,-2.207192254892950678e-04
3.184690074529473236e+02,5.313222957505954014e+01,4.933805321467622795e-02,-1.758684084303140799e-02,1.136266688964951754e+00,1.911018927430063741e-01,6.109596065025785228e-04,-2.208923381431318611e-04
3.196052741419122754e+02,5.332333146780254651e+01,4.994901282117880648e-02,-1.780773318117453985e-02,1.136913194092585400e+00,1.910346708238535030e-01,6.114478851811031013e-04,-2.210685892207846226e-04
3.207421873360048608e+02,5.351436613862640002e+01,5.056046070635990958e-02,-1.802880177039532447e-02,1.137661057406944565e+00,1.911878555733039775e-01,6.119520299955882869e-04,-2.212525342226330516e-04
3.218798483934118053e+02,5.370555399419970399e+01,5.117241273635549786e-02,-1.825005430461795752e-02,1.138442874154748097e+00,1.913407477898587672e-01,6.124606808240867784e-04,-2.214365905256442113e-04
3.230182912675665534e+02,5.389689474198956276e+01,5.178487341717958464e-02,-1.847149089514360173e-02,1.139226613309062941e+00,1.914971741584423626e-01,6.129738245874427616e-04,-2.216192400450942013e-04
3.241575178808756164e+02,5.408839191614800512e+01,5.239784724176702740e-02,-1.869311013518869594e-02,1.139976657816077932e+00,1.916493951069782042e-01,6.134801427603239765e-04,-2.218050372918001223e-04
3.252974945386916943e+02,5.428004131125498333e+01,5.301132738452735138e-02,-1.891491517248049606e-02,1.140728565855624765e+00,1.918051474037767434e-01,6.139909485181685445e-04,-2.219894283893436571e-04
3.264382231045473191e+02,5.447184645865876007e+01,5.362531833304551993e-02,-1.913690460086983972e-02,1.141514520920395626e+00,1.919643439210219071e-01,6.145062287811545176e-04,-2.221739313831780360e-04
3.275797376254677147e+02,5.466381080257978198e+01,5.423982456182667444e-02,-1.935907853225301775e-02,1.142298900435264386e+00,1.921156758498412387e-01,6.150146858458563348e-04,-2.223600660050395472e-04
3.287220365259029791e+02,5.485592647842962322e+01,5.485483924767253078e-02,-1.958143859825805730e-02,1.143054759479696258e+00,1.922742755615516330e-01,6.155332509160740817e-04,-2.225447939167152223e-04
3.298650912853826753e+02,5.504820075399117485e+01,5.547037249858860486e-02,-1.980398339217477252e-02,1.143808979749223909e+00,1.924286652206816939e-01,6.160449909236795363e-04,-2.227326746928916246e-04
3.310089002651318992e+02,5.524062941921185654e+01,5.608641748951228440e-02,-2.002671606686766415e-02,1.144597328328529784e+00,1.925866641672868695e-01,6.165611843525140023e-04,-2.229176288030994268e-04
3.321534975934604290e+02,5.543321608337914341e+01,5.670297867386479840e-02,-2.024963369567076357e-02,1.145353583009864451e+00,1.927441892126537937e-01,6.170761897018525732e-04,-2.231057374369391222e-04
3.332988511764702935e+02,5.562596027259179721e+01,5.732005486356665097e-02,-2.047273943310770269e-02,1.146144012567390291e+00,1.929014973796654431e-01,6.175956327288886771e-04,-2.232924396312306603e-04
3.344449951890376838e+02,5.581886176997146265e+01,5.793765049629553965e-02,-2.069603187273893335e-02,1.146902311473581904e+00,1.930585025686468725e-01,6.181138788824008801e-04,-2.234792557980168348e-04
3.355918975005112657e+02,5.601192027254010952e+01,5.855576437517794053e-02,-2.091951112853695019e-02,1.147662508289101879e+00,1.932151169862166284e-01,6.186365469704607767e-04,-2.236677080477075807e-04
3.367395600088003675e+02,5.620513538952632615e+01,5.917440092214840131e-02,-2.114317883658465777e-02,1.148453375451026659e+00,1.933714265964567858e-01,6.191523948817223566e-04,-2.238562755988784958e-04
3.378880133842513942e+02,5.639850681612278294e+01,5.979355331703012366e-02,-2.136703511218353627e-02,1.149215626723957939e+00,1.935311633249625629e-01,6.196782704553580046e-04,-2.240449586068914145e-04
3.390372290109753521e+02,5.659203797944774550e+01,6.041323158748548167e-02,-2.159108007079042768e-02,1.149977996700272342e+00,1.936905918629960865e-01,6.202029315804241660e-04,-2.242337572281039026e-04
3.401872070076756245e+02,5.678572857131074159e+01,6.103343451906590583e-02,-2.181531382801853158e-02,1.150771077068384329e+00,1.938459811746540140e-01,6.207207750078616582e-04,-2.244226716186931148e-04
3.413379780847440088e+02,5.697957455248539560e+01,6.165415529407376749e-02,-2.203973649963722470e-02,1.151535503389027326e+00,1.940084344726997756e-01,6.212486172786982341e-04,-2.246132255997353167e-04
3.424895135881330361e+02,5.717358298695809538e+01,6.227540391135246572e-02,-2.226434972523696001e-02,1.152300043302716404e+00,1.941669352702604101e-01,6.217752371545579027e-04,-2.248023726839493142e-04
3.436418136314357525e+02,5.736774992222835579e+01,6.289717914850702363e-02,-2.248915209792090933e-02,1.153064691158078858e+00,1.943250364343001024e-01,6.223006354720284072e-04,-2.249931603590486773e-04
3.447948783225938314e+02,5.756207495866265589e+01,6.351947978397905203e-02,-2.271414525827995801e-02,1.153863733697789939e+00,1.944827361716932046e-01,6.228304032216552821e-04,-2.251855901553335981e-04
3.459487420562916213e+02,5.775655769483434909e+01,6.414231018720070732e-02,-2.293933084843529160e-02,1.154628626297380833e+00,1.946477567653417395e-01,6.233533539815316882e-04,-2.253750884959188072e-04
3.471033706825890022e+02,5.795120545159969083e+01,6.476566354118223900e-02,-2.316470593693121041e-02,1.155399085129488412e+00,1.948049193335066320e-01,6.238918352628602948e-04,-2.255662289340765181e-04
3.482587697677184906e+02,5.814601037093319746e+01,6.538955537644509930e-02,-2.339027216586528693e-02,1.156166006231558185e+00,1.949654027830973746e-01,6.244179076143191454e-04,-2.257590130052625210e-04
3.494149357739500488e+02,5.834097577371629484e+01,6.601397328405941844e-02,-2.361603117887054945e-02,1.156967402595171279e+00,1.951292933703641097e-01,6.249483284009732520e-04,-2.259519161787217068e-04
3.505719031765452200e+02,5.853610506708665895e+01,6.663892161246039170e-02,-2.384198309504927116e-02,1.157705649261913550e+00,1.952855104206250303e-01,6.254830845359299341e-04,-2.261434122019095883e-04
3.517296088258071336e+02,5.873139057750728398e+01,6.726440469699632163e-02,-2.406812650725118075e-02,1.158509120419637384e+00,1.954523952827287303e-01,6.260165936917139184e-04,-2.263380801387770980e-04
3.528881179462267710e+02,5.892684297279001271e+01,6.789042129068803555e-02,-2.429446458738995784e-02,1.159281981740434730e+00,1.956116988141403112e-01,6.265544224759306280e-04,-2.265298144900618205e-04
3.540473999279672057e+02,5.912245467160415302e+01,6.851697571316396618e-02,-2.452099440188001966e-02,1.160054945959132056e+00,1.957704992479776251e-01,6.270909955373576983e-04,-2.267247224641034953e-04
3.552074548739263378e+02,5.931822517085213065e+01,6.914406670870132388e-02,-2.474771912434412316e-02,1.160828007316467847e+00,1.959364187211036779e-01,6.276263137403176318e-04,-2.269197513960694024e-04
3.563682828812428056e+02,5.951416158957323432e+01,6.977169302244164151e-02,-2.497463887574019256e-02,1.161601160064890337e+00,1.960984813964117279e-01,6.281603779539762789e-04,-2.271118451586846831e-04
3.575298840413076960e+02,5.971026007096964605e+01,7.039985340039561779e-02,-2.520175072089887724e-02,1.162378117105333786e+00,1.962598470619312252e-01,6.287042926264585496e-04,-2.273101721048560730e-04
3.586922621584130297e+02,5.990651991803157728e+01,7.102855769302207634e-02,-2.542906089300373332e-02,1.163155176644863786e+00,1.964249809446414474e-01,6.292469341083878343e-04,-2.275025072249817204e-04
3.598554173350578935e+02,6.010294489897621872e+01,7.165780462713046417e-02,-2.565656340022871504e-02,1.163963189648939078e+00,1.965858848841648410e-01,6.297827584727938577e-04,-2.276980202615686011e-04
3.610193805247068326e+02,6.029953078386038356e+01,7.228758738560325803e-02,-2.588426142049028364e-02,1.164709595434942457e+00,1.967537043584570711e-01,6.303284044971019240e-04,-2.278967141658531925e-04
3.621840901201417751e+02,6.049628448821884064e+01,7.291791579010035995e-02,-2.611215813465613683e-02,1.165488801916524153e+00,1.969139537314461563e-01,6.308727694866317348e-04,-2.280924723457831982e-04
3.633495789220582992e+02,6.069319844195028679e+01,7.354878855958699169e-02,-2.634025060700192003e-02,1.166268098850707702e+00,1.970775909416104810e-01,6.314158543256204181e-04,-2.282883526538576069e-04
3.645158470209090069e+02,6.089027603289189727e+01,7.418020441391261210e-02,-2.656853895965577764e-02,1.167080281070809633e+00,1.972444199103051687e-01,6.319576599032594721e-04,-2.284874164310765621e-04
3.656829273019798165e+02,6.108752045280220244e+01,7.481216207381587158e-02,-2.679702637608685420e-02,1.167830730978721476e+00,1.974073963707638768e-01,6.325092417611699602e-04,-2.286835428999822728e-04
3.668507580329585380e+02,6.128492784917296632e+01,7.544467131557704154e-02,-2.702570991898683647e-02,1.168612168291531361e+00,1.975737540886157717e-01,6.330540013377433661e-04,-2.288797920041510392e-04
3.680193702012500694e+02,6.148250160326158209e+01,7.607772531691478490e-02,-2.725458971099098751e-02,1.169397469495265796e+00,1.977393906966824488e-01,6.336085145033504284e-04,-2.290822904648728842e-04
3.691887676707453352e+02,6.168024099395826454e+01,7.671133383141813533e-02,-2.748367200145586040e-02,1.170148090649945516e+00,1.979050800166604063e-01,6.341562036837472549e-04,-2.292787881568031372e-04
3.703589157613952807e+02,6.187814607397492495e+01,7.734549003510188259e-02,-2.771295078961266353e-02,1.170964525885779040e+00,1.980702401628207099e-01,6.347025971075448414e-04,-2.294784736781296797e-04
3.715298802872810597e+02,6.207621631413774566e+01,7.798019263220942743e-02,-2.794242926329079321e-02,1.171751981829345368e+00,1.982350642420840359e-01,6.352587153358041361e-04,-2.296782846288036861e-04
3.727016322691104051e+02,6.227445137837982969e+01,7.861545134754523156e-02,-2.817210754791959690e-02,1.172506589321642423e+00,1.984069644949357780e-01,6.358135186202845679e-04,-2.298782211834528300e-04
3.738741388584320475e+02,6.247285834287476547e+01,7.925126486616551613e-02,-2.840198576910304973e-02,1.173294175836701925e+00,1.985674060622883985e-01,6.363670078711330946e-04,-2.300782835169719320e-04
3.750474330342687495e+02,6.267142574893705387e+01,7.988763187403664923e-02,-2.863206405262002166e-02,1.174081838088682161e+00,1.987347234058987056e-01,6.369191840045057562e-04,-2.302815393065392457e-04
3.762215148723574316e+02,6.287016047234295257e+01,8.052455105804115498e-02,-2.886234559192656091e-02,1.174873406944584531e+00,1.989095040674229153e-01,6.374810395653462969e-04,-2.304787869285458701e-04
3.773963882793020161e+02,6.306906997641037549e+01,8.116203209760650128e-02,-2.909282437885510678e-02,1.175663139364644394e+00,1.990687291677346593e-01,6.380360705167398283e-04,-2.306822965685156879e-04
3.785720514186666605e+02,6.326813870557811015e+01,8.180006816812324111e-02,-2.932350667542362246e-02,1.176419907124682140e+00,1.992424236918424185e-01,6.385897806057277970e-04,-2.308859348157214775e-04
3.797484713257913427e+02,6.346738112926995257e+01,8.243865794872896890e-02,-2.955439261023934394e-02,1.177215519722778936e+00,1.994085680963451068e-01,6.391586266446952491e-04,-2.310866315158692508e-04
3.809256868455141216e+02,6.366678969736629767e+01,8.307781657537366415e-02,-2.978547924175521319e-02,1.178007355814543189e+00,1.995741678289562060e-01,6.397151585483679126e-04,-2.312905260999469081e-04
3.821036942013286648e+02,6.386636386519525388e+01,8.371753173392203207e-02,-3.001676976785516010e-02,1.178768097853719610e+00,1.997470239915486445e-01,6.402758401446856373e-04,-2.314914780762733493e-04
3.832824622991823844e+02,6.406611088918680252e+01,8.435780757406671770e-02,-3.024826124593143345e-02,1.179597010515806232e+00,1.999191241084190551e-01,6.408406583384707034e-04,-2.316987021837649263e-04
3.844620593096981906e+02,6.426603001329522158e+01,8.499864823240518841e-02,-3.047995994811519838e-02,1.180328602995587062e+00,2.000838843446928195e-01,6.414096000320612667e-04,-2.318999115776786135e-04
3.856423879126937777e+02,6.446611389763991440e+01,8.564005783243724967e-02,-3.071185985969287699e-02,1.181157658517861364e+00,2.002554883838598698e-01,6.419717166329386160e-04,-2.321043224203060695e-04
3.868235455712116391e+02,6.466636938602377427e+01,8.628202954907018829e-02,-3.094396418211318306e-02,1.181922441593371786e+00,2.004265341908109122e-01,6.425379516008661307e-04,-2.323119377464905044e-04
3.880054680128050109e+02,6.486679592021458518e+01,8.692456750067105442e-02,-3.117627611985967356e-02,1.182722373216392953e+00,2.005902483472823405e-01,6.431082918392644343e-04,-2.325135346289697313e-04
3.891881903860214038e+02,6.506738616856186752e+01,8.756767579251031886e-02,-3.140878965448864329e-02,1.183487205428093603e+00,2.007679779944453458e-01,6.436718098351695838e-04,-2.327214116860029658e-04
3.903716775914494974e+02,6.526815414655631287e+01,8.821134760234548844e-02,-3.164151106617464626e-02,1.184289181391932289e+00,2.009379600371516972e-01,6.442448816789125843e-04,-2.329294213176402728e-04
3.915559667728414297e+02,6.546909210659346456e+01,8.885559248402440102e-02,-3.187444048749228653e-02,1.185091223458130116e+00,2.011077943135148871e-01,6.448165798606797505e-04,-2.331344862394613138e-04
3.927410579962995598e+02,6.567019990090697945e+01,8.950040906388508077e-02,-3.210757497373174785e-02,1.185862025045651080e+00,2.012772737358261566e-01,6.453923520024634763e-04,-2.333396819590022320e-04
3.939269200213452109e+02,6.587147717464280561e+01,9.014580141588754425e-02,-3.234091465569075008e-02,1.186630860144816779e+00,2.014535683965732460e-01,6.459612987176066579e-04,-2.335480875706660853e-04
3.951135508814900277e+02,6.607293074303937885e+01,9.079176271460515091e-02,-3.257446274326141616e-02,1.187436942013334829e+00,2.016221205463750721e-01,6.465397539211215072e-04,-2.337566265083121375e-04
3.963009878235033625e+02,6.627455286358575393e+01,9.143830246852627242e-02,-3.280821936976972830e-02,1.188241107598173585e+00,2.017976914158339241e-01,6.471113821235191521e-04,-2.339652989621215928e-04
3.974892289311015361e+02,6.647635055500158785e+01,9.208541385064979157e-02,-3.304218466873184989e-02,1.189015935462407469e+00,2.019728978366259753e-01,6.476924961367341860e-04,-2.341741051218801384e-04
3.986782448665639436e+02,6.667832345283821383e+01,9.273310634678652575e-02,-3.327635877385373003e-02,1.189790764288602531e+00,2.021405788230481448e-01,6.482722106504190673e-04,-2.343799633838586360e-04
3.998680356308525461e+02,6.688046403166126197e+01,9.338137855743694482e-02,-3.351073873723758867e-02,1.190596985961974497e+00,2.023148458660983806e-01,6.488451011017470904e-04,-2.345921185985880286e-04
4.010586326168145206e+02,6.708277887752736035e+01,9.403022365853869191e-02,-3.374533085583617670e-02,1.218822852377400068e+00,2.069381872527173982e-01,7.755899355426643105e-04,-2.806470904433977509e-04
4.022774554691919207e+02,6.728971706478007775e+01,9.480581359408135622e-02,-3.402597794627957445e-02,1.229756278537138314e+00,2.099615602134718984e-01,8.184766991769509836e-04,-2.962243426716248962e-04
4.035072117477290590e+02,6.749967862499354965e+01,9.562429029325830721e-02,-3.432220228895119934e-02,1.230872329373426055e+00,2.106447090251606369e-01,8.193715466841833273e-04,-2.965435083155595897e-04
4.047380840771024850e+02,6.771032333401871028e+01,9.644366183994249053e-02,-3.461874579726675893e-02,1.231588459480178699e+00,2.102288724465353198e-01,8.202690558582609315e-04,-2.968752764432661118e-04
4.059696725365826637e+02,6.792055220646524560e+01,9.726393089580075146e-02,-3.491562107371002505e-02,1.232591718643050172e+00,2.104601008766593395e-01,8.212178438061767949e-04,-2.972165751400218658e-04
4.072022642552257139e+02,6.813101230734190494e+01,9.808514873960692826e-02,-3.521283764885004691e-02,1.233594657876949441e+00,2.106906966934474212e-01,8.221637440010282072e-04,-2.975581520241604716e-04
4.084358589131026633e+02,6.834170300403535236e+01,9.890731248360795647e-02,-3.551039580087420738e-02,1.234638864172779904e+00,2.109277953331343269e-01,8.231283377801851264e-04,-2.979030964866402620e-04
4.096704977772754432e+02,6.855263079936848669e+01,9.973044082138814159e-02,-3.580829889736084765e-02,1.235641199107874399e+00,2.111640293797023560e-01,8.240684344857640564e-04,-2.982514127217450461e-04
4.109061389763833176e+02,6.876379482874818905e+01,1.005545092558739056e-01,-3.610655031008259269e-02,1.236651237872763431e+00,2.113927064741432105e-01,8.250271942920744950e-04,-2.985938327570644701e-04
4.121427902142560811e+02,6.897518753522233226e+01,1.013795364501659801e-01,-3.640514414283965716e-02,1.237664977306337732e+00,2.116276515832140603e-01,8.259937858879906614e-04,-2.989427163318167380e-04
4.133804551915624188e+02,6.918681518680554632e+01,1.022055302360539708e-01,-3.670408685917147390e-02,1.238678385239097679e+00,2.118619465455111595e-01,8.269574224051140510e-04,-2.992918862079405051e-04
4.146191335768015165e+02,6.939867713335105748e+01,1.030324876584590849e-01,-3.700337874537941441e-02,1.239687400843934029e+00,2.120955901664416388e-01,8.279073614645138246e-04,-2.996413429148386820e-04
4.158588209776454505e+02,6.961077272351749912e+01,1.038603950199235987e-01,-3.730302008829425309e-02,1.240741915557521224e+00,2.123361482606327399e-01,8.288865854202548400e-04,-2.999879925509180145e-04
4.170995628932029717e+02,6.982310887177813186e+01,1.046892816053438535e-01,-3.760300808084517110e-02,1.241724635389971354e+00,2.125682573408766984e-01,8.298520814900151032e-04,-3.003411180131781988e-04
4.183412875285929431e+02,7.003567712911900855e+01,1.055191336868338686e-01,-3.790334919885834930e-02,1.242744741309934398e+00,2.128070469326956982e-01,8.308253243499291729e-04,-3.006945346885059323e-04
4.195840322699028775e+02,7.024848417605170425e+01,1.063499590111837978e-01,-3.820404373354685523e-02,1.243802344218920553e+00,2.130527336102545632e-01,8.318062809812981628e-04,-3.010451458947821513e-04
4.208278346141217980e+02,7.046153690966195882e+01,1.071817652921650960e-01,-3.850508887944163738e-02,1.244787961220481520e+00,2.132826268728109653e-01,8.327735175586020722e-04,-3.014022429137577785e-04
4.220726225753422796e+02,7.067481953653476978e+01,1.080145388097236980e-01,-3.880649112235539516e-02,1.245815116636151743e+00,2.135196448582803441e-01,8.337591468328964250e-04,-3.017534373897790001e-04
4.233184376919784313e+02,7.088833918139305013e+01,1.088482979565565945e-01,-3.910824455974517416e-02,1.246841904396717382e+00,2.137628659160526468e-01,8.347417349898744732e-04,-3.021111225022660163e-04
4.245652795963751487e+02,7.110210204730910277e+01,1.096830396915464689e-01,-3.941035568224744018e-02,1.247872404044812811e+00,2.140056374010868012e-01,8.357319583268268959e-04,-3.024660033898521339e-04
4.258131520004199615e+02,7.131610768471018957e+01,1.105187716498732958e-01,-3.971282168563729231e-02,1.248898428150710060e+00,2.142401750268589922e-01,8.367084543980107814e-04,-3.028242806644917962e-04
4.270620504285706716e+02,7.153034785973704857e+01,1.113554801042713066e-01,-4.001564596630178411e-02,1.249902414663381478e+00,2.144884488002531953e-01,8.377138847262127763e-04,-3.031859586367507964e-04
4.283119528432340530e+02,7.174483630853730176e+01,1.121931939889975194e-01,-4.031883192493853491e-02,1.250931702327932271e+00,2.147218561166681638e-01,8.386949106081731387e-04,-3.035417302658244276e-04
4.295628845455619853e+02,7.195955816465396992e+01,1.130318888996056925e-01,-4.062237365520435933e-02,1.251972916375791556e+00,2.149687549749046411e-01,8.397047957756781367e-04,-3.039040075015139730e-04
4.308148574619377769e+02,7.217452691962887457e+01,1.138715936953813707e-01,-4.092627766270587331e-02,1.252971490908350916e+00,2.152149581309856785e-01,8.406902908563440580e-04,-3.042665870994984423e-04
4.320678289528461278e+02,7.238974187775986024e+01,1.147122839862377147e-01,-4.123054424980537175e-02,1.254015980859605861e+00,2.154533871041479642e-01,8.417045702473480162e-04,-3.046263630068282713e-04
4.333218449337057336e+02,7.260519526486400821e+01,1.155539885564850627e-01,-4.153517061281220002e-02,1.255051817450748786e+00,2.156979651044963475e-01,8.426944739696740072e-04,-3.049926547165002222e-04
4.345768967511564824e+02,7.282089322996850456e+01,1.163966830304547367e-01,-4.184016326752870024e-02,1.256065528506894680e+00,2.159493858236913866e-01,8.437130870242309788e-04,-3.053561448248878762e-04
4.358329622796633771e+02,7.303684261579219594e+01,1.172403961174789677e-01,-4.214551941235358812e-02,1.257074617892442348e+00,2.161854875805317988e-01,8.447179320695691329e-04,-3.057199395825327404e-04
4.370900368975558195e+02,7.325302810337272774e+01,1.180851140495485369e-01,-4.245123935193612086e-02,1.258159784216843491e+00,2.164350229969613792e-01,8.457408003764155247e-04,-3.060902604090920409e-04
4.383481966817726629e+02,7.346946312636968912e+01,1.189308548499249524e-01,-4.275732961234521290e-02,1.259133791406213732e+00,2.166843218779632707e-01,8.467393220232821704e-04,-3.064546700037862337e-04
4.396073304731788767e+02,7.368614744824765239e+01,1.197775941719482345e-01,-4.306378428234899913e-02,1.260192209111949069e+00,2.169251294552054787e-01,8.477769693375214466e-04,-3.068256106450867327e-04
4.408675226822908257e+02,7.390307257770285787e+01,1.206253711412857560e-01,-4.337060989299408587e-02,1.261203505322839646e+00,2.171800592693244880e-01,8.487797003592090217e-04,-3.071937507007557744e-04
4.421287261876136654e+02,7.412025263697218236e+01,1.214741508416449650e-01,-4.367780364369484164e-02,1.262265172632908161e+00,2.174194350764082628e-01,8.498214641244200562e-04,-3.075653154254454069e-04
4.433909913602465735e+02,7.433767207204859062e+01,1.223239723057693851e-01,-4.398536895912028705e-02,1.263283796034841089e+00,2.176799711879482402e-01,8.508388835750946289e-04,-3.079371940418948461e-04
4.446542751562814146e+02,7.455535204323653886e+01,1.231748111893444797e-01,-4.429330615316218189e-02,1.264306051953326460e+00,2.179179033587956837e-01,8.518636246271360513e-04,-3.083093871491804361e-04
4.459185812082347411e+02,7.477326994659533455e+01,1.240266748139716158e-01,-4.460161554031136233e-02,1.265370458406266607e+00,2.181767342321876413e-01,8.529061757217154538e-04,-3.086850124739901058e-04
4.471839516666410077e+02,7.499144668082752219e+01,1.248795809896933312e-01,-4.491030055278535243e-02,1.266400061639274099e+00,2.184204999288255067e-01,8.539454429809106850e-04,-3.090578382929018431e-04
4.484503517282802818e+02,7.520986718075634769e+01,1.257335264326742419e-01,-4.521935839107825428e-02,1.267424931346681660e+00,2.186778565679361463e-01,8.549709258123816547e-04,-3.094340994672789558e-04
4.497177766596269635e+02,7.542854503732428384e+01,1.265884973584866235e-01,-4.552879249054553323e-02,1.268461824886287559e+00,2.189271887126835736e-01,8.560246410738436840e-04,-3.098106804459710428e-04
4.509862384845132510e+02,7.564747222603696741e+01,1.274445219995604672e-01,-4.583860317099150428e-02,1.269493977058459677e+00,2.191828107824136396e-01,8.570645418120581560e-04,-3.101907028331130078e-04
4.522557324615717107e+02,7.586665503681938105e+01,1.283015865413725254e-01,-4.614879387382461728e-02,1.270529769477093396e+00,2.194306567290169596e-01,8.581116199572191849e-04,-3.105679272042555228e-04
4.535262622310488041e+02,7.608608569354839801e+01,1.291596981613297446e-01,-4.645936180102887281e-02,1.271564995160872513e+00,2.196847832635882014e-01,8.591553749791591699e-04,-3.109485961613964178e-04
4.547978272262096766e+02,7.630577047681198621e+01,1.300188535363089037e-01,-4.677031039719026922e-02,1.272608075608559375e+00,2.199454268169205307e-01,8.602167268877414230e-04,-3.113295903103482920e-04
4.560704353018182360e+02,7.652571590362890674e+01,1.308790702631966452e-01,-4.708163998750061752e-02,1.273650590703027774e+00,2.201907729920407064e-01,8.612747076353066689e-04,-3.117109102796708497e-04
4.573440858925212638e+02,7.674590667662094745e+01,1.317403449708319518e-01,-4.739335089778028837e-02,1.274692526158219152e+00,2.204569138859682198e-01,8.623293202138782032e-04,-3.120956825508544585e-04
4.586187784186794829e+02,7.696636359050691567e+01,1.326026742910458300e-01,-4.770544658033114283e-02,1.275738100227613359e+00,2.207077541976190105e-01,8.633909991353216906e-04,-3.124807848346941586e-04
4.598945165189070963e+02,7.718707134470453468e+01,1.334660652901811517e-01,-4.801792736516583698e-02,1.276787318124206649e+00,2.209650934987763549e-01,8.644597113887930728e-04,-3.128662177726837523e-04
4.611713038370313029e+02,7.740803643820331104e+01,1.343305250015699448e-01,-4.833079358293852074e-02,1.277801299267423474e+00,2.212216624891141237e-01,8.655250104937506350e-04,-3.132519820080170714e-04
4.624491051362987264e+02,7.762925810069242516e+01,1.351960500120636954e-01,-4.864404556494653781e-02,1.278888180111209749e+00,2.214847155546522117e-01,8.665973039505558972e-04,-3.136380781851855204e-04
4.637279933164099361e+02,7.785074281624707737e+01,1.360626473160142513e-01,-4.895768364313172333e-02,1.279909391646128825e+00,2.217392204704111691e-01,8.676765587484203124e-04,-3.140307684523016563e-04
4.650079027080560650e+02,7.807248203671748854e+01,1.369303238747626716e-01,-4.927171441158402498e-02,1.280929915807519137e+00,2.220007122646734388e-01,8.687523554777865087e-04,-3.144175343899671682e-04
4.662888326238635841e+02,7.829448274898216198e+01,1.377990762302404582e-01,-4.958613194597399215e-02,1.346795963554370701e+00,2.311739946176771809e-01,1.147432477412418939e-03,-4.156927588608097524e-04
4.676356285874179548e+02,7.852565674359983916e+01,1.389465087076528771e-01,-5.000182470483480190e-02,1.398198129291586156e+00,2.446815960826000946e-01,1.349732064811426380e-03,-4.891774183012412291e-04
4.690338267167095410e+02,7.877033833968243925e+01,1.402962407724643035e-01,-5.049100212313604313e-02,1.402634912603218709e+00,2.518946938776167599e-01,1.352775601927369564e-03,-4.902384898683026515e-04
4.704364616293127597e+02,7.902223303356005601e+01,1.416490163743916730e-01,-5.098124061300434579e-02,1.401963555843735776e+00,2.468074921130494204e-01,1.355163728901709330e-03,-4.911221592376960321e-04
4.718384251851564954e+02,7.926904052567310544e+01,1.430041801032933824e-01,-5.147236277224204182e-02,1.403685191354327344e+00,2.472346410669103989e-01,1.357952421076308314e-03,-4.921357198902909236e-04
4.732421103765108228e+02,7.951627516674001583e+01,1.443621325243696907e-01,-5.196449849213233274e-02,1.405414967792182779e+00,2.477245501110303394e-01,1.360758189886041025e-03,-4.931506587948428222e-04
4.746475253443030056e+02,7.976399971685104617e+01,1.457228907142557317e-01,-5.245764915092717556e-02,1.407183587553788584e+00,2.482042912632351772e-01,1.363570594372309763e-03,-4.941732649304045322e-04
4.760547089318567942e+02,8.001220400811428135e+01,1.470864613086280415e-01,-5.295182241585758010e-02,1.408894577252510771e+00,2.486883064235030361e-01,1.366410092805164789e-03,-4.952035551553796155e-04
4.774636035091093049e+02,8.026089231453778439e+01,1.484528714014332063e-01,-5.344702597101295971e-02,1.410644296564498745e+00,2.491631989518907631e-01,1.369255953887010824e-03,-4.962289647796533365e-04
4.788742478056738037e+02,8.051005551348967515e+01,1.498221273553202171e-01,-5.394325493579261305e-02,1.412397738734796349e+00,2.496562285236763046e-01,1.372108083319445448e-03,-4.972683676722558510e-04
4.802866455444086000e+02,8.075971174201335145e+01,1.511942354386396625e-01,-5.444052330346486890e-02,1.414163415734492446e+00,2.501318125717517660e-01,1.374986855131515862e-03,-4.983154963427716133e-04
4.817008089601430925e+02,8.100984355458510322e+01,1.525692222937711784e-01,-5.493883879980764051e-02,1.415866587044888547e+00,2.506270808317623278e-01,1.377881842484607322e-03,-4.993577675195329246e-04
4.831166755471879810e+02,8.126047063541686555e+01,1.539471041362557857e-01,-5.543819656732717344e-02,1.417678886739338395e+00,2.511192920924827376e-01,1.380782688957526982e-03,-5.004077800398326614e-04
4.845343544339273194e+02,8.151158992750934829e+01,1.553278868252133127e-01,-5.593860434736700610e-02,1.419393257766046190e+00,2.516084292611395767e-01,1.383699492309597989e-03,-5.014655511959634215e-04
4.859537476916933656e+02,8.176319835677048786e+01,1.567115863175229107e-01,-5.644006989856296952e-02,1.421150523416031319e+00,2.521016700931113519e-01,1.386632102121448940e-03,-5.025310983786113184e-04
4.873748982151093969e+02,8.201530002686359921e+01,1.580982184196443596e-01,-5.694260099694158084e-02,1.422946528061345361e+00,2.525995329101107245e-01,1.389570204439860568e-03,-5.035981261816355192e-04
4.887978447431707423e+02,8.226789955977370994e+01,1.594877886240842202e-01,-5.744619912312321636e-02,1.424687971436185308e+00,2.530948066570744004e-01,1.392544153672348184e-03,-5.046666394486476470e-04
4.902225327146069276e+02,8.252099436643078434e+01,1.608803327777565684e-01,-5.795086576257186400e-02,1.426463743054796396e+00,2.536007385817384829e-01,1.395513145274279720e-03,-5.057492815974604095e-04
4.916489964576617240e+02,8.277459510501252282e+01,1.622758459230308481e-01,-5.845661504416932441e-02,1.428211512301459152e+00,2.541040275602455267e-01,1.398497384332064719e-03,-5.068334381702482849e-04
4.930772079699631831e+02,8.302869913257276835e+01,1.636743433073629128e-01,-5.896344848233957270e-02,7.798404558502625150e-01,1.389463454745367699e-01,7.641133443180569973e-04,-2.769251187051124941e-04
